"","gene_hgnc","gene","logFC","logCPM","F","PValue","FDR","rank"
"4540","HMGB2","HMGB2",-0.468838721746629,8.27404421378642,38.3604261079249,1.9545352792721e-08,0.000253561861779969,-7.70895648616552
"7497","ODC1","ODC1",-0.505905044507442,7.53655314693547,25.9279004393894,2.06690631064491e-06,0.00670349389199912,-5.68467920875834
"4298","H1-10","H1FX",-0.726739736838983,4.51858354963544,23.2923044291413,5.98141221811846e-06,0.0129328101176085,-5.22319626649189
"1681","CD40LG","CD40LG",-0.280396944616903,7.74278696499032,22.3591552890827,8.77601609239054e-06,0.0162644652523689,-5.05670258907623
"9850","SLC16A6","SLC16A6",-0.546502222626843,4.15102129785244,19.9124041977087,2.44365694371557e-05,0.0263907916121545,-4.61195976320392
"8086","PLEKHF1","PLEKHF1",-0.549388074249996,4.71408838434761,19.5522935588003,2.84800032814433e-05,0.0263907916121545,-4.54545996499611
"12320","ZBTB45","ZBTB45",-0.580837549386628,3.19011271261215,18.7991341453653,3.93118808102691e-05,0.0339995353167747,-4.40547617759987
"11341","TNFSF14","TNFSF14",-0.566845088677356,3.10982466686165,19.1523988368968,5.07832860264788e-05,0.0411757231013444,-4.29427920072511
"6796","MTA1","MTA1",-0.65927027325602,3.40338060802766,16.8757105884314,9.07340669751586e-05,0.0653940583815963,-4.04222962229494
"11468","TRAPPC1","TRAPPC1",-0.306780254364254,6.30178128991039,16.7349303792788,9.65371856775153e-05,0.0659145741997056,-4.01530536620244
"12928","ZNRF1","ZNRF1",-0.875328478757482,2.67135169253246,16.3850961357859,0.000112669578353724,0.0696029733325169,-3.94819333095134
"11087","TLNRD1","MESDC1",-0.562619216756332,3.72328582208034,16.2745182336154,0.000118326379353361,0.0697749145159615,-3.92691842417616
"163","ACVR1","ACVR1",-0.405770840054524,5.26627895795921,14.7271266795862,0.00023659406126534,0.102311158559842,-3.62599616077344
"9319","RPS6KA4","RPS6KA4",-0.617052581428012,3.09949577779097,14.0297804158057,0.000324827283294687,0.124643054247312,-3.48834750009989
"2919","DUSP5","DUSP5",-0.674029620945055,5.19313514551816,13.8363703927555,0.000354865089368315,0.12787957789931,-3.44993672322341
"7744","PDCD1","PDCD1",-0.563547089319871,4.73432965843076,13.4902649523333,0.000415966397686289,0.135620295028249,-3.38094175083682
"5201","KLF11","KLF11",-0.507463883951686,4.56007340578956,13.4452012021795,0.000424684401387031,0.135620295028249,-3.37193369030658
"720","ARRDC2","ARRDC2",-0.515708097927006,6.58171275900533,13.0938614982267,0.000499454748956839,0.137860137408874,-3.30150385312083
"1970","CHPF","CHPF",-0.450385695244545,3.28365311414976,13.3336356665,0.000512218461005303,0.138437710304621,-3.2905447730596
"11507","TRIM32","TRIM32",-0.39874834226367,4.519754802385,12.7311163788144,0.00059099963983212,0.145138435162745,-3.22841278378705
"12945","ZSCAN21","ZSCAN21",-0.802957611374057,2.11126601208276,23.2758722851611,0.000592949746675826,0.145138435162745,-3.22698211214366
"7738","PCTP","PCTP",-0.532563865911234,2.91797124739272,13.5878427193088,0.000706438139762897,0.163653964056144,-3.1509258617501
"1676","CD3E","CD3E",-0.211877056934898,9.08449419207844,12.1280704466016,0.000783365454700937,0.167221921797454,-3.106035584133
"608","ARHGAP1","ARHGAP1",-0.239978005006781,6.64578097738096,11.9449137548634,0.000853793014103165,0.167221921797454,-3.06864740299759
"8279","PPDPF","PPDPF",-0.605386790846446,4.79197415608027,11.9261967087746,0.000861349142233541,0.167221921797454,-3.06482077443479
"12776","ZNF627","ZNF627",-0.384848039036245,4.31064460633839,11.8928065859927,0.000875000758634703,0.167221921797454,-3.05799157043972
"9930","SLC2A4RG","SLC2A4RG",-0.484730476663772,3.99742294087949,11.8821588877111,0.000879400914435094,0.167221921797454,-3.05581308711987
"1389","CALM3","CALM3",-0.227317037948733,7.03601215069097,11.7754715826835,0.000924771536743266,0.167221921797454,-3.0339655457332
"12245","YBX1","YBX1",-0.297067073474584,8.0482339118938,11.6896191085247,0.000963033793325343,0.167221921797454,-3.01635847300296
"11876","UMPS","UMPS",-0.325105394941601,4.84515868311595,11.6715580747787,0.000971289195198878,0.167221921797454,-3.01265144240969
"3246","ERI3","ERI3",-0.29613194063118,5.07260045743322,11.6058759673695,0.00100193279396399,0.167221921797454,-2.99916140839837
"5893","LOC541471","LOC541471",-0.364570906967824,4.35615551775895,11.4239686109739,0.00109212329973907,0.168197894815084,-2.96172832740655
"11826","UBQLN4","UBQLN4",-0.418258027366023,3.54903953730145,11.2587477544929,0.00118131028183651,0.169384735065844,-2.92763601602684
"4079","GOLGA7B","GOLGA7B",-0.45216855255775,3.40601374552663,11.2509936609098,0.0011856764341574,0.169384735065844,-2.92603381184213
"9998","SLC43A2","SLC43A2",-0.851658678296582,1.96204924348016,11.1998254017985,0.0012149093863716,0.169384735065844,-2.91545611257293
"3916","GCSH","GCSH",-0.500166268605391,2.91159171836335,11.8587173674342,0.0012405304652156,0.169384735065844,-2.90639256576294
"11146","TMEM119","TMEM119",-0.593622959106847,3.25194364319959,11.1336504386471,0.00125382420689633,0.169384735065844,-2.90176334973074
"4335","H3-3B","H3F3B",-0.262618611416503,10.9589282823779,11.0794620192252,0.0012866487518853,0.169384735065844,-2.89053999694806
"7998","PIM3","PIM3",-0.356017706306132,6.77970649183974,11.0240601773907,0.00132112768063564,0.169384735065844,-2.87905520788443
"7754","PDCD7","PDCD7",-0.314101084667677,4.24052287877184,10.9088658470755,0.00139591022461835,0.169384735065844,-2.85514251166027
"104","ACAT2","ACAT2",-0.206201044098707,5.19883004334369,10.8684379396005,0.00142318169445595,0.169384735065844,-2.84673965096116
"492","ANP32A","ANP32A",-0.287406392417181,6.24004493950052,10.8263226654106,0.00145217787879586,0.171264578378352,-2.83798018318966
"5988","LPCAT1","LPCAT1",-0.446856459987467,4.02914467006658,10.5524051507029,0.00165630190038169,0.181446560926628,-2.78086049984592
"5973","LOC93622","LOC93622",-0.369008231324171,4.92385658981553,10.5076652968819,0.00169236366855176,0.181446560926628,-2.77150630661943
"11733","TXNL4A","TXNL4A",-0.25757629861404,5.18917180330433,10.4273188562712,0.00175917916002361,0.184047026153115,-2.75468992845193
"3761","FRAT1","FRAT1",-0.513330677817934,2.8731440320895,10.3558152749567,0.00182093626760461,0.188231185978106,-2.73970525415676
"2485","DAAM1","DAAM1",-0.300341505906755,4.83241331603795,10.347580136894,0.00182819158507988,0.188231185978106,-2.7379782943882
"7188","NFU1","NFU1",-0.189902314780628,5.30932628318757,10.2369289012708,0.0019286318237173,0.196599183550825,-2.71475067136553
"7254","NME1","NME1",-0.326052519788862,4.26025552406469,10.1932666051978,0.00196982131580038,0.196599183550825,-2.70557316728077
"10702","SUSD1","SUSD1",-0.468210334715678,3.08361829033324,10.1855635009489,0.00197718214617403,0.196599183550825,-2.70395331984443
"12077","VSIR","C10orf54",-0.282486801698064,8.19189536234031,10.0914316915508,0.00206946677935263,0.197866920470919,-2.68414154083106
"5205","KLF2","KLF2",-0.387174510007041,7.82917035417511,10.0754372817913,0.00208558532791175,0.197866920470919,-2.68077203708972
"4221","GSKIP","C14orf129",-0.268358322883657,5.33296299361131,10.071038862554,0.00209004063589404,0.197866920470919,-2.67984526997843
"2376","CTNNBIP1","CTNNBIP1",-0.416119044677893,3.17463607660087,11.4590373404249,0.00216181440366594,0.197866920470919,-2.66518159388115
"8846","RASSF2","RASSF2",-0.251425618722918,6.01519010826072,9.96887723193792,0.0021963445950644,0.197866920470919,-2.65829952032657
"6270","MARCKSL1","MARCKSL1",-0.511693514211565,5.4739791091503,9.9642371230049,0.00220130377300521,0.197866920470919,-2.65732002203696
"1557","CCDC51","CCDC51",-0.501146019902662,2.76815500395104,10.5383397938225,0.00220495351864306,0.197866920470919,-2.65660056121183
"1417","CAPN15","SOLH",-0.460287552485504,3.18992684106046,9.94163070086599,0.00222563111316352,0.197866920470919,-2.65254681609898
"11605","TSPAN2","TSPAN2",-0.442231917253183,5.0594669461103,9.9223584868165,0.00224659027915275,0.197866920470919,-2.64847612461154
"12547","ZNF253","ZNF253",-0.361933970615762,4.33194745969503,9.9127236160525,0.00225714506923499,0.197866920470919,-2.64644052743372
"717","ARRB2","ARRB2",-0.32963053242137,6.2597994315586,9.89875703092036,0.00227253643863756,0.197866920470919,-2.64348914442179
"11873","ULK2","ULK2",-0.282945085020255,4.61249174375545,9.83317022092673,0.00234628159757732,0.201578219638216,-2.62961986564984
"1721","CDC23","CDC23",-0.245159893753772,5.10567795208429,9.66693705691339,0.00254451086884183,0.210254391729204,-2.59439568970405
"11916","UROS","UROS",-0.216973943882641,5.67995669132173,9.59257229593891,0.00263873375484877,0.213951831260332,-2.57860442737496
"12093","WAS","WAS",-0.335227358050471,4.40011007693265,9.5751488597744,0.00266132828898963,0.214443552130823,-2.57490154961146
"12651","ZNF442","ZNF442",-0.78347276852353,1.99711699291553,9.54759055201185,0.00269747594194711,0.214689296901103,-2.56904241998192
"12174","WDTC1","WDTC1",-0.369181941307981,3.45242305196818,9.49484974437213,0.0027680811160343,0.217169760030037,-2.55782118743424
"595","ARF6","ARF6",-0.213271682912271,7.91325570826325,9.48496526765583,0.00278152545239392,0.217169760030037,-2.55571696168625
"5900","LOC619207","LOC619207",-0.765131531717855,2.29087344332874,9.47466863115302,0.002795602399215,0.217169760030037,-2.55352459548202
"5252","KLRB1","KLRB1",-0.38742958999778,8.44104099798861,9.39066210727684,0.00291324758261581,0.221014975960672,-2.53562260524711
"4203","GRK6","GRK6",-0.337251999277472,6.42009715450311,9.30977236626468,0.00303138469086264,0.222927201792897,-2.51835894699837
"2098","CMPK1","CMPK1",-0.192657588610268,8.31828620483717,9.14230464188513,0.0032920311364096,0.237263999625788,-2.48253606583312
"10964","TFDP1","TFDP1",-0.311379798283719,5.26170381035878,9.09467255273153,0.00337033582054721,0.24156556132574,-2.47232682383361
"9968","SLC36A4","SLC36A4",-0.331947086092537,4.38897279543059,9.00586996802184,0.00352152664412082,0.246452714848707,-2.45326902135631
"429","ANK1","ANK1",-0.534241098453167,4.0558688255145,8.92851869850515,0.0036589558589399,0.247732501290823,-2.43664282974118
"9599","SEL1L3","SEL1L3",-0.217276543596527,5.89158779758196,8.9139103402101,0.00368552938789246,0.247732501290823,-2.43350012144738
"2260","CPPED1","CPPED1",-0.324492497852277,4.43638609373401,8.88281854241398,0.00374275658143287,0.248998877594506,-2.42680841728262
"7856","PFKFB3","PFKFB3",-0.512024784208935,5.51355525026217,8.83278016714695,0.00383680176511712,0.251388026761942,-2.41603063878442
"9642","SEPTIN9","SEPT9",-0.308587991196217,7.60399744919659,8.75861256336635,0.00398073544981249,0.255651532564254,-2.40003668363275
"1927","CHCHD10","CHCHD10",-0.404822915099096,3.67665291418372,8.74958438710664,0.00399863499392038,0.255651532564254,-2.39808823761719
"60","ABHD17A","FAM108A1",-0.376270428323398,4.2414718277637,8.73347789875245,0.00403077614069106,0.255651532564254,-2.3946113208155
"3149","EML3","EML3",-0.295615380265781,5.09838866926554,8.71414758965305,0.00406970518806019,0.255651532564254,-2.39043705019395
"8341","PPP2CB","PPP2CB",-0.391268596216424,3.19643420516421,8.84391652306689,0.00407728346437665,0.255651532564254,-2.38962909410705
"6559","MKI67","MKI67",-0.660344579816475,3.09169967315228,8.67854604109491,0.0041424281457659,0.255651532564254,-2.38274501608135
"1779","CDK8","CDK8",-0.43811130817141,3.1488867504414,8.64278409891002,0.0042168389762166,0.255651532564254,-2.37501298259334
"2889","DTL","DTL",-0.810084176018116,1.79067818268413,8.94787496284519,0.00424110220039416,0.255651532564254,-2.37252126195848
"447","ANKRD13A","ANKRD13A",-0.242842139030648,6.57933935767841,8.61631667821693,0.00427280388044356,0.255651532564254,-2.36928704062438
"11212","TMEM203","TMEM203",-0.247073499103574,4.7629501654304,8.57644973979253,0.00435856296453864,0.255651532564254,-2.36065667574137
"4134","GPR132","GPR132",-0.434404732509962,5.98777984113841,8.57499301802949,0.00436173023413016,0.255651532564254,-2.36034119832899
"10925","TEDC1","C14orf80",-0.463339350866833,2.88598002751377,8.56494415019259,0.00438364419623477,0.255651532564254,-2.35816470312833
"8222","POLR2J2","POLR2J2",-0.867163169218331,1.73315765832395,10.6852521822474,0.00439453416802811,0.255651532564254,-2.35708715448716
"12723","ZNF564","ZNF564",-0.27316275493438,5.96634194648344,8.48655950343486,0.00455855775846446,0.256328050411947,-2.34117253817194
"2606","DEAF1","DEAF1",-0.329297776214131,4.43030697518271,8.48474450196304,0.00456269277914793,0.256328050411947,-2.34077877269405
"5932","LOC653160","LOC653160",-0.339609346621369,3.68742619920242,8.46945537211699,0.00459768033064667,0.256328050411947,-2.33746122781715
"5476","LIX1L","LIX1L",-0.357021779794543,4.72860192709368,8.40248675055705,0.00475424928516315,0.260928054685174,-2.32291805013574
"10827","TATDN3","TATDN3",-0.200952291565463,5.00762661430371,8.38042017712854,0.00480704579278167,0.260928054685174,-2.3181217406844
"2017","CITED2","CITED2",-0.342305949022784,6.47786173633224,8.32578074317711,0.00494041679652994,0.263293516916879,-2.30623641042913
"9827","SLC10A3","SLC10A3",-0.375453833470749,5.40098936691665,8.31526715721181,0.00496651817108728,0.263293516916879,-2.30394797122849
"4760","IGFBP4","IGFBP4",-0.560130815723275,3.69947087724999,8.3047815720253,0.00499269291309274,0.263293516916879,-2.30166514539105
"10523","SSBP4","SSBP4",-0.405612290295186,4.76984046146406,8.28934300693677,0.00503149301797478,0.264265420737598,-2.29830312562885
"9014","RGS16","RGS16",-0.890551701365378,3.18403765539075,8.23958536772589,0.00515869204734099,0.26721017666982,-2.28746039694397
"10867","TBL2","TBL2",-0.340060148947047,3.97349227168639,8.18383450170973,0.00530519443716534,0.270183332358642,-2.27529869443172
"5429","LINC00200","LINC00200",-1.52068269385275,1.47191947200138,8.14824915630836,0.00540096350763165,0.270183332358642,-2.26752875708054
"8740","RAB5B","RAB5B",-0.285099939266802,6.3950176163457,7.97321220677179,0.00589892320596677,0.283404459360801,-2.22922725757589
"2658","DGUOK","DGUOK",-0.178080056920029,6.57548967776611,7.92000633763263,0.00605958390881628,0.284983442018802,-2.21755719634678
"4923","IRF2BPL","IRF2BPL",-0.37202645980361,4.38148581368743,7.90924288744923,0.00609263576637884,0.284983442018802,-2.21519478435379
"8781","RAD54B","RAD54B",-0.530894666042356,2.68092493399892,7.89749906537306,0.0061289123813494,0.284983442018802,-2.21261658725753
"12278","YWHAH","YWHAH",-0.384534890562559,5.74309874058921,7.76210357568159,0.00656377742992714,0.296222105726794,-2.18284615379099
"8840","RASGRP2","RASGRP2",-0.197918632044573,7.28661426660047,7.74758409419139,0.00661228307626975,0.296222105726794,-2.17964856226479
"12511","ZNF197","ZNF197",-0.321385013894645,3.81873376315553,7.68924271642324,0.00681098373593501,0.300545410644562,-2.1667901567754
"5790","LOC282997","LOC282997",-0.240537509550971,4.21607973769479,7.65787979644445,0.00692036300416342,0.300545410644562,-2.15987112424696
"11711","TVP23B","FAM18B1",-0.230635392561995,4.62508684459867,7.65459238925718,0.00693193349998126,0.300545410644562,-2.15914561224919
"12411","ZFP36L2","ZFP36L2",-0.241702319167095,11.2106616594207,7.64944297650359,0.00695009814178437,0.300545410644562,-2.15800906272867
"3699","FLNA","FLNA",-0.182310249829074,8.84567013445836,7.63511450357685,0.00700090369088117,0.30101837243635,-2.15484589675265
"4585","HOXA1","HOXA1",-0.837606746860494,1.69646829482319,7.87689444071641,0.00704251279863378,0.30101837243635,-2.15227235508113
"5036","KAT2A","KAT2A",-0.442816504600164,3.42760154451293,7.61968103170788,0.007056060684263,0.30101837243635,-2.15143769279585
"9834","SLC12A7","SLC12A7",-0.472681801134021,5.06228181403547,7.6099195405114,0.00709118058316366,0.30101837243635,-2.14928145479287
"10755","TAB1","TAB1",-0.229179144083809,4.26248775116753,7.5646678387912,0.00725638430023116,0.304405316683628,-2.13927972497633
"3668","FKBP8","FKBP8",-0.330491186573609,6.37180293643877,7.51433876736716,0.00744484803062241,0.308572445412036,-2.12814416294011
"8418","PRKAG1","PRKAG1",-0.217707052281807,5.12333235366311,7.50407360469531,0.0074839101524686,0.308572445412036,-2.1258714350311
"3297","EVC2","EVC2",-0.676971039517801,2.76328873627145,7.50119066922412,0.00749491902268639,0.308572445412036,-2.12523305503591
"12562","ZNF276","ZNF276",-0.191101944539414,5.4783722602808,7.50077553256199,0.0074965056677374,0.308572445412036,-2.12514112632237
"9740","SH3BP5L","SH3BP5L",-0.461929013232854,2.99680597883575,7.4855374612178,0.00755498844765371,0.308572445412036,-2.12176619540491
"7396","NTAN1","NTAN1",-0.168757399374748,5.24291543983462,7.43595582479914,0.00774859585174973,0.308572445412036,-2.11077699027907
"3129","ELP4","ELP4",-0.287529888025622,4.64257541656781,7.43086628698655,0.00776876045000223,0.308572445412036,-2.10964826983082
"2080","CLSPN","CLSPN",-0.48197412655467,2.51369093341213,11.3495673767863,0.00778598911701615,0.308572445412036,-2.1086862076591
"12722","ZNF563","ZNF563",-0.302226526135224,4.14855041541053,7.42450810893203,0.00779402831805423,0.308572445412036,-2.1082380206177
"3355","FABP5","FABP5",-0.304280635649616,3.85130728855902,7.42264409067641,0.00780145230817052,0.308572445412036,-2.10782454208991
"3384","FAM120AOS","FAM120AOS",-0.203309121920124,5.25604163511939,7.41765884846661,0.00782134375198862,0.308572445412036,-2.1067186262318
"1428","CAPZB","CAPZB",-0.170576494729446,8.64321027043581,7.41661649796142,0.00782550948435673,0.308572445412036,-2.10648737786563
"12331","ZC2HC1A","ZC2HC1A",-0.317887249970827,4.9129557146749,7.32622392493886,0.0081957164305162,0.316775143666815,-2.08641307647784
"9737","SH3BP1","SH3BP1",-0.344277963450067,3.52177460318591,7.30109225542606,0.0083018593100925,0.316775143666815,-2.08082463079467
"9847","SLC16A3","SLC16A3",-0.356637061886034,3.37205489724074,7.28611683984469,0.00836578900991836,0.316775143666815,-2.07749309277758
"8278","PPCS","PPCS",-0.199793572795774,6.55463997958743,7.28335787702404,0.00837762291904403,0.316775143666815,-2.07687919134457
"1003","BCL3","BCL3",-0.549451620503733,4.53963669062255,7.27934985971355,0.0083948454948158,0.316775143666815,-2.07598729254159
"2081","CLSTN1","CLSTN1",-0.308828597581204,6.33415917862963,7.27466258941076,0.00841503374796347,0.316775143666815,-2.07494413797397
"10653","STX5","STX5",-0.334512341625894,3.82397927449819,7.27253329787785,0.00842422142642807,0.316775143666815,-2.07447022646027
"8431","PRKCSH","PRKCSH",-0.157871829195469,6.18194022890742,7.2041219110613,0.00872505405142367,0.319373009547944,-2.05923187392038
"12389","ZEB1-AS1","ZEB1-AS1",-0.49574931710682,2.73055331275296,7.19870439285823,0.00874935160805665,0.319373009547944,-2.05802413023219
"6432","METTL23","METTL23",-0.198788727099967,6.9684146048579,7.19547914744423,0.00876385037810204,0.319373009547944,-2.05730504559323
"4026","GMIP","GMIP",-0.208976660354411,5.66116072114228,7.19248314912887,0.00877734107436064,0.319373009547944,-2.05663702528079
"246","AFAP1L2","AFAP1L2",-0.602750713533276,2.1476395859606,8.02960609721046,0.00879995120725512,0.319373009547944,-2.05551973585876
"10429","SPIN4","SPIN4",-0.503616985397501,2.40678022680612,8.5771660158723,0.00881334598151269,0.319373009547944,-2.05485918064238
"11584","TSC22D4","TSC22D4",-0.338052222237435,4.88614403412145,7.16390907956611,0.00890710271837269,0.321419458647602,-2.05026353929031
"11621","TSR3","C16orf42",-0.339765355285213,3.74118418781128,7.16122999608656,0.00891937139544722,0.321419458647602,-2.04966575202616
"9818","SLA","SLA",-0.251726634483876,7.75446522133346,7.14556856504952,0.00899144596180547,0.323119192416904,-2.04617046146626
"12682","ZNF502","ZNF502",-0.537695194288134,3.20074624721455,7.12827082685823,0.00907175849899788,0.325070623494238,-2.04230851973298
"11294","TMIGD2","TMIGD2",-0.389956388062376,3.42806849920672,7.10160229045264,0.00919705091763921,0.326885867272695,-2.03635140912367
"4541","HMGB3","HMGB3",-0.485036623914666,2.9516846338912,7.06960397537174,0.00934977364811418,0.329790432864234,-2.02919890298469
"9120","RNF139","RNF139",-0.244220673630996,7.34975004914441,7.01920459979394,0.00959571939962153,0.332848309548904,-2.01792246026421
"206","ADD1","ADD1",-0.185108983468332,5.97300041230174,6.99537927894202,0.00971433059193082,0.334281195674054,-2.01258712097743
"3713","FMNL1","FMNL1",-0.314299060871869,5.13471793367253,6.98686722093361,0.00975707750665756,0.334863932523462,-2.01068024511971
"12385","ZDHHC8","ZDHHC8",-0.347276012288986,3.62342876201239,6.95327096571559,0.00992772484787902,0.337104240726411,-2.00315026804274
"6246","MAPK3","MAPK3",-0.308090256207467,3.77927301292974,6.94388404109779,0.0099759600757437,0.337104240726411,-2.00104529759276
"3926","GDPD5","GDPD5",-0.477830819075083,4.72411580982801,6.94343672600612,0.00997826473745024,0.337104240726411,-2.00094497779826
"4043","GNB2","GNB2",-0.36403976526077,5.8712580543686,6.92785175904704,0.0100589104142032,0.337219660963027,-1.9974490597102
"6960","NAB1","NAB1",-0.378964394027518,5.11969931499359,6.89540065085448,0.0102290264940809,0.338523369152327,-1.99016569652896
"4016","GLUL","GLUL",-0.338839662010068,6.98518897586795,6.88769597763479,0.0102698564603104,0.33859885574254,-1.98843562640572
"7377","NSMCE3","NDNL2",-0.359136365566833,6.08314217271078,6.88512705973179,0.0102835079906391,0.33859885574254,-1.98785871013712
"3097","EIF6","EIF6",-0.156327097307372,6.26407059209778,6.85737585113227,0.0104321971646446,0.340898976868851,-1.98162421353048
"6213","MAP2K7","MAP2K7",-0.39771792858803,3.36813457371045,6.85118854473666,0.0104656539341291,0.341132986149389,-1.98023363009539
"5322","LAMTOR1","LAMTOR1",-0.153337593266627,6.27589853336473,6.83126243262593,0.0105741658862421,0.342311180134857,-1.97575388071789
"9092","RNASE4","RNASE4",-0.573944313208502,2.21527481978045,6.8182742617614,0.0106455289852323,0.342311180134857,-1.9728327532337
"12395","ZFAND3","ZFAND3",-0.354897900245229,4.61524205835851,6.79541134478064,0.0107723756064327,0.345061799363582,-1.96768851220843
"2104","CMTM7","CMTM7",-0.17671456507261,7.21439550556923,6.78219197695989,0.0108464392401523,0.346181662299431,-1.96471281224504
"5808","LOC284454","LOC284454",-0.578125352038513,3.1063524607228,6.76357359268415,0.0109516568263142,0.3473737017305,-1.960520173418
"10532","SSRP1","SSRP1",-0.265320294261301,4.95828104765911,6.71820977121262,0.0112125178324329,0.350720882367283,-1.95029685324363
"1493","CBX6","CBX6",-0.287137492350401,4.42567030927904,6.70232218803749,0.011305409226665,0.350720882367283,-1.9467137126936
"2424","CXCR6","CXCR6",-0.419155734516017,3.86125313756324,6.70063096793458,0.0113153447799365,0.350720882367283,-1.94633220850177
"6392","MED26","MED26",-0.429067865686288,3.47742895288449,6.69845927429097,0.0113281164207627,0.350720882367283,-1.94584229632141
"721","ARRDC3","ARRDC3",-0.498993732100025,8.26330249585459,6.69567190299427,0.0113445309590198,0.350720882367283,-1.94521345536481
"1696","CD7","CD7",-0.305720004338232,5.24502954709425,6.68174683452085,0.0114269080383422,0.351988561098655,-1.94207126772758
"5588","LOC100134229","LOC100134229",-0.397299692531764,2.80229192363476,6.82740323625514,0.011449870714841,0.351988561098655,-1.94119941709249
"710","ARPC2","ARPC2",-0.122395534703559,10.3364587128827,6.64674581116196,0.0116367429977827,0.35493376378362,-1.93416855714521
"10616","STMN1","STMN1",-0.326700525358162,5.82726233766344,6.64623041903243,0.0116398628069789,0.35493376378362,-1.9340521384596
"3461","FAM3C","FAM3C",-0.329447044078115,4.25977668603261,6.64371313840868,0.0116551131867588,0.35493376378362,-1.93348350454185
"1062","BLM","BLM",-0.316087639557852,3.87387200128316,6.63906721692305,0.011683314438869,0.354959340083014,-1.93243393476519
"5146","KIAA0930","KIAA0930",-0.571189488052886,2.16470211527496,11.641024850669,0.0118122204098431,0.358037232189007,-1.92766845792389
"325","AKAP8L","AKAP8L",-0.299933115422118,4.10716961446913,6.598977978327,0.0119296502822302,0.359079705594833,-1.9233722874884
"6819","MTHFD1L","MTHFD1L",-0.398093266202478,3.26462532738714,6.56471266613268,0.0121445122895126,0.363858563352995,-1.91561992130565
"9894","SLC25A33","SLC25A33",-0.338038891959195,4.23642418992423,6.55716053137361,0.0121924112535351,0.364412733214291,-1.91391039687974
"2496","DAPK2","DAPK2",-0.692249597245073,1.85919322484145,7.34274218834487,0.012351421793321,0.366373141632722,-1.90828304714497
"1401","CAMKK2","CAMKK2",-0.276609357938961,4.38856751203322,6.52138878852513,0.012421996102306,0.367085547688419,-1.90580861136057
"4651","HSPBP1","HSPBP1",-0.202537667584357,4.69873494584429,6.50582760212059,0.0125232785640316,0.369237483661776,-1.90228195899545
"7705","PCBP4","PCBP4",-0.195286810570032,4.45012933011288,6.63680052386494,0.0126285117828565,0.369280473798686,-1.8986478262123
"4835","IMPACT","IMPACT",-0.229758007160501,5.46359576913358,6.48826957882192,0.0126385978853478,0.369280473798686,-1.89830110361948
"2180","COMMD5","COMMD5",-0.244009432035544,4.56071538625636,6.47645041227341,0.0127168514295872,0.370731940665247,-1.8956204025257
"9831","SLC12A2","SLC12A2",-0.191190440684129,4.83335938508267,6.46093080357374,0.0128203774058951,0.371047407213849,-1.89209918988076
"4910","IQGAP2","IQGAP2",-0.173438408905301,7.40410366413829,6.449190226324,0.0128992816351997,0.371047407213849,-1.88943447501515
"3802","FUT4","FUT4",-0.457323869662672,2.5218816639442,9.32079247780424,0.0129826793053542,0.372450960644226,-1.88663567059787
"3666","FKBP5","FKBP5",-0.330334563896841,8.12212281191856,6.43350454994578,0.0130054948872145,0.372450960644226,-1.88587311730916
"11193","TMEM179B","TMEM179B",-0.20026859195396,6.15360411615024,6.42049355925564,0.0130942926601371,0.374167970660701,-1.88291795673446
"1220","C16orf54","C16orf54",-0.200768124316524,8.32269803384271,6.4155039674619,0.0131285142253655,0.374208302428505,-1.88178442092016
"6000","LRCH1","LRCH1",-0.194526237134175,4.50811909741887,8.31104639888363,0.013208744130707,0.374208302428505,-1.87913847254686
"7707","PCCB","PCCB",-0.210840759751623,4.51368277706764,6.40352091583607,0.0132110847538931,0.374208302428505,-1.87906152127355
"912","AVPI1","AVPI1",-0.39464869369434,3.87094405765118,6.39138927721229,0.0132952341572082,0.374954505916223,-1.8763040094202
"8032","PKM","PKM2",-0.178405192975973,8.68099655408315,6.38720538599686,0.0133243853460209,0.374961499119153,-1.87535281584648
"8847","RASSF3","RASSF3",-0.217875596312168,7.06189015550164,6.37542254517987,0.0134068429211369,0.376465309991145,-1.87267347892333
"9433","S1PR2","S1PR2",-0.303482003123844,4.31649686984976,6.3653915481614,0.0134774627092863,0.377630936776611,-1.87039186114456
"321","AKAP5","AKAP5",-0.393745689344476,2.77945512213257,7.37352336277944,0.0139585557977332,0.382034481780576,-1.85515951305389
"1814","CEBPB","CEBPB",-0.40997450130064,4.17448766008862,6.28207672738119,0.0140793134866431,0.383352515047904,-1.85141852106262
"5129","KHDRBS1","KHDRBS1",-0.223138809157897,7.42434290796298,6.27664941346952,0.0141194853372769,0.383352515047904,-1.85018113325973
"1179","C10orf88","C10orf88",-0.275620576443281,4.3789003328321,6.27176341871385,0.0141557533659493,0.383352515047904,-1.84906701263104
"3721","FNBP1","FNBP1",-0.220896005874111,8.2042778285039,6.26430124624633,0.0142113328193724,0.383352515047904,-1.8473651895634
"7636","PANK2","PANK2",-0.364021920784755,4.91735748252605,6.25581341618862,0.0142748300992744,0.383352515047904,-1.84542905207593
"8604","PTPA","PPP2R4",-0.204656052140594,5.56881605298742,6.25387739828022,0.0142893550783305,0.383352515047904,-1.84498737178585
"1629","CCR6","CCR6",-0.343405420048585,7.09022178380676,6.24973342292993,0.0143204974346907,0.383352515047904,-1.84404189617696
"5312","LAG3","LAG3",-0.442660366756468,2.69442522670964,6.24892847865504,0.0143265549248326,0.383352515047904,-1.8438582308875
"5471","LIPC","LIPC",-1.01227616120315,1.37384473076706,6.31842138182243,0.0143842786210271,0.383352515047904,-1.84211191331922
"8664","PYCR2","PYCR2",-0.249645142122463,5.58359080186262,6.23787019968781,0.0144100452403555,0.383352515047904,-1.84133465571579
"4688","ICMT","ICMT",-0.250121119658236,4.77342800194087,6.23650159205401,0.0144204137318567,0.383352515047904,-1.84102227922236
"633","ARHGDIB","ARHGDIB",-0.117694546737373,11.0582611324815,6.20915001288939,0.0146292785328763,0.386683226003639,-1.83477709129894
"3796","FURIN","FURIN",-0.430695824041772,4.03975637564274,6.20120226515317,0.0146905637130032,0.386683226003639,-1.83296153894429
"7346","NR4A1","NR4A1",-0.85934288069861,2.46766090216389,6.18574461460338,0.0148105312286284,0.386683226003639,-1.82942936379315
"3079","EIF4A3","EIF4A3",-0.220963806417838,5.92351115304154,6.18530416142,0.0148139646437839,0.386683226003639,-1.82932869620581
"9346","RRM2","RRM2",-0.53636883938364,2.98988666298964,6.16601259894675,0.0149651691383799,0.387253216913995,-1.82491837034066
"11654","TTC38","TTC38",-0.520527365389496,3.12657934821044,6.15217717204741,0.0150746068404816,0.387253216913995,-1.82175400583696
"8479","PRR14L","PRR14L",-0.177244661544863,5.67600752399181,6.14442931318109,0.0151362590156306,0.38806855377426,-1.81998144911772
"4942","ISOC1","ISOC1",-0.189782420873419,5.1018743234531,6.12074038336267,0.0153264078421258,0.390833589102204,-1.81455962186768
"1931","CHCHD5","CHCHD5",-0.201375887625517,4.38978821592103,7.95940447545023,0.0153344867689063,0.390833589102204,-1.81433075487301
"5266","KNSTRN","C15orf23",-0.365431617921616,3.00448384165135,6.10261748321139,0.0154735723883328,0.392067684753595,-1.8104094090264
"12168","WDR89","WDR89",-0.189031971054021,5.97099522092708,6.09595774874051,0.0155280242800347,0.392098583225395,-1.80888379854468
"12212","XKR6","XKR6",-0.692415526915959,1.81274826180757,9.76055531948137,0.0155513524588285,0.392098583225395,-1.80823183558475
"6691","MRPL23","MRPL23",-0.181295526782567,5.39538320133266,6.07196713583302,0.0157258535638499,0.393085738504479,-1.80338577271834
"4858","INPP4A","INPP4A",-0.235486016702811,5.93112066662207,6.06729413665018,0.0157646949077518,0.393298821227432,-1.80231442968372
"5430","LINC00239","LINC00239",-0.420585401133105,2.68983920356694,6.0565884086946,0.0158540600957468,0.393576190532966,-1.79985949992074
"11913","URI1","URI1",-0.22676796375875,5.42088696281705,6.04862941425726,0.015920842145287,0.393576190532966,-1.79803396364748
"9426","S100A6","S100A6",-0.154459479909395,8.90901442829716,6.04108927557797,0.0159843824804532,0.393576190532966,-1.79630413702832
"5521","LOC100128822","LOC100128822",-0.415377160907534,2.67704916245698,6.28330457295955,0.0159881794812975,0.393576190532966,-1.79620098504919
"1829","CENPB","CENPB",-0.425852685435745,2.58729023715487,8.23783292043048,0.0161665947389794,0.395413115189674,-1.79138144835661
"496","ANTKMT","FAM173A",-0.342793563127713,3.10970344602478,6.03153282931606,0.0163505488451778,0.39824360142141,-1.78646766462868
"4975","ITPA","ITPA",-0.216682568119016,5.52289931738817,5.97544987619592,0.016548915825203,0.400539337687235,-1.78123045303962
"1963","CHMP5","CHMP5",-0.150450588027517,5.95815437959588,5.93043237126541,0.0169481846555196,0.404170587382456,-1.77087681287754
"8631","PTRHD1","PTRHD1",-0.171669085333518,4.97914032767748,5.90622771779027,0.0171670376598295,0.405196255855487,-1.76530464013231
"9274","RPP25L","C9orf23",-0.276666922538745,4.01988764984074,5.90577299847697,0.0171711774716675,0.405196255855487,-1.76519992313178
"6863","MTX1","MTX1",-0.180371643208051,4.60655444513721,5.89427569221869,0.0172761999682285,0.405362663041527,-1.762551777732
"2506","DBI","DBI",-0.14137841883662,6.84115303641389,5.89052153358441,0.0173106386591387,0.405362663041527,-1.76168690895747
"1606","CCNF","CCNF",-0.399908649757957,2.73189467917673,5.87951708594045,0.0174120046159261,0.405890928801926,-1.75915122638307
"11704","TULP3","TULP3",-0.256221165118825,3.86222079682403,5.86200804985202,0.0175745764460893,0.407862218667472,-1.75511513284258
"5557","LOC100131176","LOC100131176",-0.335289053411113,5.03972421283164,5.84539593210042,0.017730297851391,0.410741346475171,-1.75128396862192
"10340","SOCS1","SOCS1",-0.498089217374325,4.97623061814983,5.8380373253509,0.0177997407434237,0.410882627516789,-1.74958632322596
"1982","CHST11","CHST11",-0.404517334448335,6.10957866248069,5.81428207815383,0.018025879047295,0.412060372582941,-1.74410354735301
"10473","SRD5A1","SRD5A1",-0.330361922075906,3.57470008880722,5.8072154667383,0.0180937319731227,0.412060372582941,-1.74247184728206
"9338","RRAGB","RRAGB",-0.2033510498086,4.33643239053548,5.79265520913759,0.0182343875726797,0.413557185280373,-1.73910881849071
"1628","CCR5","CCR5",-0.468137028027775,3.15802748416258,5.77825945266647,0.0183745865348321,0.414692161358288,-1.73578242463349
"174","ADAM12","ADAM12",-0.550915011899737,3.01129336445424,5.77800760497257,0.0183770493370974,0.414692161358288,-1.73572421871095
"7180","NFKBIA","NFKBIA",-0.251148951625503,8.81609380126879,5.77220516264647,0.0184338874307587,0.414692161358288,-1.73438306892106
"5242","KLHL42","KLHDC5",-0.214943917416453,4.4541927128991,5.76801901826534,0.0184750079622078,0.414692161358288,-1.73341536576441
"5163","KIF11","KIF11",-0.421407988983954,3.19700448715838,5.7299731937254,0.0188531923880312,0.418089405172253,-1.72461510067741
"908","AUTS2","AUTS2",-0.416260106428728,3.94501882026203,5.71400735744987,0.0190143181262337,0.418089405172253,-1.72091924423735
"676","ARL4C","ARL4C",-0.259554497129763,8.87703818965156,5.68796828415535,0.0192802228674514,0.421776223015031,-1.71488795022858
"2269","CPT2","CPT2",-0.2039873937861,4.82646838101645,5.66398137512116,0.0195286406569706,0.422975557570532,-1.70932798588382
"7379","NSMF","NELF",-0.298289468196281,3.4561002740248,5.6638534522652,0.0195299744842942,0.422975557570532,-1.70929832411294
"11149","TMEM121","TMEM121",-0.474860172149676,2.45353897427745,5.6562045059785,0.0196099034069627,0.423745342374744,-1.70752454554315
"9420","S100A10","S100A10",-0.14986667847524,9.1673634475102,5.65420590510446,0.0196308448907131,0.423745342374744,-1.70706100842454
"501","ANXA2","ANXA2",-0.205458347784829,7.76495177433361,5.64050125281777,0.0197750798746141,0.425442970503099,-1.70388175364399
"9726","SH2B1","SH2B1",-0.26131097137992,3.81010115633775,5.6364328479741,0.019818112669031,0.425662873601554,-1.70293770688673
"6768","MSC","MSC",-0.490557331549333,3.47826389030744,5.62691545525434,0.019919167250711,0.425872358347672,-1.70072882183505
"12742","ZNF584","ZNF584",-0.395917728228718,2.82876889547594,5.62038413873075,0.0199888303040389,0.425872358347672,-1.69921261895664
"6928","MYOM2","MYOM2",-0.95685591004906,4.01806230874344,5.61425622339847,0.0200544243102703,0.425872358347672,-1.6977898005216
"10640","STUB1","STUB1",-0.386746859307029,4.33454198261749,5.61324395401454,0.0200652816016397,0.425872358347672,-1.69755474088005
"7611","PACSIN2","PACSIN2",-0.184699651604139,4.96702171800382,5.61089621029202,0.0200904866498709,0.425872358347672,-1.69700954325206
"6563","MKNK2","MKNK2",-0.224768447758353,5.19508064607698,5.58708893149739,0.0203479726135017,0.427581266236286,-1.69147885556069
"7777","PDHB","PDHB",-0.168074998412548,6.5332082093424,5.58658706636294,0.0203534378149832,0.427581266236286,-1.69136222535868
"12847","ZNF761","ZNF761",-0.283498117065931,3.81002494336189,5.58147423867168,0.0204092037107673,0.427581266236286,-1.69017393946649
"3176","ENSA","ENSA",-0.123174592502702,6.70271853227306,5.57856337419817,0.020441024652227,0.427581266236286,-1.68949733800628
"8440","PRKX","PRKX",-0.346823372141716,6.368817751443,5.57050332938015,0.0205294087236676,0.427581266236286,-1.68762355875149
"1422","CAPNS1","CAPNS1",-0.213331935999666,5.19438658761734,5.56835916629162,0.0205529888101759,0.427581266236286,-1.68712501420722
"5945","LOC728613","LOC728613",-0.40281350113115,3.02738438674175,5.55258291285217,0.0207273666246918,0.427581266236286,-1.68345587074801
"6244","MAPK14","MAPK14",-0.240181492276805,5.33533525850911,5.5497562310763,0.020758775007342,0.427581266236286,-1.68279827814769
"9101","RNASET2","RNASET2",-0.166824490620801,8.66288013499295,5.54877510641892,0.0207696884095204,0.427581266236286,-1.68257001877742
"4182","GRAMD4","GRAMD4",-0.453229901882093,2.3692942196311,10.9735869698649,0.0208470953093994,0.427581266236286,-1.68095444807531
"1339","C7orf50","C7orf50",-0.262798951659615,5.49496143626127,5.54164995539836,0.0208491258793127,0.427581266236286,-1.68091214854389
"12902","ZNF844","ZNF844",-0.531390150540818,3.47316486481862,5.5171010925346,0.0211252825892497,0.427581266236286,-1.67519747285728
"10455","SPSB1","SPSB1",-0.447402913342179,3.43366530022609,5.51471630666776,0.0211523146492503,0.427581266236286,-1.67464210184003
"8244","POMGNT1","POMGNT1",-0.292699020185368,4.27125496358873,5.50512428484707,0.0212614115798707,0.427581266236286,-1.67240790533493
"10938","TEPSIN","C17orf56",-0.315503692838669,3.12353465654907,5.89379898799478,0.0212622671809806,0.427581266236286,-1.6723904288206
"1984","CHST14","CHST14",-0.558613449244541,2.01202737782711,8.87443926743221,0.0212761577661383,0.427581266236286,-1.67210679797595
"8009","PIP5K1C","PIP5K1C",-0.321887802985674,3.93364583946575,5.50216260409299,0.0212952167757936,0.427581266236286,-1.67171793464392
"12007","VASP","VASP",-0.264226495752613,4.62983423836282,5.48938096515244,0.0214417610082045,0.429009986677617,-1.66873954898213
"11884","UNC93B1","UNC93B1",-0.544148924446743,3.08750974189579,5.48761657046086,0.0214620736417,0.429009986677617,-1.6683283192927
"6238","MAP7D1","MAP7D1",-0.419580859483637,5.25240110148101,5.48103614676892,0.0215380102706319,0.429606150884216,-1.66679442027661
"2905","DUSP1","DUSP1",-0.309671212832639,9.65229551213232,5.47856920200315,0.0215665513237345,0.429606150884216,-1.66621929675264
"9062","RING1","RING1",-0.267517281080962,3.79687953548872,5.47643765792956,0.0215912441514306,0.429606150884216,-1.66572233161051
"8351","PPP2R5C","PPP2R5C",-0.138466593112142,8.3179429336199,5.47160201876975,0.0216473732517917,0.430063358645474,-1.66459479452827
"1923","CHAF1A","CHAF1A",-0.340609138991731,3.34867121802177,5.45047943509466,0.0218943636094568,0.433216774499206,-1.65966767366975
"11738","TYMP","TYMP",-0.462954271948533,4.66151784726223,5.44424714575527,0.0219678061807534,0.433216774499206,-1.65821331181711
"11435","TPRG1L","TPRG1L",-0.238958069293356,4.23346283321295,5.44237966531722,0.021989863577696,0.433216774499206,-1.65777746493833
"11852","UCP2","UCP2",-0.274156100666329,9.50128311510037,5.43827569890092,0.0220384190355452,0.433216774499206,-1.6568195635755
"8825","RARG","RARG",-0.292703231981193,4.11782668279167,5.42568771517364,0.0221880594943379,0.434566988862277,-1.6538806782886
"1476","CBFB","CBFB",-0.182010054662856,6.55733697893394,5.41512842090282,0.0223144114814978,0.434566988862277,-1.65141456272031
"6669","MRM2","FTSJ2",-0.216849312800016,4.44890948867972,5.41259714729808,0.0223448133707419,0.434566988862277,-1.65082326832049
"11583","TSC22D3","TSC22D3",-0.260744969002376,10.64690152932,5.40936888960041,0.0223836498967202,0.434566988862277,-1.65006909561099
"10613","STK39","STK39",-0.275366581605817,4.41234142961582,5.40440318248339,0.0224435275216007,0.434566988862277,-1.64890888258672
"7251","NLRX1","NLRX1",-0.386797393888123,2.69936945868236,5.80361881803884,0.0224991223855844,0.434994209699234,-1.64783442191225
"7183","NFKBIE","NFKBIE",-0.462508944533062,3.40509741901052,5.39573038822759,0.0225485122860045,0.435300371854667,-1.64688210688105
"12410","ZFP36L1","ZFP36L1",-0.171074359647552,8.32689609474252,5.38665735170229,0.0226588975375363,0.435880273157296,-1.64476122443785
"1653","CD151","CD151",-0.353616400026283,3.64137932679703,5.38086544112917,0.0227296621169217,0.435880273157296,-1.6434070201416
"6859","MTSS1","MTSS1",-0.211570037861774,5.67393444344335,5.37807001933319,0.0227638996251115,0.435880273157296,-1.6427533380328
"11853","UCP3","UCP3",-0.628478496575617,1.84045324447281,8.62831703884445,0.0231683945202655,0.438619987145976,-1.63510406008777
"4136","GPR137B","GPR137B",-0.275224601823891,3.86419922606052,5.34081890811035,0.023225379149575,0.438619987145976,-1.63403718750766
"11345","TNIP1","TNIP1",-0.234098486554385,6.36379670312826,5.33819157994467,0.0232582985364375,0.438619987145976,-1.63342205930938
"2809","DNM2","DNM2",-0.218051499402838,5.67454437061155,5.32689111484127,0.0234004522658245,0.439533045245109,-1.63077574880123
"11399","TOX2","TOX2",-0.430276584355422,2.77344848216068,5.32333497597194,0.0234453763439155,0.439533045245109,-1.6299427915976
"9688","SF3A2","SF3A2",-0.348398823042537,4.54618109967338,5.31674675186682,0.0235288453427777,0.44046134290311,-1.62839938491766
"5152","KIAA1324L","KIAA1324L",-0.419346098254625,3.79713134640407,5.31311568011566,0.0235749831770194,0.440689130771574,-1.62754860850072
"9459","SAP30","SAP30",-0.454650330685598,2.30717390513557,6.87337964315461,0.0239387681436767,0.442217491893371,-1.62089820155569
"2365","CTCF","CTCF",-0.173896752283641,5.67360422295613,5.26626389406935,0.0241789578758853,0.442217491893371,-1.61656242136217
"12716","ZNF555","ZNF555",-0.304443887833451,3.17036216832258,5.33489235457426,0.0242051568824138,0.442217491893371,-1.61609209819368
"6474","MGAT5","MGAT5",-0.218285754260019,5.427792079295,5.26087167722448,0.0242495128576944,0.442217491893371,-1.61529698140564
"8620","PTPRA","PTPRA",-0.218835733298672,6.44915370609765,5.25954847289943,0.024266859710478,0.442217491893371,-1.61498642056342
"3730","FNTA","FNTA",-0.167634924946551,6.75571319981217,5.25629444559527,0.0243095749936431,0.442217491893371,-1.61422263389747
"2520","DCAF4","DCAF4",-0.22970302532252,4.07954420859845,5.25293725886002,0.0243537278160787,0.442217491893371,-1.61343455206583
"1842","CENPQ","CENPQ",-0.380622763960569,2.89040649404598,5.24949503563449,0.0243990871177779,0.442217491893371,-1.61262642231407
"6152","MAF","MAF",-0.238752436932761,6.90262144326973,5.24338803734292,0.0244797811307259,0.4429235712816,-1.61119246945715
"11684","TUBA4A","TUBA4A",-0.190324536077908,7.44995454385698,5.22010269578909,0.0247900593948797,0.447912869818628,-1.60572243269819
"6507","MID1IP1","MID1IP1",-0.33206065900257,2.99187794988232,5.20895419836936,0.0249400844016212,0.449371826308656,-1.60310208112627
"3360","FAF1","FAF1",-0.25694478167608,5.4091581005075,5.18662693614222,0.0252434387344798,0.454206838699593,-1.59785148454338
"6781","MSRB1","SEPX1",-0.2637611459845,3.87280018436297,5.17753921291701,0.0253680273681687,0.454749467190808,-1.5957133024443
"8485","PRR7","PRR7",-0.307432636514466,3.3708241140156,5.17287211726237,0.0254322640297247,0.454749467190808,-1.59461497636187
"289","AHCYL1","AHCYL1",-0.293409525595155,4.04484587545513,5.17230605165244,0.0254400669087149,0.454749467190808,-1.59448175080478
"2793","DNAJC5","DNAJC5",-0.229520927427469,5.22024805251045,5.17166807774602,0.0254488640391988,0.454749467190808,-1.59433159849493
"2296","CRIP1","CRIP1",-0.244608651936445,9.0718866478348,5.16766198124547,0.0255041784490903,0.455111013782734,-1.59338866157695
"6292","MAZ","MAZ",-0.18600667052358,5.31088723467649,5.16242127392579,0.0255767320867032,0.455401294185689,-1.59215494568127
"3281","ETFB","ETFB",-0.162671689162132,5.44250174582022,5.15831022776818,0.0256337993717025,0.455401294185689,-1.59118701910345
"11286","TMEM9","TMEM9",-0.208503930576302,5.06730491505977,5.15558442333493,0.0256717118180196,0.455401294185689,-1.5905451711286
"3249","ERLIN1","ERLIN1",-0.261787966588992,3.67581395995546,5.15384295513668,0.0256959644911682,0.455401294185689,-1.59013507654542
"7030","NCDN","NCDN",-0.247035024646734,4.60451630711831,5.12477164808222,0.0261044316819672,0.457988190052018,-1.58328575734973
"4598","HPS3","HPS3",-0.203780191324855,5.33207851471257,5.12229540746395,0.0261395406016747,0.457988190052018,-1.58270204934579
"11815","UBL3","UBL3",-0.172704537505137,7.07148610531965,5.12025192905936,0.0261685513528705,0.457988190052018,-1.58222031850908
"7530","ORAI2","ORAI2",-0.188178224616035,5.51091155717707,5.11839371138232,0.0261949616140135,0.457988190052018,-1.58178223362887
"9434","S1PR4","S1PR4",-0.330196352883541,7.39739229450169,5.10949855729169,0.0263217773113582,0.458352237664765,-1.57968478943288
"11842","UBXN6","UBXN6",-0.294520594480521,3.46159042132335,5.09682473787638,0.0265035891503386,0.459692492602763,-1.57669530935987
"727","ARSG","ARSG",-0.202328808530913,4.36263914428351,5.09672343399688,0.0265050477504715,0.459692492602763,-1.57667140902867
"12942","ZSCAN18","ZSCAN18",-0.372968315242394,3.83519658538786,5.0810973208596,0.0267310583596177,0.461449764804439,-1.57298384593323
"12627","ZNF41","ZNF41",-0.264372242225184,3.99528945182278,5.07988700364477,0.0267486489734786,0.461449764804439,-1.57269814852801
"57","ABHD15","ABHD15",-0.255894274960041,3.51280315194775,5.07600737212667,0.026805117834263,0.461809818942755,-1.5717822792927
"4041","GNB1","GNB1",-0.174150399718194,6.13801109074522,5.06836958575626,0.0269166569617391,0.462238145343512,-1.56997888030342
"1057","BIRC5","BIRC5",-0.586812827162585,2.02409772480585,5.06575233018478,0.0269549913743286,0.462238145343512,-1.56936080281075
"1769","CDK2AP1","CDK2AP1",-0.428403930975216,2.44008786051216,5.05811656779737,0.0270671618916601,0.463248405304099,-1.56755727948657
"12162","WDR81","WDR81",-0.293366765233058,4.1635774691148,5.04006328886109,0.0273343399061327,0.466771564984968,-1.56329140937387
"12506","ZNF184","ZNF184",-0.270106711812081,4.49439698015595,5.02555838356132,0.0275510294793599,0.466771564984968,-1.55986216854171
"11169","TMEM14C","TMEM14C",-0.239110242202271,6.10945355230309,5.02490330547404,0.0275608586123862,0.466771564984968,-1.55970725683651
"8350","PPP2R5B","PPP2R5B",-0.304819310554366,3.16055461711873,5.51438312948569,0.0276480088426069,0.467028149368671,-1.55833614030165
"883","ATPAF1","ATPAF1",-0.354403034135401,5.12644230573494,5.01612122904553,0.0276929891383416,0.467073936126558,-1.55763016465082
"4315","H2AJ","H2AFJ",-0.155572170221548,5.15198463711619,5.01080831145407,0.0277732504993153,0.467318260347104,-1.55637328872998
"11816","UBL4A","UBL4A",-0.212827384935831,5.38636879258979,4.99727443124951,0.0279788212889556,0.468347417524673,-1.55317058571571
"10096","SMCO4","C11orf75",-0.460323551206151,2.8918734652056,4.99349676329079,0.0280364892538495,0.46870795759045,-1.55227636991859
"9791","SIPA1","SIPA1",-0.286350908596405,4.96468304147933,4.981518321605,0.0282201813016007,0.470636977121048,-1.54944020043171
"6113","LY96","LY96",-0.258976608492452,4.36098103313861,4.97735870199346,0.0282842682870219,0.470636977121048,-1.54845505196049
"6248","MAPK7","MAPK7",-0.309256113066363,3.435909271086,4.97557235777105,0.0283118377499355,0.470636977121048,-1.5480319392272
"8988","RFNG","RFNG",-0.380001491105682,2.9645935168438,4.97183917941821,0.0283695456801557,0.470636977121048,-1.54714761909245
"3610","FDXR","FDXR",-0.364287901526048,2.74794026382791,5.17823195975978,0.0286374637472566,0.472480006842666,-1.54306544758435
"470","ANKRD39","ANKRD39",-0.174697561944603,5.13223479035356,4.95246827998071,0.0286709940005529,0.472480006842666,-1.54255725014832
"635","ARHGEF10","ARHGEF10",-0.856082516806672,2.30287651611447,4.94834590861335,0.0287355835503634,0.472480006842666,-1.54157997896775
"626","ARHGAP35","ARHGAP35",-0.222626145559834,5.58681785681434,4.93714351670199,0.0289118844846854,0.472805245825059,-1.53892359997144
"10876","TBXAS1","TBXAS1",-0.266995798689337,4.92205778008198,4.93620426282766,0.0289267183396657,0.472805245825059,-1.5387008331275
"5368","LDLRAD4","C18orf1",-0.203089562336122,4.9471365276618,4.93309944826714,0.028975810911638,0.472805245825059,-1.53796440110995
"9046","RHPN1","RHPN1",-0.381862661359793,3.76924458240538,4.92523821681052,0.0291005066392828,0.472805245825059,-1.53609944988937
"8433","PRKD2","PRKD2",-0.269541641261396,5.80174282775903,4.92006094757544,0.0291829400718691,0.472805245825059,-1.53487095669659
"6967","NADK","NADK",-0.220483835805982,4.28024849681483,4.91944849245112,0.0291927080787692,0.472805245825059,-1.53472561555966
"12129","WDR34","WDR34",-0.368798521073649,2.65305422340063,5.34191468242517,0.0292836861293684,0.473097459721415,-1.5333742566818
"6339","MCMBP","MCMBP",-0.208837533370312,6.14633367967282,4.91066858688569,0.0293331203987599,0.473306680265065,-1.53264173518242
"6712","MRPL45","MRPL45",-0.161081943813166,4.74981444189924,5.12460152945676,0.0296510082623529,0.476657410393438,-1.52796053416039
"12773","ZNF623","ZNF623",-0.305791428022601,3.448949749931,4.886280185641,0.0297269264654894,0.477286407223755,-1.52684999116777
"1138","BSG","BSG",-0.166870781341659,7.23336208507602,4.87677979536011,0.0298818479052554,0.477999029438815,-1.5245925490842
"9773","SIAH2","SIAH2",-0.251838017882321,5.83727465874703,4.87008052460665,0.029991607297595,0.478574565155842,-1.52300025908971
"5427","LINC00173","LINC00173",-0.696417385886366,1.63057461787902,7.66889779562104,0.0301631411868241,0.479234372185908,-1.52052343305863
"5319","LAMP1","LAMP1",-0.321187650943678,5.24883714633999,4.85684502417136,0.0302097155872931,0.479234372185908,-1.51985336342088
"1750","CDH1","CDH1",-0.779583123894631,1.72858995952733,4.85266508378868,0.0302789465705222,0.479234372185908,-1.51885923837169
"1007","BCL7C","BCL7C",-0.300738225673105,3.11443091086066,5.5678595310396,0.0303421917983705,0.479234372185908,-1.51795305072277
"7367","NSD2","WHSC1",-0.181356056707405,5.00269014747224,4.8461941404197,0.0303864553311941,0.479234372185908,-1.51731995868572
"8816","RAP2B","RAP2B",-0.15402776296651,7.74684592369021,4.84299762718554,0.0304397120332799,0.479234372185908,-1.51655946040833
"2301","CRK","CRK",-0.24324302291468,4.75370406711569,4.841330681712,0.03046752413596,0.479234372185908,-1.51616283615403
"12874","ZNF791","ZNF791",-0.249585069051919,5.97830025592487,4.83698952998982,0.0305400807468044,0.479234372185908,-1.51512981902009
"4575","HNRNPUL1","HNRNPUL1",-0.175312312817985,7.85042350918109,4.83418394269111,0.0305870700817029,0.479234372185908,-1.51446212184796
"675","ARL4A","ARL4A",-0.214463912906775,6.06793258971523,4.8310666542434,0.030639370053274,0.479474725815589,-1.5137201680603
"6263","MARCHF2","MARCH2",-0.219162776198322,4.56864322302236,4.82200252046718,0.0307919831807756,0.481282406993014,-1.51156233913412
"8600","PTOV1","PTOV1",-0.325053905142599,5.3077883103727,4.819666438411,0.0308314466627699,0.481319323172219,-1.5110060969758
"3207","EPM2A","EPM2A",-0.424264016140514,2.4458036443014,4.79259875207091,0.0312926419504731,0.484423091765864,-1.50455776903421
"9340","RRAGD","RRAGD",-0.415279471482713,2.62805243809187,4.78950036530592,0.03134589999966,0.484423091765864,-1.50381925623578
"1239","C18orf54","C18orf54",-0.491348266493233,2.1284970900564,5.13395272944419,0.0314839936197648,0.484423091765864,-1.50191018428563
"3565","FBXO4","FBXO4",-0.197824288883472,4.63912430147321,4.78140370817482,0.0314855285857591,0.484423091765864,-1.50188901127247
"1346","C8orf82","C8orf82",-0.600294832730772,1.95490429343356,4.7789650944268,0.0315277124673898,0.484423091765864,-1.50130753888831
"1209","C14orf119","C14orf119",-0.234167969001039,5.47426313649501,4.77871991952364,0.0315319569006858,0.484423091765864,-1.50124907572222
"12108","WBP2","WBP2",-0.137723966909707,6.65622424152325,4.7761102690629,0.031577172470642,0.484423091765864,-1.50062676081838
"8130","PLXNB1","PLXNB1",-0.895504692419985,1.34294577820625,6.02783841669719,0.0319537291968521,0.484423091765864,-1.49547844970889
"9255","RPL39L","RPL39L",-0.430921440994934,2.87463768719901,4.75223212687562,0.0319941082075541,0.484423091765864,-1.49492999069683
"4480","HIF1A","HIF1A",-0.201491003724564,7.07167053864762,4.75018319140448,0.0320301563724053,0.484423091765864,-1.49444094108932
"8897","RBM44","RBM44",-0.413822544126138,2.69875621733638,4.74438479273129,0.0321324054374138,0.484423091765864,-1.49305676187169
"5833","LOC338799","LOC338799",-0.231039853999493,4.79389852284778,4.74396772548169,0.0321397733812024,0.484423091765864,-1.49295718978924
"5645","LOC100505483","LOC100505483",-0.376084659894771,2.61229962244651,5.26286207202665,0.0321533029772034,0.484423091765864,-1.49277440715368
"1800","CDR1","CDR1",-0.843125668156582,1.4336351301732,4.75829600437771,0.0321960348904855,0.484423091765864,-1.49219761064007
"8392","PRDX4","PRDX4",-0.192312243958671,5.12457150931198,4.74078130189208,0.0321961243481399,0.484423091765864,-1.49219640394143
"10389","SPATA20","SPATA20",-0.374071630387284,4.29378410060368,4.73901679197219,0.0322273743946453,0.484423091765864,-1.49177507557256
"11999","VANGL1","VANGL1",-0.360874486398931,3.27749897740474,4.7361984937811,0.0322773543196017,0.484423091765864,-1.49110207034051
"12368","ZDHHC12","ZDHHC12",-0.144608070653057,5.1476793547136,4.72851361821215,0.0324140579611756,0.484423091765864,-1.48926659563159
"4296","H1-0","H1F0",-0.461383338247152,2.88382516921096,4.72476175469217,0.0324810222386758,0.484423091765864,-1.48837031115408
"8935","RCOR1","RCOR1",-0.277902719720944,3.8013177809563,4.7206471974144,0.032554629229683,0.484423091765864,-1.48738724654407
"6046","LRRC45","LRRC45",-0.264557885472134,3.38601940837088,4.92180776275914,0.0325661208725113,0.484423091765864,-1.48723396952831
"6860","MTURN","C7orf41",-0.276069450286671,3.22620261149919,4.74912100253379,0.0325778961648417,0.484423091765864,-1.48707696525469
"2656","DGKZ","DGKZ",-0.18476836803466,6.33513189425439,4.71569944944466,0.0326433766157172,0.484423091765864,-1.48620492437508
"1630","CCR7","CCR7",-0.203800588342234,8.87933863208466,4.71370148450977,0.0326792868989393,0.484423091765864,-1.48572742886039
"1040","BHLHB9","BHLHB9",-0.529187778163004,2.14602635909526,4.71219371269718,0.0327064145609116,0.484423091765864,-1.48536706277684
"933","B4GALT1","B4GALT1",-0.265233577086837,7.39714040253346,4.71196113951438,0.0327106011244043,0.484423091765864,-1.48531147474959
"9188","RORC","RORC",-0.422722039529493,4.05802733270788,4.70326483344827,0.0328675538915855,0.485721600802896,-1.48323261629917
"12267","YPEL3","YPEL3",-0.209571202667743,5.51255670001496,4.69773291871886,0.0329678119826778,0.486565898579385,-1.48190987528274
"6231","MAP4K1","MAP4K1",-0.142663313887195,6.9446469065112,4.69157769416668,0.0330797493752185,0.487663168914443,-1.48043778948745
"10796","TANGO2","C22orf25",-0.222818337069856,5.02595722028458,4.68685373138518,0.0331659325490848,0.487925896852377,-1.47930778684057
"238","ADSL","ADSL",-0.155316208086014,6.85612048510908,4.68415565007736,0.0332152630952525,0.487997291205788,-1.47866230319943
"6706","MRPL40","MRPL40",-0.158781910324651,5.1057916877604,4.681698820449,0.0332602506455916,0.488105465639433,-1.47807448230871
"5959","LOC729683","LOC729683",-0.269848472636927,4.13612378541524,4.67622648552268,0.0333606890923115,0.488482181482177,-1.47676498723401
"819","ATP13A2","ATP13A2",-0.275636067656738,4.29454879389127,4.65794231726753,0.0336986226650124,0.491621650372176,-1.4723878493129
"10150","SNF8","SNF8",-0.311547042544256,4.78193971007538,4.65640382249681,0.0337272233740258,0.491621650372176,-1.47201941104842
"2834","DOLPP1","DOLPP1",-0.302176806027022,3.16772925268059,4.64568945009167,0.0339271224580237,0.493007199208607,-1.46945297364687
"2502","DAZAP1","DAZAP1",-0.202619667427382,4.80568317344138,4.63819028891493,0.0340677854575631,0.493007199208607,-1.46765609639452
"2632","DEPDC1B","DEPDC1B",-0.577420556308745,1.8504045730476,4.63508051533389,0.0341262980720981,0.493007199208607,-1.46691082024928
"9836","SLC12A9","SLC12A9",-0.383391152285694,3.69709844713974,4.61159802895652,0.0345716092556309,0.494515287790583,-1.46128040424197
"12115","WDR1","WDR1",-0.134774097662427,8.3026377875534,4.61148548839591,0.034573758269179,0.494515287790583,-1.46125340880441
"10135","SNAI3","SNAI3",-0.232911498648352,4.1532273119914,4.5976442890663,0.034839150698805,0.496668463753404,-1.45793244067121
"3633","FGFR1","FGFR1",-0.424417769593069,3.51421543751114,4.59355375822358,0.0349179978563028,0.496782667704751,-1.45695066602282
"10304","SNTA1","SNTA1",-0.444367886214799,2.29370813134392,6.20684660723907,0.0349879779872068,0.496782667704751,-1.45608115538428
"4834","IMPA2","IMPA2",-0.640913624356712,1.68148579503496,7.0580610220669,0.0350192680422971,0.496782667704751,-1.45569293559448
"3829","GAB3","GAB3",-0.254714323083919,4.55535564430573,4.5852862377027,0.0350779399184442,0.496782667704751,-1.45496592010426
"1454","CASP3","CASP3",-0.221107238346003,5.49067632410874,4.58336514682867,0.0351152167027871,0.496782667704751,-1.45450464712426
"5008","JKAMP","JKAMP",-0.172397384141149,6.14454538266242,4.57266980591121,0.0353235221175523,0.498464749240557,-1.45193599931998
"11431","TPPP","TPPP",-0.422823370941973,2.76177506390555,4.56458520379545,0.0354818540888925,0.498464749240557,-1.44999369437762
"3476","FAM78A","FAM78A",-0.186436687036403,4.78034088168671,4.56350442216834,0.0355030777999133,0.498464749240557,-1.44973399585819
"1890","CERS6","CERS6",-0.321137333425333,3.35703447626988,4.55291507932829,0.0357117421011324,0.499920614270174,-1.44718896340413
"749","ASF1B","ASF1B",-0.38702149372439,2.49618299646421,5.95224113754996,0.0358367486383412,0.499920614270174,-1.44567139946975
"2353","CST7","CST7",-0.281020837298362,5.72087248681998,4.54459941572893,0.0358765198400934,0.499920614270174,-1.44518969181378
"4799","IL1B","IL1B",-1.01578597486687,1.42440504220643,4.54047477875242,0.0359585515782594,0.500227385105824,-1.4441978101045
"2781","DNAJC17","DNAJC17",-0.242375170614714,3.53666232062392,5.02561084207429,0.0359781903716376,0.500227385105824,-1.44396068455291
"9045","RHOV /// CHP1","CHP",-0.118547422603467,7.10794805559676,4.53768180702533,0.0360142124172388,0.500227385105824,-1.44352607822416
"8728","RAB3A","RAB3A",-0.42798548353133,2.29390138314954,5.77295970143157,0.0362269409308257,0.501830661425746,-1.44096833703785
"12782","ZNF641","ZNF641",-0.226499721357848,4.43871739854522,4.52450058329526,0.0362781426479235,0.501830661425746,-1.44035495585688
"8763","RABL6","C9orf86",-0.266124898162564,3.81124605072385,4.51700078630574,0.0364292327965897,0.502720519575156,-1.43854997494848
"9342","RRAS2","RRAS2",-0.297329037181452,4.26332622167038,4.51523189786926,0.0364649663855871,0.502720519575156,-1.43812418244544
"2940","DYNLT1","DYNLT1",-0.252801224748915,7.22272941333589,4.5091560868302,0.0365879898661188,0.503881096107388,-1.43666144987477
"6151","MAEA","MAEA",-0.129207032914649,5.76720160264616,4.50711392590821,0.0366294390622503,0.503916980863811,-1.43616973200525
"9858","SLC19A2","SLC19A2",-0.310850296749874,2.9222778472977,5.05209006511838,0.0367667014308481,0.505269510235585,-1.4345453316389
"12175","WDYHV1","WDYHV1",-0.261885589527132,3.73402805536611,4.48928882127975,0.0369933649370277,0.50660549857769,-1.4318761632205
"11155","TMEM129","TMEM129",-0.27972925063098,4.64934845108042,4.48648387137053,0.037050982611778,0.50660549857769,-1.43120026981112
"8656","PWWP2B","PWWP2B",-0.49898001693469,2.00891063492806,5.01929643651575,0.0372567826735283,0.507812057855437,-1.42879465151874
"4938","ISG15","ISG15",-0.361980281160405,6.16406338466454,4.47611224364783,0.0372648638771584,0.507812057855437,-1.42870046084207
"11398","TOX","TOX",-0.222804408936721,5.85375275189967,4.46212557384381,0.0375553830212846,0.508579386979428,-1.42532780436192
"11418","TPGS1","TPGS1",-0.342421208331233,4.39084459474589,4.46109776769494,0.0375768268868179,0.508579386979428,-1.42507989596854
"889","ATRN","ATRN",-0.242113396293487,5.36668876506217,4.45424475555915,0.0377201408337741,0.508579386979428,-1.42342669442843
"11135","TMEM102","TMEM102",-0.317469867752302,3.60539801391039,4.45262337738555,0.0377541332790736,0.508579386979428,-1.42303549537176
"3948","GGACT","A2LD1",-0.311564263279639,3.07287734707695,4.45145535400311,0.0377786413381428,0.508579386979428,-1.42275366499432
"861","ATP6V0D1","ATP6V0D1",-0.141439593902693,6.08629778806133,4.44866790384906,0.0378371977002883,0.508579386979428,-1.42208103581062
"10917","TDRD3","TDRD3",-0.264880225329264,4.45024498341485,4.44524590721743,0.037909216619834,0.508579386979428,-1.42125519001826
"10976","TGFB1","TGFB1",-0.320925137521444,3.83746497192529,4.43578416741742,0.0381091102245344,0.509691265794943,-1.41897119106215
"6409","MEGF9","MEGF9",-0.260778962621035,4.80582136509931,4.43316722022329,0.0381645957081908,0.509896292607991,-1.41833933390158
"12317","ZBTB42","ZBTB42",-0.518176942275108,1.99151030390798,5.21470564212655,0.0382411703057155,0.510393726724329,-1.41746882535156
"1200","C12orf49","C12orf49",-0.232100694196684,3.96813251792098,4.4195154773693,0.038455447514786,0.512726126011633,-1.41504213029597
"3405","FAM160A2","FAM160A2",-0.233291874778096,4.19844633493631,4.40990300091981,0.0386616623892164,0.513931891200714,-1.41271947594271
"10540","ST3GAL2","ST3GAL2",-0.24534624271561,3.83282736309618,4.40976048048165,0.0386647287298155,0.513931891200714,-1.41268503246789
"3164","ENGASE","ENGASE",-0.307979377351521,3.41715083476124,4.40134397934634,0.038846272101536,0.514806231884434,-1.41065065211181
"11153","TMEM127","TMEM127",-0.203760411275538,4.85420790666616,4.40119208302128,0.0388495568499854,0.514806231884434,-1.41061393075505
"3791","FUCA1","FUCA1",-0.223513012113978,3.73413670009521,4.68321474885047,0.0390572978341673,0.516503898881399,-1.40829780652448
"4812","IL2RB","IL2RB",-0.166224695617733,6.33720005025779,4.38752746691112,0.0391462710887925,0.517103202587286,-1.40730960072454
"10711","SV2A","SV2A",-0.358994949914395,2.62654660243574,5.26340920149174,0.0392448101968768,0.517103202587286,-1.40621776699216
"2246","CPEB2","CPEB2",-0.242318211733697,3.65763314204973,4.37396943972878,0.0394430656378825,0.5181448974507,-1.40402933769952
"5643","LOC100499484","LOC100499484",-0.637755095487273,1.66470058482815,7.70082086941088,0.0394819570464521,0.5181448974507,-1.40360132830712
"2695","DIAPH1","DIAPH1",-0.154938144648074,6.78119243999702,4.36601066524607,0.0396184082929314,0.5181448974507,-1.40210297663903
"8134","PM20D1","PM20D1",-0.511515359647043,2.152670042858,4.36590550823741,0.0396207306152081,0.5181448974507,-1.40207752023544
"7916","PHF7","PHF7",-0.210814680634695,3.82280826840338,4.88117162267964,0.0397138220573871,0.518317317455214,-1.40105831443307
"3983","GJB6","GJB6",-0.677561251026232,2.0148275810544,4.35258632904048,0.0399160556959667,0.518989301285559,-1.39885238006273
"3028","EGLN1","EGLN1",-0.186248071746708,5.08122886095318,4.35216970792414,0.0399253312790401,0.518989301285559,-1.39875147163125
"3135","EMC10","C19orf63",-0.204661916241693,4.05294552914747,4.34623096362171,0.0400578013700051,0.519207474029197,-1.39731289126507
"674","ARL3","ARL3",-0.220958870135115,4.0390389363623,4.34339116974316,0.0401213120681282,0.519207474029197,-1.39662487289413
"4301","H1-4","HIST1H1E",-0.327635986915256,4.28128670224588,4.34082683771575,0.0401787547122343,0.519207474029197,-1.39600352776661
"12295","ZBTB14","ZFP161",-0.16047109821602,4.9436447283924,4.33421634674969,0.0403272398474778,0.519207474029197,-1.39440150177198
"5294","KRTCAP3","KRTCAP3",-0.475792401895533,2.43306848311789,4.33205003550547,0.0403760272142211,0.519207474029197,-1.39387641555141
"1543","CCDC191","KIAA1407",-0.245829877250115,3.49460031523744,4.61884160920435,0.040393863174669,0.519207474029197,-1.39368460993448
"6449","MFGE8","MFGE8",-0.222949843338716,4.07204057881571,4.33044967070038,0.0404121094774689,0.519207474029197,-1.39348847916603
"6619","MORC2-AS1","MORC2-AS1",-0.187291465020814,6.18012757032564,4.32687753333929,0.0404927723319441,0.519207474029197,-1.39262248830325
"9417","RYBP","RYBP",-0.245912090365885,4.72110053973442,4.32545963744306,0.0405248377364922,0.519207474029197,-1.39227871541312
"2359","CSTF3","CSTF3",-0.231086327389445,5.12316203539605,4.32112320305112,0.0406230739244995,0.519207474029197,-1.39122721687563
"1705","CD83","CD83",-0.299307298313939,4.17982712377676,4.32068498425011,0.0406330153546293,0.519207474029197,-1.39112094771334
"4035","GNAI2","GNAI2",-0.179483747488836,6.61916794137508,4.31169791730375,0.0408374709903293,0.519207474029197,-1.3889411610257
"2126","CNOT3","CNOT3",-0.245186695210876,3.74851826255639,4.30519413038538,0.0409861184012361,0.519207474029197,-1.38736320968415
"10475","SREBF1","SREBF1",-0.314683751364826,4.268162625816,4.3040464075312,0.0410124102431127,0.519207474029197,-1.38708470707133
"951","BAG6","BAG6",-0.170517724282524,5.21613919460259,4.29987663613424,0.0411080826532547,0.519780854055237,-1.38607277893675
"525","AP3D1","AP3D1",-0.190205828221247,5.56416016180174,4.28810295421436,0.0413795128536339,0.521180990534167,-1.38321462643549
"1866","CEP41","CEP41",-0.320299667211996,3.09534773449345,4.27213078599189,0.0417508052062841,0.524330296167593,-1.37933514429358
"12507","ZNF185","ZNF185",-0.358297867459792,2.63680747245404,4.4488951777656,0.0418921445226458,0.524974667167704,-1.37786740687411
"1523","CCDC138","CCDC138",-0.316444738554663,3.27277499071033,4.26003587122321,0.0420343385403363,0.524974667167704,-1.37639578232657
"5552","LOC100130992","LOC100130992",-0.571963948375678,1.78568318293941,4.7261810308241,0.042346171187288,0.526992899599451,-1.37318585115157
"7692","PBRM1","PBRM1",-0.152151423985978,6.72896411959168,4.23587281973894,0.042606970372524,0.527429478629713,-1.37051934581065
"3913","GCNT4","GCNT4",-0.488727670499558,4.08664977251201,4.23363450145023,0.0426604367507779,0.527582312648085,-1.36997470262588
"6780","MSRA","MSRA",-0.226612825758953,4.17191979463346,4.23083886130877,0.0427273167522726,0.527906171644983,-1.36929437973772
"5219","KLHDC7B","KLHDC7B",-0.24229490966592,4.24587322884677,4.228312226235,0.0427878579843526,0.528151171865849,-1.36867945431673
"2768","DNAJB2","DNAJB2",-0.352425591287624,3.12729855444386,4.22084926286908,0.0429672168210378,0.529351225096615,-1.36686277660261
"11800","UBE2R2","UBE2R2",-0.19367603443876,4.78130083076713,4.21303670415609,0.0431558408554175,0.529494306277959,-1.36496041710728
"3836","GABPB1-IT1","FLJ10038",-0.231395173343802,5.93292061737012,4.18655125038434,0.0438019292835065,0.531309126154178,-1.35850676030119
"11754","UBA2","UBA2",-0.17912631151116,6.8559756747982,4.18425151146296,0.0438585164790861,0.531309126154178,-1.3579460624862
"11533","TRIOBP","TRIOBP",-0.205019061596194,3.8138232205452,4.47645966383321,0.0438819025098932,0.531309126154178,-1.35771455175282
"12434","ZFYVE28","ZFYVE28",-0.2478322567139,4.51028429621313,4.18241537145007,0.0439037526583889,0.531309126154178,-1.35749835699758
"12495","ZNF16","ZNF16",-0.245164850739323,3.43271319752439,4.17437136357623,0.0441025197566671,0.533217137747663,-1.35553659680984
"11804","UBE2V2","UBE2V2",-0.177880840271021,6.44718891274096,4.16993638234724,0.0442125203773253,0.534049373235607,-1.35445472701303
"191","ADAP1","ADAP1",-0.376374359352619,2.56410663839717,4.20245380598218,0.044262512252347,0.534155880418323,-1.35396394001636
"9616","SEMA4B","SEMA4B",-0.326691158344838,3.04906459924609,4.15771294817392,0.0445172232522356,0.535734635669065,-1.35147193247391
"8225","POLR2K","POLR2K",-0.123778920900678,6.65375851510544,4.1472219673947,0.0447805360579627,0.537003997772019,-1.34891071188201
"2509","DBP","DBP",-0.287995821870172,3.58439460148557,4.14015778686662,0.0449587805748917,0.537353007869182,-1.34718547672675
"7882","PGM2L1","PGM2L1",-0.198678976545751,5.8675960669834,4.12949407606423,0.0452292921998337,0.537891361210074,-1.3445802085422
"7614","PAFAH1B1","PAFAH1B1",-0.155481390808099,6.34096935335292,4.12718715291698,0.045288042500078,0.537891361210074,-1.34401645056427
"3876","GAS7","GAS7",-0.373348204909102,2.48959308683508,4.76056173150453,0.0453470807285095,0.537891361210074,-1.34345066592048
"7249","NLRP3","NLRP3",-0.336634577054997,3.08968495946659,4.10764371789495,0.0457890522000699,0.538402543123194,-1.33923834595777
"10811","TARP","TARP",-0.280557545767412,4.9362522279916,4.10530659751304,0.0458493629753255,0.538402543123194,-1.33866669397919
"5437","LINC00426","LINC00426",-0.203795664424025,4.87945971014234,4.10385466610995,0.0458868738604795,0.538402543123194,-1.33831152851997
"12738","ZNF580","ZNF580",-0.226034924787695,3.7900442534604,4.10205045085028,0.0459335319626936,0.538402543123194,-1.33787015913394
"10584","STAT5B","STAT5B",-0.146295077119778,6.75448227733541,4.10010235574109,0.0459839680706467,0.538402543123194,-1.33739355510177
"12844","ZNF75A","ZNF75A",-0.246381415903511,3.88945966986115,4.07907907567159,0.0465320587728913,0.541254663862423,-1.33224773203741
"4098","GP5","GP5",-0.613983150686568,1.70543933523622,5.42587749528608,0.0465495284289779,0.541254663862423,-1.33208471429016
"9563","SDHC","SDHC",-0.145019544424602,6.75835399157218,4.07158300770687,0.0467291791837719,0.542176782918113,-1.33041184746037
"11273","TMEM65","TMEM65",-0.281852772396323,3.07195103036126,4.72319357665496,0.0468439901621208,0.542176782918113,-1.32934611890316
"9059","RIMS3","RIMS3",-0.532379199829581,1.87098412660125,6.02343882114377,0.0468633493783137,0.542176782918113,-1.32916667509594
"581","AQP3","AQP3",-0.177380855702459,8.37169183087024,4.06543888988842,0.0468914168221786,0.542176782918113,-1.32890664487348
"5991","LPCAT4","LPCAT4",-0.262858092251733,3.51819388791064,4.0619230395267,0.0469845261771243,0.542769597592015,-1.32804514849785
"10593","STIMATE","TMEM110",-0.293640661352833,3.55294655227311,4.05605105650681,0.0471404754900984,0.543613357405576,-1.32660604120744
"4117","GPBP1L1","GPBP1L1",-0.118533314185594,6.82498437356682,4.05188187033724,0.0472515390996063,0.543613357405576,-1.32558404087789
"1720","CDC20","CDC20",-0.730810393804827,1.46336620956686,6.59177277428106,0.0473940231128547,0.543613357405576,-1.32427642399625
"11927","USP13","USP13",-0.204098020558891,4.51214547187445,4.0462661363767,0.0474015820897385,0.543613357405576,-1.32420716293822
"7170","NFATC2IP","NFATC2IP",-0.228124779592138,5.48948941522313,4.04502931114357,0.0474346967226634,0.543613357405576,-1.32390387176918
"6504","MICU1","MICU1",-0.142776306654152,5.28911869974857,4.04334471409364,0.0474798399422122,0.5436504532836,-1.32349075375138
"6391","MED25","MED25",-0.268482053920792,3.5431345439553,4.03556537118148,0.047688907604171,0.544425166161776,-1.3215826257086
"3838","GADD45A","GADD45A",-0.321905921801752,4.4662560564701,4.03123413468102,0.047805736916708,0.544425166161776,-1.32051998284883
"12491","ZNF146","ZNF146",-0.199683412694655,6.66157387279096,4.0267986622776,0.0479256967074108,0.544425166161776,-1.31943156496039
"12965","ZWINT","ZWINT",-0.244993290127174,3.39204146431103,4.02397184025499,0.0480023184383036,0.544425166161776,-1.31873778636095
"1884","CERK","CERK",-0.19012434626511,6.54640700232897,4.023319575183,0.0480200169382908,0.544425166161776,-1.31857769108855
"3090","EIF4G3","EIF4G3",-0.187280768176649,4.15795442081884,4.02221936963566,0.0480498857087809,0.544425166161776,-1.3183076410049
"11237","TMEM248","C7orf42",-0.218618175483643,6.99337701239709,4.02189939808741,0.0480585761578395,0.544425166161776,-1.31822910028105
"11335","TNFRSF4","TNFRSF4",-0.224901069416618,5.26046258801799,4.01908736267815,0.0481350239410743,0.544425166161776,-1.31753880784229
"12420","ZFP82","ZFP82",-0.259816609446793,4.25474156611713,4.00577894817641,0.0484986031343983,0.546756265024628,-1.31427076984638
"10487","SRM","SRM",-0.258462522224031,5.24967084860058,4.00064711003381,0.0486395902057689,0.546756265024628,-1.31301009270167
"6637","MPG","MPG",-0.148384851983788,5.38181490310934,3.99396463249661,0.0488238389702399,0.546756265024628,-1.31136807543004
"7648","PAQR4","PAQR4",-0.52528773098546,2.00483338731142,3.99253837200769,0.0488632608249502,0.546756265024628,-1.31101755432884
"2166","COL5A3","COL5A3",-0.557856807510169,1.92895977009477,3.99160274938198,0.0488891400366211,0.546756265024628,-1.31078760193917
"7939","PI4K2B","PI4K2B",-0.228692941161433,4.27986300411246,3.98887578902332,0.0489646515669629,0.546756265024628,-1.31011733159155
"3827","GAA","GAA",-0.237372002893792,4.15785446165667,3.98778419837704,0.048994913659102,0.546756265024628,-1.30984900332744
"8078","PLEKHA3","PLEKHA3",-0.226694380545029,4.05801584496167,3.98385856118082,0.0491039101917851,0.546756265024628,-1.30888392321104
"7118","NECAB3","NECAB3",-0.281338367421254,3.05972426317474,4.28426180687614,0.0493254796393928,0.547390459676512,-1.30692868298953
"2191","COPE","COPE",-0.108140559813575,7.49445601609492,3.97137577360823,0.0494522354968307,0.547859821605794,-1.30581407126612
"6484","MGMT","MGMT",-0.201932666357358,5.12276766487389,3.96608302003707,0.0496007285283955,0.547958625976906,-1.30451194460782
"2914","DUSP22","DUSP22",-0.189302448518509,4.44875844526216,3.9650378798116,0.04963010757133,0.547958625976906,-1.30425478348524
"8590","PTGES2","PTGES2",-0.366129971332603,4.64665222143391,3.95954386276999,0.0497848534128572,0.548267320309844,-1.30290276727592
"8968","REST","REST",-0.09081109032438,7.67938786011882,3.95774008870418,0.0498357721060425,0.548362571273697,-1.3024588088228
"10882","TCEA2","TCEA2",-0.266484408264604,3.18620953744215,3.95191667015454,0.0500005441450002,0.549609976578696,-1.30102526930628
"7331","NPRL3","NPRL3",-0.208880145337955,3.70711722947877,3.95074140553419,0.0500338689847714,0.549609976578696,-1.30073591299168
"413","AMZ2","AMZ2",-0.142076099236931,6.53344041797086,3.93722327628014,0.0504189015623674,0.551101833651653,-1.29740662019466
"7152","NENF","NENF",-0.227194052144877,4.67092639195494,3.93666746542844,0.0504348006577574,0.551101833651653,-1.29726969137003
"709","ARPC1B","ARPC1B",-0.195480964793414,8.77944652144105,3.93556206434009,0.0504664369499403,0.551101833651653,-1.2969973564037
"1921","CH25H","CH25H",-0.864903350457062,1.38532068625432,3.93554081614596,0.0504670452769724,0.551101833651653,-1.29699212140997
"8969","RETREG1","FAM134B",-0.264969800341944,4.83647772983349,3.93340340735751,0.0505282787647294,0.551306442737455,-1.29646549566068
"745","ASCC1","ASCC1",-0.175818884611542,4.61975274466355,3.9281939167448,0.0506778580058494,0.552080602117764,-1.29518174966664
"5212","KLF8","KLF8",-0.342974851109535,3.6890768896281,3.92501192704594,0.0507694564346329,0.552080602117764,-1.29439748636304
"9397","RUFY1","RUFY1",-0.195875781808,4.21024958554384,3.91616997023715,0.0510249228989508,0.55392997888543,-1.29221764285071
"4503","HKDC1","HKDC1",-0.404033966130995,2.99382988318084,3.90406038792316,0.051377048150077,0.555713772116572,-1.28923085158699
"9161","RNF43","RNF43",-0.287231026850634,3.20026146872673,3.90349626587717,0.051393515499717,0.555713772116572,-1.28909167400759
"11972","UST","UST",-0.255606715831525,3.25826151837438,3.90337815567215,0.0513969639876434,0.555713772116572,-1.28906253396883
"2901","DUS1L","DUS1L",-0.242163940777152,4.48834601620908,3.90315716968715,0.0514034168303312,0.555713772116572,-1.28900801210903
"6884","MXRA7","MXRA7",-0.31263636285992,2.74691987099831,3.95035678707453,0.0516928312792926,0.557448961085838,-1.28656968034345
"8072","PLD6","PLD6",-0.215704364282384,4.75477227101092,3.88568517120656,0.0519163761677523,0.558185296129879,-1.28469562948339
"3009","EEPD1","EEPD1",-0.248575558300049,5.00125708820489,3.88484059857689,0.0519413112651803,0.558185296129879,-1.28448709074746
"8610","PTPN13","PTPN13",-0.378239121645923,4.4679379771285,3.88438437791628,0.0519547860569375,0.558185296129879,-1.28437443920638
"12037","VOPP1","VOPP1",-0.130932128947805,7.74194339602833,3.88298445858191,0.0519961571581483,0.558185296129879,-1.28402875226292
"5992","LPGAT1","LPGAT1",-0.188788917305916,5.2976275747002,3.88081631241174,0.0520603013573892,0.558185296129879,-1.28349332225305
"7388","NT5C","NT5C",-0.169091229807309,4.77093371896797,3.88041170565179,0.052072281011395,0.558185296129879,-1.2833933977619
"10977","TGFB1I1","TGFB1I1",-0.74570407591415,1.43677463221111,4.49869298844043,0.0520769791776718,0.558185296129879,-1.28335421577085
"7847","PEX7","PEX7",-0.231904125021126,3.46357516943646,4.00366738366922,0.0521053259549282,0.558185296129879,-1.2831178829458
"12161","WDR78","WDR78",-0.542680653264558,1.94314280125034,3.86800669259108,0.0524410160856792,0.559931935538697,-1.28032890210536
"3922","GDI1","GDI1",-0.163466551923955,6.37230837863432,3.8593019892973,0.0527014405445668,0.561577990269983,-1.2781775135919
"4529","HLF","HLF",-0.42071328562775,2.90743474369881,3.85851534464981,0.052725043717632,0.561577990269983,-1.2779830514876
"2910","DUSP16","DUSP16",-0.21741876709044,6.46842952938657,3.85075008358975,0.052958651891982,0.563600780870848,-1.27606307876709
"998","BCL2L11","BCL2L11",-0.20369070255009,5.35660528395556,3.84613530015644,0.0530980103924732,0.563715093538277,-1.274921751833
"11381","TOMM70","TOMM70A",-0.166535375862256,5.77013740392215,3.84373106606526,0.053170770747724,0.563715093538277,-1.27432704423618
"1210","C14orf132","C14orf132",-0.33445754767724,3.27964611820333,3.84321481566381,0.0531864082703192,0.563715093538277,-1.27419933701631
"1363","CAB39L","CAB39L",-0.269296327657408,3.42710288317699,3.84132394107747,0.0532437263172207,0.563861927765962,-1.2737315575855
"5422","LIN9","LIN9",-0.292963239367055,3.3247793048218,3.83609824749559,0.0534024794118535,0.564362000103375,-1.27243857874132
"12499","ZNF17","ZNF17",-0.302936640964031,3.2521911204309,3.83547474612462,0.053421455031754,0.564362000103375,-1.27228428734317
"11263","TMEM45B","TMEM45B",-0.298141782040938,3.73232683561481,3.82866826028994,0.0536290770953255,0.56609439964008,-1.27059967676164
"1952","CHID1","CHID1",-0.170914701309663,5.23557528003651,3.8213958056141,0.0538518751229338,0.56613176977525,-1.26879916996368
"6593","MMP24","MMP24",-0.324743323548703,3.02760313662796,3.81567881975153,0.0540277210397172,0.56613176977525,-1.2673833511865
"269","AGFG2","AGFG2",-0.300529040739884,4.58606860282666,3.81393374364565,0.0540815203064723,0.56613176977525,-1.26695110827516
"4309","H2AC20","HIST2H2AC",-0.257837223085255,3.13949887802463,5.30109498534163,0.054194379300938,0.56613176977525,-1.26604575340935
"2902","DUS2","DUS2L",-0.17696633319163,4.06007819670424,4.37997277952249,0.0542212331200307,0.56613176977525,-1.26583060975193
"12815","ZNF7","ZNF7",-0.169726183389487,5.02102462719664,3.80896955168848,0.0542348786378919,0.56613176977525,-1.26572132733262
"11207","TMEM192","TMEM192",-0.159274574460107,4.55139179539979,3.80882996596025,0.0542391976245514,0.56613176977525,-1.26568674373183
"12409","ZFP36","ZFP36",-0.334480045261454,9.0153288767194,3.80727919061258,0.0542872058583528,0.56613176977525,-1.26530251073937
"12817","ZNF700","ZNF700",-0.194190076702342,4.71865663224793,3.80050713493282,0.0544973902731441,0.566232137998658,-1.26362429436757
"9339","RRAGC","RRAGC",-0.257912619847948,3.86580350822075,3.79715973465801,0.054601607813695,0.566232137998658,-1.26279456875433
"10292","SNRNP70","SNRNP70",-0.345231193752976,6.12279845437183,3.7971546119979,0.0546017674667069,0.566232137998658,-1.26279329889574
"11796","UBE2O","UBE2O",-0.222383770659279,4.17800952720195,3.79596906576918,0.0546387297995876,0.566232137998658,-1.26249940536316
"5190","KIFC1","KIFC1",-0.59309443996077,1.66358423580591,5.69476698240493,0.0548889880653619,0.566232137998658,-1.26051477580757
"7722","PCLAF","KIAA0101",-0.372294778517082,2.94494308480359,3.78723926335746,0.0549117360801693,0.566232137998658,-1.26033482549261
"7223","NIPSNAP3A","NIPSNAP3A",-0.205245664564274,4.7753526686227,3.78689205235981,0.0549226247816508,0.566232137998658,-1.26024871577345
"12866","ZNF783","ZNF783",-0.25273934338003,3.97681903157129,3.78670844003327,0.054928383893518,0.566232137998658,-1.26020317863115
"5263","KMT5C","SUV420H2",-0.475669851288012,1.95574364172414,7.86089455246408,0.0549864771222314,0.566232137998658,-1.25974410383849
"4789","IL16","IL16",-0.139577276821045,8.27016318862249,3.78355290092943,0.0550274612412314,0.566232137998658,-1.25942052343013
"4245","GTF2E2","GTF2E2",-0.178874764654736,5.47538149667047,3.78304371377239,0.0550434667272634,0.566232137998658,-1.25929422133672
"1981","CHST10","CHST10",-0.624090098622381,1.63266009879329,3.77911724628055,0.0551670579258553,0.566232137998658,-1.25832017646707
"11835","UBTF","UBTF",-0.158109861743074,6.16076783059439,3.77565110409738,0.0552764087479709,0.566232137998658,-1.25746018038789
"3099","ELAC1","ELAC1",-0.21426979136118,3.83823577804262,3.77488180239369,0.0553007106177676,0.566232137998658,-1.2572692879468
"11608","TSPAN32","TSPAN32",-0.34492764515873,4.38851572407911,3.76994351617514,0.0554569837006073,0.566278790341743,-1.25604375534607
"10962","TFB2M","TFB2M",-0.159362832426249,5.08099735685005,3.76875029939328,0.0554948147862073,0.566278790341743,-1.25574759372307
"12276","YWHAE","YWHAE",-0.138157973772307,6.59600990145213,3.76647060531923,0.0555671702848254,0.566278790341743,-1.25518171876215
"8425","PRKCB","PRKCB",-0.191284111067958,7.11675734437167,3.75932004989493,0.0557947844819982,0.56731164850602,-1.25340639562427
"11837","UBXN10","UBXN10",-0.552467559352436,1.77578002868827,3.82748806512955,0.0559863379210973,0.568318280008134,-1.25191793887532
"2785","DNAJC21","DNAJC21",-0.166132721558818,5.22718340123007,3.74490319225133,0.0562567656297977,0.569701118649121,-1.24982524034554
"11397","TOR4A","C9orf167",-0.620846936450842,1.64098590623883,7.56905895269426,0.0562982220078758,0.569701118649121,-1.24950532067905
"8674","QDPR","QDPR",-0.186303357858023,5.11868916195583,3.73839860069505,0.0564665536154126,0.570946985631494,-1.24820871822176
"11086","TLN1","TLN1",-0.180792043302049,6.62150076908279,3.72982466925477,0.0567443751912218,0.572766258604929,-1.24607718161472
"4939","ISG20","ISG20",-0.13345034268298,7.65632347937502,3.72695786959281,0.0568375975420347,0.572766258604929,-1.24536428747026
"9174","RNPEPL1","RNPEPL1",-0.354004558565647,6.52888043173859,3.71894925121795,0.0570988994400205,0.572766258604929,-1.24337226253756
"9638","SEPTIN6","SEPT6",-0.15572777871887,8.47980189349028,3.71854312445319,0.0571121849284628,0.572766258604929,-1.24327122480768
"12220","XPO1","XPO1",-0.237401672727149,6.55034812144634,3.71763277057551,0.0571419771718965,0.572766258604929,-1.24304473665211
"173","ADAM10","ADAM10",-0.178878966440077,6.60597575361885,3.71588191154958,0.0571993230312634,0.572766258604929,-1.24260911116373
"6117","LYL1","LYL1",-0.502847005183957,1.92085604789018,4.18617360952304,0.0572377669453808,0.572766258604929,-1.2423173179978
"1034","BEX3","NGFRAP1",-0.286850733067653,5.43952122959233,3.71412601439391,0.0572568963990978,0.572766258604929,-1.24217219653929
"8582","PTDSS2","PTDSS2",-0.338131870255385,2.65323997591855,3.7105144840602,0.0573755103992488,0.573044208007577,-1.2412734380544
"11244","TMEM259","C19orf6",-0.205597440446603,5.24751662806845,3.70934082457025,0.057414114242577,0.573044208007577,-1.24098133087447
"11909","URB1","URB1",-0.224805089399577,3.49048631477318,4.32614932203974,0.0575829987706629,0.573311007714359,-1.23970572195812
"3611","FECH","FECH",-0.154885083278194,4.68047106840829,3.69770258609632,0.0577984413630847,0.573899483471023,-1.23808387293827
"3609","FDXACB1","FDXACB1",-0.197364114386982,3.88779440716181,3.69708067154192,0.0578190568794132,0.573899483471023,-1.23792899663989
"2273","CR2","CR2",-0.520863170797379,2.22125289132178,3.68883502285601,0.0580931405977585,0.574703946391545,-1.23587514431208
"7625","PAK1IP1","PAK1IP1",-0.158072789471757,4.7019212264478,3.68398420037601,0.0582550373358862,0.574703946391545,-1.23466651506433
"11525","TRIM62","TRIM62",-0.188975971325189,3.9037625024726,3.7435646620439,0.0583684370537732,0.574703946391545,-1.23382193574603
"5166","KIF15","KIF15",-0.600534429914751,1.62014752639753,4.29357975512517,0.0584611985515758,0.574703946391545,-1.2331322851298
"11083","TLE5","AES",-0.132846297882669,8.85310354241195,3.67590173462967,0.0585258758033377,0.574721033868391,-1.23265207863585
"10086","SMARCD3","SMARCD3",-0.371822839582926,2.36869936475372,4.75189908938758,0.0587428223319784,0.574721033868391,-1.231045191389
"10075","SMAP2","SMAP2",-0.21610644298494,6.94690092079981,3.66293504946724,0.0589632320695271,0.575168385759074,-1.22941871864478
"12655","ZNF446","ZNF446",-0.239189733142166,3.35094338080551,3.65637603044115,0.0591858088051547,0.575168385759074,-1.2277824131493
"7701","PCBP1","PCBP1",-0.209362465707149,8.92710048422104,3.650110095957,0.0593992895430033,0.575168385759074,-1.22621874945313
"2006","CINP","CINP",-0.156820447803223,4.42867513122661,3.64943241888368,0.0594224279461515,0.575168385759074,-1.22604960729382
"6897","MYH3","MYH3",-0.541623167043408,1.79178595198043,5.09477885974678,0.0595873206243888,0.575168385759074,-1.22484614241888
"8481","PRR3","PRR3",-0.239203053353666,3.30685521874312,4.49765714266545,0.0597707970887904,0.576357062912823,-1.22351095248228
"5051","KBTBD3","KBTBD3",-0.184077247330908,4.37732501523924,3.63017056329617,0.0600841971959566,0.577020875687689,-1.22123973719937
"10028","SLC7A1","SLC7A1",-0.195564477320989,4.53035003730172,3.62073578756494,0.0604112513634861,0.577588904826448,-1.21888216816677
"1947","CHFR","CHFR",-0.115601510452528,5.4696083548792,3.62057398832035,0.0604168768865713,0.577588904826448,-1.2188417283508
"3302","EVL","EVL",-0.170614855647832,7.20861963871797,3.6182877828386,0.0604964256000527,0.577923512009929,-1.21827028465384
"12719","ZNF559","ZNF559",-0.322101883943783,4.90557658640757,3.61558177491769,0.0605907280474773,0.578398465754175,-1.2175938290664
"8619","PTPN9","PTPN9",-0.250381127581343,5.06224957733118,3.61042848781519,0.0607707572015159,0.579264535764339,-1.21630535232487
"4936","ISCA2","ISCA2",-0.137209531207671,5.82467381577935,3.60693059724435,0.0608932855697051,0.580006166239481,-1.21543059243756
"2897","DTX3","DTX3",-0.268336723900281,3.11611875207278,3.60089514411752,0.0611053327342136,0.580097050454309,-1.21392088671358
"11239","TMEM250","C9orf69",-0.307248355370797,2.96898858584854,3.60076580375077,0.061109885675811,0.580097050454309,-1.21388852875621
"10567","STAMBP","STAMBP",-0.160345259352369,5.28709573053099,3.60029701200012,0.0611263908094535,0.580097050454309,-1.2137712462487
"11306","TMSB4X","TMSB4X",-0.117554654868385,13.3615106124399,3.59456168464447,0.0613287107892952,0.580554880200631,-1.2123361646616
"12646","ZNF438","ZNF438",-0.269288982359175,3.22022210496834,3.59089980583064,0.0614582671980534,0.580554880200631,-1.21141968874174
"7177","NFIL3","NFIL3",-0.531926210627249,1.75438616794941,3.74246903233257,0.0614671667959444,0.580554880200631,-1.21135680433879
"1497","CC2D1A","CC2D1A",-0.292049687135807,4.12062592085081,3.58967078665768,0.0615018160798553,0.580554880200631,-1.21111205980483
"7393","NT5DC3","NT5DC3",-0.197426978148608,3.94401936091083,3.58023051596579,0.0618374387636651,0.580554880200631,-1.20874850670038
"1326","C5orf34","C5orf34",-0.330556863223039,2.54312221422153,3.79408963479306,0.0618946189366729,0.580554880200631,-1.20834710651613
"2661","DHDDS","DHDDS",-0.175896551754659,4.24512480828158,3.56382692711004,0.0624253563223288,0.583041142958654,-1.2046389700278
"1495","CBX8","CBX8",-0.637287073145937,1.53928311549749,5.46787043272988,0.0628332294942531,0.584356775496364,-1.20181061789844
"3548","FBXO10","FBXO10",-0.333348036382487,3.07212348467378,3.54405979491965,0.0631418942186588,0.585514331077405,-1.19968239367644
"3889","GBE1","GBE1",-0.193885848786385,4.41961181483954,3.54188354978012,0.0632213245375483,0.585514331077405,-1.19913640958277
"4807","IL23R","IL23R",-0.578334310279632,2.16266470170633,3.54159795197824,0.0632317565589643,0.585514331077405,-1.19906475345059
"8528","PSMB4","PSMB4",-0.105174816491496,7.77474196912575,3.53896381990831,0.063328061537588,0.585983855794432,-1.19840380545781
"6268","MARCHF8","MARCH8",-0.230267746203269,3.29749678582499,3.77186815380743,0.0634767090632849,0.585983855794432,-1.19738559724019
"3424","FAM189B","FAM189B",-0.419757927887048,2.13508692247729,4.70268593193439,0.0635751169988474,0.585983855794432,-1.19671283190873
"8108","PLK1","PLK1",-0.633434596462226,1.53254503247077,4.30812763579107,0.0635986486517044,0.585983855794432,-1.19655211217144
"4546","HMGN2","HMGN2",-0.0879063883201283,9.19430811479246,3.52805070196631,0.0637287492084528,0.586541441331034,-1.19566460524833
"12333","ZC3H10","ZC3H10",-0.315423585833917,2.62403268381835,5.13862452982226,0.0638458904837373,0.586751035558198,-1.19486705137901
"6069","LRWD1","LRWD1",-0.211424547183283,3.72063215325781,3.52256701465393,0.0639311272810915,0.586751035558198,-1.19428763769594
"2175","COMMD1","COMMD1",-0.157949339906335,4.70957632045981,3.52196777270421,0.063953284843852,0.586751035558198,-1.19413714386834
"6968","NADK2","NADKD1",-0.181502584166266,4.3065551669111,3.52015938621325,0.0640202022845795,0.586949882853604,-1.19368295794981
"11266","TMEM53","TMEM53",-0.384099124045741,2.27753467045992,5.20312479053843,0.0640663714917319,0.586958359719095,-1.19336987232065
"5547","LOC100130890","LOC100130890",-0.27488110080776,2.96796869615378,3.64075611749703,0.064403531282941,0.589215099671082,-1.19109031936923
"12650","ZNF441","ZNF441",-0.345110989798102,4.8784131155188,3.50151174138106,0.0647146907362742,0.590579694921703,-1.1889971199267
"8685","QTRT2","QTRTD1",-0.163538017271262,4.49848604499262,3.49976116848739,0.0647803057021185,0.590579694921703,-1.1885570068595
"3905","GCH1","GCH1",-0.173342487735349,6.01932012917527,3.49063087329286,0.0651237009602268,0.592461271077855,-1.18626092659349
"2913","DUSP2","DUSP2",-0.32185291279387,8.26672989616275,3.48450345584481,0.0653552652049494,0.593735192929838,-1.18471941868262
"5410","LIMD2","LIMD2",-0.13073025630293,8.47991051948556,3.47957922936939,0.0655420075707712,0.594598926024905,-1.1834802601835
"10615","STK40","STK40",-0.196093284865069,4.25312430634813,3.47721912205939,0.0656317158744393,0.594996680670232,-1.18288624140726
"4814","IL32","IL32",-0.222334674403866,10.099859835347,3.45851099239031,0.0663475573355413,0.597729878074595,-1.17817506157458
"9904","SLC25A43","SLC25A43",-0.310451323253584,3.57909934791337,3.45562671167465,0.0664586737308789,0.597729878074595,-1.17744832988108
"4100","GPA33","GPA33",-0.288695555489759,4.90303874760845,3.45524881952562,0.0664732469452898,0.597729878074595,-1.17735310720476
"11572","TRPT1","TRPT1",-0.182381842953519,4.36444878674375,3.44803031474311,0.0667522931419723,0.597729878074595,-1.17553381038588
"6077","LSM2","LSM2",-0.154292510188994,4.64819259157661,3.44557231843127,0.0668476026310432,0.597729878074595,-1.17491416331267
"9347","RRM2B","RRM2B",-0.199956316390295,4.36009763489659,3.44533405398817,0.0668568492675194,0.597729878074595,-1.17485409406072
"987","BCAT2","BCAT2",-0.205736463400582,4.12951139556783,3.44514563984204,0.066864162284118,0.597729878074595,-1.17480659213531
"11334","TNFRSF25","TNFRSF25",-0.121605858247127,7.41961542726625,3.44475556733093,0.0668793051376474,0.597729878074595,-1.17470824777677
"4154","GPR35","GPR35",-0.45202497374998,1.99469302936893,3.4373129679472,0.0671689472115119,0.598043211511412,-1.17283145866594
"5374","LEMD2","LEMD2",-0.233003517643281,4.36125174406241,3.4341806613369,0.0672912543107013,0.598043211511412,-1.17204137636167
"6004","LRFN3","LRFN3",-0.424249682548392,2.16438810255859,5.36123035073673,0.067321695955248,0.598043211511412,-1.17184495189514
"3846","GALK1","GALK1",-0.239373691236709,3.62094137882065,3.42310669987479,0.0677256056643907,0.599735184375436,-1.16924710241843
"12279","YWHAQ","YWHAQ",-0.107962284522218,8.96922598783924,3.41960069797132,0.067863755912056,0.59988986707148,-1.16836210804573
"5122","KDM6B","KDM6B",-0.224567670055275,4.06232648216738,3.41678623014006,0.0679748789482059,0.59988986707148,-1.16765155714499
"1964","CHMP6","CHMP6",-0.196268370824957,5.18867029139655,3.40979267673791,0.0682518624539043,0.600699736509159,-1.16588549311626
"5581","LOC100132891","LOC100132891",-0.466340403256653,2.10627282483026,3.40436351505627,0.0684677345702741,0.601080025549593,-1.1645140416362
"8970","RETREG2","FAM134A",-0.19113302384938,5.77220092322565,3.3968103389493,0.0687692984602085,0.602393051265553,-1.16260540602608
"12601","ZNF343","ZNF343",-0.229701469354399,3.30243225786712,3.44040106706177,0.0688413153275404,0.602616993079745,-1.16215084034861
"6714","MRPL46","MRPL46",-0.176522197712304,4.34251113072298,3.39123526404378,0.0689928135896076,0.603129225537722,-1.1611961437688
"4244","GTF2E1","GTF2E1",-0.17494778832596,4.48204286399564,3.38415342915978,0.0692778792302633,0.604806142162991,-1.15940541563118
"12045","VPS25","VPS25",-0.138804371335367,5.40352322913356,3.38081235008279,0.0694128131892924,0.604917400567714,-1.15856035398652
"6401","MED8","MED8",-0.153582606275925,5.1871105125111,3.38037468086153,0.0694305102478476,0.604917400567714,-1.15844964308263
"10046","SLC9B1","SLC9B1",-0.34561456940869,2.45995696409985,5.58658837595714,0.0696819965859391,0.605887762539804,-1.15687941405904
"8510","PSEN1","PSEN1",-0.139317779328976,5.51313538430322,3.36909932889321,0.0698881256331551,0.60686656883462,-1.15559660694488
"8907","RBMS1","RBMS1",-0.136063176019566,7.09612914499568,3.3660122509975,0.0700139885208945,0.607552824803722,-1.1548151809786
"10337","SNX8","SNX8",-0.258019327367207,3.05050114711569,4.59926399800622,0.0703192612299258,0.609386623871628,-1.15292570058292
"505","ANXA5","ANXA5",-0.165788005134124,7.85650498856825,3.35283123086542,0.0705541768055239,0.610348781307467,-1.15147727092598
"2543","DCTN3","DCTN3",-0.123884181688348,6.11332920528848,3.35209295137218,0.0705845672640202,0.610348781307467,-1.15129024349112
"2342","CSNK1G2","CSNK1G2",-0.188595911645161,4.54716094684373,3.35046587326127,0.0706515945350589,0.610348781307467,-1.15087803211744
"9404","RUNX2","RUNX2",-0.163133978936954,5.81054806105236,3.34878571917978,0.0707208811029322,0.610348781307467,-1.15045233713868
"5136","KIAA0319L","KIAA0319L",-0.144384132368031,5.90016502884219,3.3473566520578,0.0707798716011986,0.610348781307467,-1.15009022953322
"4302","H1-5","HIST1H1B",-0.490163692806948,1.82222235272694,5.53385090029221,0.0708066689175779,0.610348781307467,-1.14992583641041
"2182","COMMD7","COMMD7",-0.123287623980645,6.26241536276627,3.34071596041264,0.0710546977762774,0.610458671689832,-1.14840720343857
"5158","KIAA1841","KIAA1841",-0.297696407595014,3.21089064900155,3.33818905888879,0.0711595795200162,0.610497354376858,-1.14776662681459
"7385","NSUN5P1","NSUN5P1",-0.230150012885123,3.32716749707418,3.75234668586562,0.0712474365625964,0.610497354376858,-1.1472307566773
"4974","ITM2C","ITM2C",-0.158229642804688,5.16352213416174,3.33268083033242,0.0713887901198333,0.610948637816552,-1.1463699782982
"4451","HERC2","HERC2",-0.171755247852097,5.07210895579278,3.33236295168533,0.0714020423695522,0.610948637816552,-1.1462893655748
"6937","MZT2B","MZT2B",-0.206835258263008,4.16326498196653,3.32794354565415,0.0715865641472542,0.611384132114766,-1.14516848138293
"4762","IGFLR1","IGFLR1",-0.165997060849413,5.93276417789923,3.32354903640296,0.0717705623867681,0.611433751647029,-1.14405365066732
"11723","TXN","TXN",-0.123266789633294,6.86404873507641,3.3231475120102,0.0717873999351031,0.611433751647029,-1.1439517760761
"12310","ZBTB34","ZBTB34",-0.482536457942354,1.92558553716323,3.32217902342223,0.0718280303330048,0.611433751647029,-1.14370604261913
"8045","PLAAT3","PLA2G16",-0.291691384311613,3.48480547518488,3.31297144270634,0.0722155660297603,0.612738618133676,-1.14136918037781
"12034","VMAC","VMAC",-0.187399744855236,3.89537212796717,3.30643693119651,0.0724919797764755,0.613374378724482,-1.13971003938064
"462","ANKRD33B","ANKRD33B",-0.581205590843878,1.59413966666147,4.67545599723485,0.0725288134558973,0.613374378724482,-1.13948942737448
"11199","TMEM184C","TMEM184C",-0.148523817814117,5.13602419094274,3.29141948991083,0.073131614008747,0.616555346660744,-1.13589484162624
"7771","PDE7B","PDE7B",-0.505099395535135,1.8587696622154,3.28988150390639,0.0731974681522875,0.616555346660744,-1.1355039406152
"9230","RPL23AP7","RPL23AP7",-0.251237019044619,3.09635159469246,4.4148933421769,0.07326139807661,0.616555346660744,-1.1351247977768
"8394","PRDX6","PRDX6",-0.123486353191779,6.91448170220643,3.28783591989246,0.0732851572150518,0.616555346660744,-1.13498397614111
"2214","COQ8B","ADCK4",-0.184842629392232,4.0149924454491,3.28466077854156,0.0734214949085086,0.617302043712302,-1.13417677722911
"909","AVEN","AVEN",-0.432929758843983,1.99432252189248,5.43391964022556,0.0738002925937734,0.618766442126908,-1.13194191633943
"4178","GRAMD1A","GRAMD1A",-0.233589989148348,5.5902849200389,3.27428494712293,0.0738689592288849,0.618766442126908,-1.13153801989517
"7514","OIP5-AS1","OIP5-AS1",-0.128467203029024,5.09522468671087,3.27398709118084,0.0738818483661898,0.618766442126908,-1.13146224797469
"202","ADCY3","ADCY3",-0.272682509897902,2.92650055470753,3.2701214038575,0.0740493515535873,0.619391636707037,-1.13047874022085
"6719","MRPL51","MRPL51",-0.16962425249281,5.41050079647941,3.26275405361534,0.0743697346902061,0.621126408879781,-1.12860376783059
"6228","MAP3K8","MAP3K8",-0.359355845532817,3.9563471988273,3.26033277439819,0.0744753590842841,0.621330439485799,-1.12798739414921
"9634","SEPTIN11","SEPT11",-0.189951948960694,6.10796466778061,3.25604825537459,0.0746626663016393,0.622127215111736,-1.1268965049078
"6677","MRPL10","MRPL10",-0.169914217938094,6.3429323404695,3.24532561451477,0.0751336912164489,0.623206657454633,-1.12416527433665
"8624","PTPRJ","PTPRJ",-0.135619166924708,5.63254732301516,3.24501985279475,0.0751471702933836,0.623206657454633,-1.1240873683586
"10107","SMIM12","C1orf212",-0.0834182171822489,6.49134296522209,3.24393960244362,0.0751948127929442,0.623206657454633,-1.1238121175613
"2264","CPSF3","CPSF3",-0.173518768190888,5.10825136142631,3.24391160802688,0.0751960478753206,0.623206657454633,-1.12380498428926
"1484","CBR4","CBR4",-0.223997236091902,4.17047182895425,3.24381335699402,0.0752003827766191,0.623206657454633,-1.12377994880529
"10621","STOML1","STOML1",-0.287442306773416,2.9073791031347,3.23260094699591,0.0756968815811618,0.624765087299687,-1.12092201138486
"2060","CLIP3","CLIP3",-0.404131605579161,2.24295637046176,3.59909357309913,0.0757057517332234,0.624765087299687,-1.12087112378781
"3998","GLI4","GLI4",-0.283553244516248,3.34295248677275,3.22916997439661,0.0758495246591731,0.625116214495708,-1.12004713654561
"1191","C11orf95","C11orf95",-0.753408260223875,1.33821196877423,4.73379981171191,0.0759047095200674,0.625116214495708,-1.11973127739668
"8052","PLAUR","PLAUR",-0.426442556665461,2.33927075363709,3.22669884567281,0.0759596731144531,0.625116214495708,-1.11941691287782
"12753","ZNF596","ZNF596",-0.358757133094679,2.68115407186813,3.22603643609888,0.0759892291882934,0.625116214495708,-1.11924796081902
"8962","REPS1","REPS1",-0.266292174479738,5.92363790564715,3.22194389255386,0.0761721137487846,0.625826999153251,-1.11820399272359
"12750","ZNF593","ZNF593",-0.190786443130641,3.67175234076053,3.31238786224287,0.0764595688297705,0.626601381193059,-1.11656815538028
"3388","FAM122B","FAM122B",-0.229507300181185,4.4237547837598,3.20738665589462,0.0768265506576368,0.628286498970097,-1.11448866523678
"8243","POMC","POMC",-0.38690970359163,2.30110932131634,3.20667032349549,0.0768589126544009,0.628286498970097,-1.11430576391973
"955","BAIAP3","BAIAP3",-0.414987242186028,3.06421341262066,3.1975371463524,0.0772728360428504,0.630478303134527,-1.11197314812565
"11365","TOB2","TOB2",-0.204608755546419,4.64348555579755,3.18683172179962,0.0777611249133128,0.631853369346586,-1.10923746541575
"2222","COTL1","COTL1",-0.106312353591227,9.4442663355809,3.18575119698968,0.0778105965372059,0.631853369346586,-1.10896125514062
"1116","BRD7","BRD7",-0.131403601246268,5.58695044246592,3.18530557392867,0.0778310093437018,0.631853369346586,-1.10884733740993
"11364","TOB1","TOB1",-0.235661260089871,8.87721537109203,3.17872692728039,0.0781330431104204,0.633466187338289,-1.10716526054482
"855","ATP6AP1","ATP6AP1",-0.116686581929643,6.5989682704289,3.17746774117097,0.0781910001610902,0.633466187338289,-1.10684323166276
"6605","MOB2","MOB2",-0.128236905583129,5.46287018745127,3.17108511060986,0.0784855013567829,0.633466187338289,-1.10521056315668
"9124","RNF144B","RNF144B",-0.3070623664544,2.72889615974431,3.17039513429111,0.0785174103003684,0.633466187338289,-1.10503403294884
"3806","FUZ","FUZ",-0.246888655019286,3.08424533257408,4.63093161478468,0.0789229272136338,0.633466187338289,-1.10279681534645
"936","B4GALT5","B4GALT5",-0.297042243530192,3.23530651505628,3.16067110484702,0.0789686272286028,0.633466187338289,-1.1025454115909
"11369","TOLLIP","TOLLIP",-0.155558662925943,4.92725141321372,3.15804862875993,0.0790908020654989,0.633466187338289,-1.10187402022506
"5243","KLHL5","KLHL5",-0.20974019672018,5.65601497426406,3.15550089593672,0.0792096932394505,0.633466187338289,-1.10122166862751
"10534","SSU72","SSU72",-0.108377863386674,7.42015403872904,3.15489896550538,0.0792378112140212,0.633466187338289,-1.10106752948384
"3353","FAAP20","C1orf86",-0.169702431685509,4.3768250344811,3.1537935460133,0.07928947717478,0.633466187338289,-1.10078444582446
"2589","DDX42","DDX42",-0.159652588980849,5.29274577747325,3.15110505693646,0.0794152880867701,0.633466187338289,-1.10009588431597
"3986","GK","GK",-0.261808747602525,3.72799448266345,3.14872338253095,0.0795269240950816,0.633466187338289,-1.09948581465986
"11471","TRAPPC12","TRAPPC12",-0.226122795739123,3.51937335490319,3.14706773201023,0.0796046306288218,0.633466187338289,-1.09906166846771
"2270","CPTP","GLTPD1",-0.29052354764551,4.48704547573204,3.14473545929302,0.0797142351233277,0.633466187338289,-1.09846411670332
"8872","RBM12","RBM12",-0.113222708215324,6.86008122903927,3.14440045730746,0.0797299920337036,0.633466187338289,-1.09837827929958
"3456","FAM241A","C4orf32",-0.200727056237303,3.94343333608788,3.14437619227579,0.0797311334787778,0.633466187338289,-1.0983720618181
"2702","DIP2B","DIP2B",-0.141074864662385,5.99952420088436,3.14195019985563,0.0798453444700276,0.633466187338289,-1.09775040112751
"3034","EHBP1L1","EHBP1L1",-0.280041763443819,3.44799510266398,3.14110453928847,0.0798851986807555,0.633466187338289,-1.0975336803449
"3825","G6PC3","G6PC3",-0.184854275743842,3.65646264455564,3.24552938460708,0.0802024771481704,0.63520557755996,-1.09581221781101
"5912","LOC643837","LOC643837",-0.247527136047361,3.23339175120047,3.13284688096355,0.0802755135691888,0.63539611807998,-1.09541690731797
"7761","PDE4A","PDE4A",-0.28829645970721,2.70859219459447,3.20050053287776,0.0803628788174305,0.635699772499101,-1.09494451403267
"10846","TBC1D2B","TBC1D2B",-0.186028638580278,4.86679657734386,3.12424775443227,0.0806841933970195,0.637147231697017,-1.09321153829939
"1320","C5","C5",-0.436843871392016,2.02210574614072,3.85861279993665,0.080693201393525,0.637147231697017,-1.09316305414602
"2640","DET1","DET1",-0.27189912919395,2.95174320892598,3.12226664309249,0.0807786703663841,0.637241143904344,-1.09270329968416
"9471","SART1","SART1",-0.333802990191783,5.3316961782903,3.11967158798036,0.0809026093224227,0.637249271851724,-1.09203747101993
"11539","TRIP6","TRIP6",-0.312797533465895,2.55945178393963,4.53698524583299,0.0814557952656705,0.638337827806197,-1.08907801187889
"11914","URM1","URM1",-0.131774664036242,5.11348329707324,3.10006332868915,0.0818458679746822,0.639853635456614,-1.08700324125011
"12269","YRDC","YRDC",-0.176306541055397,4.49096822279858,3.09751790298628,0.0819691989621858,0.639853635456614,-1.08634930900271
"9746","SH3GLB2","SH3GLB2",-0.197646060328443,3.90500966681374,3.09743790987293,0.0819730780951894,0.639853635456614,-1.08632875681704
"9657","SERPINB9P1","MGC39372",-0.347962822798542,2.7254377600494,3.09632136116857,0.0820272443180665,0.639891425458976,-1.08604187820351
"12808","ZNF688","ZNF688",-0.271672996517074,4.10043613454119,3.09169948106306,0.0822518803347818,0.640099003493311,-1.08485416499275
"8110","PLK3","PLK3",-0.169294273324935,6.53489856480849,3.08978508843058,0.0823451228663217,0.640099003493311,-1.0843621181089
"6747","MRPS33","MRPS33",-0.140969912460734,4.79993710762486,3.08924903703524,0.0823712526220691,0.640099003493311,-1.0842243296371
"3939","GFI1","GFI1",-0.320727356692052,3.06865019505181,3.08663479592919,0.0824988140490234,0.640099003493311,-1.08355229454907
"1157","BTG1","BTG1",-0.19543636845198,10.4443703264025,3.08658844231579,0.0825010778223151,0.640099003493311,-1.08354037764127
"923","B3GALT4","B3GALT4",-0.16673380552983,4.26369675844701,3.08598593431587,0.0825305087385171,0.640099003493311,-1.08338547778354
"9019","RGS5","RGS5",-0.294033620246066,2.76099061662831,3.12390503935065,0.0831942901772351,0.642484728392147,-1.07990647935366
"984","BCAS3","BCAS3",-0.133618510127955,5.42213269266309,3.07239408556724,0.0831975091666168,0.642484728392147,-1.07988967576921
"8980","RFC2","RFC2",-0.143139612031575,4.51654309994802,3.07013010919387,0.0833091849757837,0.642484728392147,-1.07930711426674
"9789","SIN3B","SIN3B",-0.158867800778601,4.30040221536285,3.06930000008921,0.0833501732740294,0.642484728392147,-1.07909349299402
"5491","LMNA","LMNA",-0.315645666603514,5.7963146961422,3.06702076270438,0.0834628292048684,0.642507973710769,-1.07850689775471
"2388","CTSH","CTSH",-0.250434882012108,5.69982647927821,3.06466401871209,0.083579492083284,0.642507973710769,-1.07790027241347
"12729","ZNF57","ZNF57",-0.325339153887707,2.69500562637231,3.06411438666869,0.0836067255835213,0.642507973710769,-1.07775878516475
"1095","BOP1","BOP1",-0.195943776524979,4.63615530682246,3.06289394179021,0.0836672318075781,0.642507973710769,-1.07744459973165
"3336","EYA3","EYA3",-0.135602827504988,5.03941737516289,3.06223591728681,0.0836998747838741,0.642507973710769,-1.07727519171658
"6424","METTL1","METTL1",-0.269750207374228,2.92635295974929,3.05324852817273,0.0841471214904857,0.644189110898029,-1.07496073580438
"6767","MSANTD4","KIAA1826",-0.143433502694074,5.10206364200341,3.05226930070586,0.0841960101131051,0.644189110898029,-1.07470848839249
"1985","CHST2","CHST2",-0.46382652924523,2.67547953015928,3.05166214478207,0.0842263384881955,0.644189110898029,-1.07455207867372
"6882","MXD4","MXD4",-0.143935706005555,5.12178939751426,3.05085909630188,0.084266470453554,0.644189110898029,-1.07434519635581
"12412","ZFP37","ZFP37",-0.319598635330636,2.61128402994554,3.04844683509213,0.0843871485746746,0.644731730541374,-1.07372368759323
"1815","CEBPD","CEBPD",-0.496515621586981,1.7412725130425,3.04731496384448,0.0844438381693078,0.644785116286304,-1.07343203521909
"10403","SPATS2L","SPATS2L",-0.291846814259272,3.8171370027523,3.04431508541126,0.0845942893373265,0.64500158232491,-1.07265895366307
"7426","NUDT18","NUDT18",-0.209388051587394,4.06337709642918,3.04214017841992,0.0847035505563935,0.64500158232491,-1.07209838477282
"7461","NUP62CL","NUP62CL",-0.334041612260835,2.40237816011213,3.58007609679641,0.0848647090116701,0.64500158232491,-1.07127287357055
"2287","CREBL2","CREBL2",-0.224978743808775,6.45720293221891,3.03600859822618,0.0850124206005308,0.64500158232491,-1.07051761776573
"1115","BRD4","BRD4",-0.180757386063833,5.01541531245605,3.03581862637506,0.0850220099446236,0.64500158232491,-1.07046863240182
"7198","NHLRC1","NHLRC1",-0.514819751091469,1.71844611147903,3.24502809228458,0.0851941000148883,0.64500158232491,-1.0695904805819
"10688","SUN2","SUN2",-0.235200531448367,8.77092608839454,3.02900307870204,0.0853668317563754,0.64500158232491,-1.06871083637446
"5468","LINGO3","LINGO3",-0.400067549818907,2.32294770682002,3.02103916472624,0.0857717045299695,0.64500158232491,-1.06665595915863
"6688","MRPL20","MRPL20",-0.14926795838271,5.57396201104383,3.01890159457007,0.0858807346677314,0.64500158232491,-1.06610424904276
"2747","DMWD","DMWD",-0.246851148181202,2.97090179263355,3.53393406273441,0.0858921023705887,0.64500158232491,-1.0660467669552
"11898","UQCC1","UQCC",-0.158933907810066,4.09423457762533,3.43248838651348,0.0860143537206413,0.64500158232491,-1.06542906943655
"3772","FRS3","FRS3",-0.474275442469085,1.81751697860283,5.58154409732274,0.0860439621601119,0.64500158232491,-1.06527959939274
"10014","SLC4A7","SLC4A7",-0.145292421069243,6.93498512710249,3.01206046105991,0.0862307043380109,0.64500158232491,-1.06433806653926
"2423","CXCR5","CXCR5",-0.239239148488199,5.61333533187416,3.01023356794511,0.086324427566444,0.64500158232491,-1.06386629285756
"10572","STARD10","STARD10",-0.278339280832358,2.74919310759452,4.08168463074075,0.0863844577355456,0.64500158232491,-1.06356438861919
"2686","DHX36","DHX36",-0.192624578640958,6.66523895029501,3.00901947192185,0.0863867751332209,0.64500158232491,-1.0635527381493
"3976","GINS2","GINS2",-0.354782131891591,2.59575086633943,3.00135082572787,0.0867817314264036,0.645869676280885,-1.06157168929056
"1254","C1orf122","C1orf122",-0.219339855779525,3.90022330903729,2.99690618204794,0.0870115528999874,0.645912474220627,-1.06042308039734
"11033","TICAM1","TICAM1",-0.200654285063082,3.95493596464987,2.99391885268781,0.0871663970071717,0.645912474220627,-1.05965090505532
"4123","GPD2","GPD2",-0.243082687770276,3.9314046572817,2.99292980738617,0.0872177296845316,0.645912474220627,-1.05939522238987
"1327","C5orf51","C5orf51",-0.163732589580431,5.61795006732522,2.99085352444946,0.0873255997307971,0.645912474220627,-1.05885842305211
"8643","PUS10","PUS10",-0.236148458575432,3.07625592542684,4.19810582226114,0.0873713698841848,0.645912474220627,-1.05863085498896
"11994","VAMP2","VAMP2",-0.116772083864512,7.35185760614806,2.98817541414805,0.0874649539322071,0.645912474220627,-1.05816592826613
"6569","MLEC","MLEC",-0.236870008699696,5.51890288046399,2.98441353918537,0.087661115365182,0.645912474220627,-1.05719300785657
"12448","ZKSCAN4","ZKSCAN4",-0.278652578466858,2.82413947827899,2.98394941850823,0.087685350327726,0.645912474220627,-1.05707295855273
"8183","POGLUT3","KDELC2",-0.167026101374472,4.67769234774062,2.98166036971982,0.0878049855268815,0.645912474220627,-1.05648082435194
"11537","TRIP13","TRIP13",-0.47296835536444,1.79897514534468,5.20958435012498,0.0879268685141439,0.645912474220627,-1.05587839381842
"6901","MYL12B","MYL12B",-0.078556378237659,9.50873887833815,2.97574508122855,0.0881149771099315,0.645912474220627,-1.05495026725905
"12127","WDR3","WDR3",-0.165264420559948,4.94350129814195,2.97552565028562,0.0881264996046026,0.645912474220627,-1.05489347976551
"1689","CD55","CD55",-0.208356071016103,7.82439198044029,2.97349324319831,0.0882333019091488,0.646330110484126,-1.05436746809174
"7569","OTUD4","OTUD4",-0.14605507308309,5.65774234616831,2.97056444720387,0.0883874602242257,0.646729002531799,-1.05360934518739
"11780","UBE2D4","UBE2D4",-0.129455229225422,4.76491030034989,2.96752656983727,0.0885476739162746,0.646876194352863,-1.05282284292783
"1719","CDC16","CDC16",-0.171968528308172,4.61061000575412,2.96734676706082,0.08855716651281,0.646876194352863,-1.05277628765257
"3736","FOSL2","FOSL2",-0.356307668983415,4.33927754654828,2.9644659030449,0.0887094134041603,0.647259403876362,-1.0520302925407
"7586","P2RX5","P2RX5",-0.263107021180921,2.86156046296516,3.10266884462381,0.0888194695423676,0.647334257512997,-1.05149182489698
"59","ABHD16B","ABHD16B",-0.446801848812118,1.91912401995243,5.0981411957313,0.0890244298312298,0.647551868065577,-1.05049079914142
"11761","UBAC1","UBAC1",-0.170154795247967,3.87773900344969,3.1617329559138,0.0890989042239308,0.647551868065577,-1.0501276370678
"6639","MPHOSPH6","MPHOSPH6",-0.215256165350526,4.87490394722609,2.95576855018347,0.0891708021185603,0.647711543048199,-1.04977732672925
"6704","MRPL39","MRPL39",-0.168100973204542,5.25341349094461,2.95421414447097,0.0892535407853274,0.64794973956802,-1.04937454593816
"5012","JMJD7","JMJD7",-0.182546619261393,3.6585077115977,3.74262262595155,0.0893038796727663,0.647952590041833,-1.04912967343089
"11871","ULBP2","ULBP2",-0.665029103263999,1.38991937771822,3.57040697806326,0.0893914837044328,0.64822566690755,-1.04870385431758
"474","ANKRD46","ANKRD46",-0.239571628602838,3.90184040118737,2.94745079298322,0.0896145311127683,0.649480062640192,-1.04762156321273
"2168","COL6A2","COL6A2",-0.39114618659695,2.6633540846488,2.94528788499131,0.0897303149350433,0.64991918689724,-1.04706080796159
"1041","BHLHE40","BHLHE40",-0.28476318677803,5.62933455884469,2.93827304782245,0.0901069675327231,0.651169728615037,-1.04524162584647
"10065","SMAD1","SMAD1",-0.584798024123365,3.289601575466,2.93509498106725,0.0902781838279241,0.651169728615037,-1.04441718642906
"7656","PARK7","PARK7",-0.0984452963631145,7.60457665114046,2.93493786377798,0.0902866577318566,0.651169728615037,-1.0443764235686
"3632","FGFBP3","FGFBP3",-0.284676259712526,2.68007760229739,2.9338292623608,0.0903464735791209,0.651169728615037,-1.04408879423772
"6368","ME3","ME3",-0.493104410126907,1.77389478736959,2.94368778087585,0.0903791773533283,0.651169728615037,-1.0439316160092
"8453","PROK2","PROK2",-0.50796987765445,1.78966497544837,3.19225315543998,0.0905357443066295,0.651369872566998,-1.04317992366433
"7822","PEMT","PEMT",-0.143742340142214,4.27374767209192,2.92695313296688,0.0907184616483528,0.652016954550737,-1.04230432290549
"12825","ZNF710","ZNF710",-0.279971605688595,2.70917234299128,3.29396970665315,0.0909566518115678,0.652110639931065,-1.04116553475967
"10781","TAF6","TAF6",-0.156881591253409,4.87021647542896,2.92003694779995,0.0910943234802203,0.652110639931065,-1.04050868513487
"4994","JADE2","PHF15",-0.139112743603444,5.10072893579826,2.91846499168357,0.0911799915045772,0.652110639931065,-1.04010045259814
"10654","STX6","STX6",-0.179621160907022,4.87034878246645,2.91843933413828,0.0911813905201744,0.652110639931065,-1.0400937890738
"9822","SLAMF1","SLAMF1",-0.130329147005611,5.63893450623343,2.91839335995924,0.0911838973895746,0.652110639931065,-1.0400818490872
"6057","LRRC8B","LRRC8B",-0.156062262123895,6.14430514100117,2.9166225378827,0.0912805143304256,0.652441935211356,-1.03962192150136
"6345","MCRIP1","FAM195B",-0.110448605985773,5.78679902389946,2.91316487270883,0.0914694924267026,0.652601855020855,-1.03872373085148
"2987","EDEM1","EDEM1",-0.0948115379157795,6.68506924246233,2.90926765939878,0.091683012260906,0.652601855020855,-1.03771112632347
"8323","PPP1R16A","PPP1R16A",-0.266544084874082,2.81809326139796,4.44279138081853,0.0918922222508238,0.652857502332934,-1.03672124570306
"12564","ZNF28","ZNF28",-0.283060593928406,3.26928326243009,2.90229733988976,0.0920662756240861,0.653736066596206,-1.03589942509684
"5198","KLC2","KLC2",-0.212489328016838,3.35936886812839,3.25503755757488,0.0921348627587547,0.65380336108867,-1.03557600673196
"2564","DDIT4","DDIT4",-0.303263896478842,8.74114738710081,2.89733874025705,0.0923400022583408,0.65380336108867,-1.03461011916343
"11432","TPR","TPR",-0.11166243446061,8.21691811668749,2.89714227906473,0.0923508658994476,0.65380336108867,-1.03455902817621
"12842","ZNF747","ZNF747",-0.196324269693091,3.49100399575667,4.02163418122758,0.0923772637958203,0.65380336108867,-1.03443490565275
"3365","FAHD2B","FAHD2B",-0.245795597236778,3.00106871472161,5.28355209960645,0.0923781361963718,0.65380336108867,-1.03443080424358
"4034","GNA15","GNA15",-0.331207148898392,3.70375209623428,2.89117325452422,0.0926816073479154,0.65425285575066,-1.03300644298438
"9121","RNF14","RNF14",-0.134171111090293,5.3843169363255,2.88774450315424,0.0928721852331592,0.65425285575066,-1.0321143356134
"1463","CASTOR1","GATSL3",-0.217476134005616,3.97264847557787,2.88739387563177,0.092891698324815,0.65425285575066,-1.03202309690866
"2842","DPEP3","DPEP3",-0.631134888118787,1.42857683949008,4.15292663341711,0.0929299656463318,0.65425285575066,-1.0318442233968
"9605","SELENON","SEPN1",-0.216152573177992,3.25540204790537,2.89103872745038,0.0929459657094324,0.65425285575066,-1.03176945589913
"966","BAZ2B","BAZ2B",-0.166401186568669,6.43345632140829,2.87842148588338,0.0933925746830984,0.655917818871033,-1.02968765163231
"1649","CCZ1B","CCZ1B",-0.304492603350051,2.55178538838953,3.93485677816517,0.0934156288111876,0.655917818871033,-1.029580458474
"6122","LYPLAL1","LYPLAL1",-0.177689496245807,4.97085938578767,2.87501308167591,0.093583628371513,0.656478358692858,-1.02880012059737
"8432","PRKCZ","PRKCZ",-0.221559720214116,3.66578984222732,2.87179419346155,0.0937644560268241,0.657161689916796,-1.02796176158755
"1746","CDCA7","CDCA7",-0.222951286029023,4.88699645490251,2.86701384274897,0.0940337158200426,0.65731796104179,-1.02671640204679
"1589","CCL20","CCL20",-0.54351497718101,1.99317193331802,2.86616464523391,0.0940816374679516,0.65731796104179,-1.02649513241263
"7250","NLRP6","NLRP6",-0.302435229681244,3.11607298689956,2.86600301025686,0.0940907618634552,0.65731796104179,-1.02645301492213
"11585","TSEN15","TSEN15",-0.132463157861446,6.07850416105881,2.85830619315118,0.0945263877515872,0.659296144248033,-1.02444693799682
"1595","CCNA2","CCNA2",-0.319697860453706,2.4172655814884,3.90173873901714,0.094728742642122,0.659416627517793,-1.02351822715393
"10163","SNHG7","SNHG7",-0.249899545930228,4.501848896352,2.85367719028667,0.094789455700421,0.659416627517793,-1.02323997052917
"3115","ELMOD2","ELMOD2",-0.165035996764353,5.0251426446527,2.8535303905327,0.0947978116334451,0.659416627517793,-1.02320168804684
"3042","EID1","EID1",-0.0886911152941136,8.68128301866959,2.84694019580907,0.0951737710412335,0.660678826689298,-1.02148272243014
"4346","H4C3","HIST1H4C",-0.156164316670445,8.15602195734704,2.84549581866251,0.0952563907006619,0.660678826689298,-1.02110587808878
"8346","PPP2R2D","PPP2R2D",-0.147513978802154,4.52565570912745,2.84499897679766,0.0952848288549816,0.660678826689298,-1.0209762417443
"290","AHCYL2","AHCYL2",-0.23974703625469,3.59165237861929,2.84265585622942,0.0954190708035706,0.660772494307418,-1.02036481694128
"645","ARHGEF39","C9orf100",-0.280958219144181,2.67279145178393,3.92097790258411,0.0954777896140857,0.660772494307418,-1.02009764380769
"7727","PCNA","PCNA",-0.172145896938827,5.03301303087078,2.8340356681116,0.0959147441962034,0.660772494307418,-1.01811462712693
"10874","TBX21","TBX21",-0.361337124863936,3.40077478501294,2.8325739482775,0.0959990777369344,0.660772494307418,-1.01773293920714
"2108","CMYA5","CMYA5",-0.671505771133356,1.36906099420004,3.81693672678654,0.0960102588751639,0.660772494307418,-1.01768235930592
"5834","LOC338817","LOC338817",-0.344626996270773,2.26368056682345,4.47629470294735,0.0961983477051465,0.660772494307418,-1.01683238730418
"1470","CATSPERB","CATSPERB",-0.38707535946283,2.10158258808612,2.82851955653699,0.0962334250973878,0.660772494307418,-1.01667405671421
"2215","COQ9","COQ9",-0.192739741123743,4.3151091200249,2.82687724475732,0.0963285324803335,0.660772494307418,-1.01624505593462
"2005","CILK1","ICK",-0.133552799471041,4.41362264186064,2.9680703851643,0.0963641730559873,0.660772494307418,-1.01608440111926
"11822","UBOX5","UBOX5",-0.143466231903582,4.66853213612863,2.82594269012211,0.0963826996682633,0.660772494307418,-1.01600091332627
"554","APLF","APLF",-0.244389699579485,3.32454625685603,2.82541732671827,0.0964131647777096,0.660772494307418,-1.01586366111838
"4248","GTF2H1","GTF2H1",-0.16191265275078,5.27866683789459,2.82461364589661,0.0964597897878583,0.660772494307418,-1.01565368885901
"11395","TOR2A","TOR2A",-0.172816927232242,4.04793280587374,2.82453906905508,0.0964641175807291,0.660772494307418,-1.01563420411408
"7431","NUDT4","NUDT4",-0.278855580168835,3.03957139657213,2.82427997682037,0.0964791547188153,0.660772494307418,-1.01556651016415
"735","ASB13","ASB13",-0.250471739138079,4.08694515244721,2.82212929905988,0.0966040756159433,0.660772494307418,-1.01500455080835
"170","ADA","ADA",-0.150059155061337,6.25313152584773,2.82143880397622,0.0966442206414986,0.660772494307418,-1.01482411182221
"11343","TNFSF8","TNFSF8",-0.169551850629834,7.90533087764941,2.81338347649871,0.0971139220088273,0.660772494307418,-1.01271850625881
"8309","PPOX","PPOX",-0.16697529902388,4.68989439233681,2.81242394635232,0.0971700401266504,0.660772494307418,-1.01246761792696
"11056","TIMM8B","TIMM8B",-0.131148873221912,4.70293063588564,2.81075130388503,0.0972679506069351,0.660772494307418,-1.01203023442241
"5017","JPT1","HN1",-0.137155688599715,6.47776580480319,2.80621277626965,0.0975341713031226,0.660772494307418,-1.01084320165123
"7200","NHLRC3","NHLRC3",-0.184515842426185,4.66753770558212,2.8052009814329,0.0975936311979286,0.660772494307418,-1.01057852276204
"2101","CMTM3","CMTM3",-0.189379152740346,6.46631432765384,2.79943703491284,0.0979331274609384,0.660772494307418,-1.00907037622668
"632","ARHGDIA","ARHGDIA",-0.156769687575985,7.15677679416581,2.79909682098277,0.097953206955324,0.660772494307418,-1.00898134078
"10306","SNTB2","SNTB2",-0.16011338486463,4.20228518410373,2.79855769054022,0.0979850358960733,0.660772494307418,-1.00884024393997
"10082","SMARCC1","SMARCC1",-0.141914301902166,6.68843030488652,2.79697730679698,0.0980784040135245,0.660772494307418,-1.00842660985012
"5200","KLF10","KLF10",-0.310582918966968,5.23744298909781,2.79651812697077,0.0981055505826447,0.660772494307418,-1.00830642055869
"5283","KRIT1","KRIT1",-0.142474328260849,5.42724254968783,2.79489458170922,0.0982016009423188,0.660772494307418,-1.00788143202214
"11071","TK1","TK1",-0.357437691227753,2.59216173612924,2.79232175570414,0.0983540253381425,0.660856912898249,-1.00720786099763
"5660","LOC100505761","LOC100505761",-0.174168282266857,4.84827663451046,2.79107362264949,0.0984280642336386,0.660856912898249,-1.00688105599879
"2669","DHRS12","DHRS12",-0.133044957369915,4.79532158246451,2.78728751717153,0.0986530335619775,0.661075180060937,-1.00588955573393
"7364","NS3BP","NS3BP",-0.634061366564777,1.41817165599467,4.00781976130262,0.0986542471747455,0.661075180060937,-1.00588421315025
"3321","EXOSC1","EXOSC1",-0.133341778678579,5.43580600752332,2.78434066382248,0.098828529723352,0.661559605831293,-1.0051176656063
"9667","SESN2","SESN2",-0.307933407476966,3.49759489446383,2.77896970199122,0.0991492827145764,0.661998787779825,-1.00371042330667
"3753","FOXP3","FOXP3",-0.280962957346802,4.29177189011251,2.77684703005547,0.0992763668329471,0.662155628764748,-1.0031541248743
"4173","GPX1","GPX1",-0.127176293772223,6.43719107697809,2.77236843385511,0.0995450936414429,0.66270271527835,-1.00198014052816
"1229","C17orf100","C17orf100",-0.362128175361434,2.21041823983553,3.03962856357085,0.0996740411398696,0.66270271527835,-1.00141793354033
"8865","RBFOX2","RBFOX2",-0.597175640037858,1.46232259760461,3.06655226719125,0.0996777901948334,0.66270271527835,-1.00140159866271
"11963","USP51","USP51",-0.342250017670424,2.32800873628127,2.76399148217519,0.10004990267082,0.6632332076385,-0.999783329511992
"8387","PRDM4","PRDM4",-0.157827735509357,4.86563846576493,2.76246663983958,0.100142097762599,0.663505329047085,-0.999383315302013
"8091","PLEKHG4","PLEKHG4",-0.261965965098671,3.66009131277938,2.7577123112105,0.100430160662043,0.664315257002798,-0.998135842549108
"11117","TMCC1","TMCC1",-0.180916246571475,4.12519094788631,2.75657913618051,0.100498955080136,0.664315257002798,-0.997838453719016
"7161","NEURL4","NEURL4",-0.29866373704716,2.48786588865602,4.40704778270737,0.100520376897903,0.664315257002798,-0.997745891703292
"12165","WDR83OS","WDR83OS",-0.104698681050513,6.15770335470155,2.75388867481552,0.10066250132344,0.664915799220463,-0.997132282189716
"5457","LINC01465","C12orf61",-0.535854860501448,1.58964516177469,5.06210521238008,0.100928990749968,0.665452388563138,-0.995984069498282
"61","ABHD17B","FAM108B1",-0.162457481975572,5.37327243372759,2.7491885986371,0.100948917034784,0.665452388563138,-0.995898335743027
"3537","FBXL17","FBXL17",-0.220477335238364,3.77191310528851,2.74415815727541,0.101256468646524,0.666299539701359,-0.994577222851519
"203","ADCY4","ADCY4",-0.444271769580462,1.83547618336911,7.82793676955232,0.10142115118619,0.666299539701359,-0.993871464277471
"7056","NCSTN","NCSTN",-0.107467443976652,6.24623081530273,2.74070748530553,0.101468038454017,0.666299539701359,-0.993670735179116
"5359","LCP1","LCP1",-0.0921769334818317,10.4278140714199,2.74037722316742,0.101488313454859,0.666299539701359,-0.99358396459093
"6818","MTHFD1","MTHFD1",-0.139600585432609,5.4595499787762,2.73857991938559,0.101598730057886,0.666478832974977,-0.993111720519615
"10392","SPATA2L","SPATA2L",-0.26391171745987,2.9883414311833,2.73826043610848,0.101618371357782,0.666478832974977,-0.993027769827183
"433","ANKEF1","ANKRD5",-0.2140981299243,3.4249231540637,2.73680049685577,0.101708179740601,0.66673078108884,-0.992644118135727
"2233","COX5A","COX5A",-0.0882740244559143,7.19402017401508,2.73219123666477,0.101992298820379,0.667136365521952,-0.991432619474166
"158","ACTR3B","ACTR3B",-0.236829549872408,2.99954080248339,3.96311586398,0.103079692319947,0.667995676744429,-0.986826886434175
"6310","MBOAT7","MBOAT7",-0.190945348307188,3.91476879612535,2.71242085090572,0.103221020178415,0.667995676744429,-0.986231852922851
"11185","TMEM169","TMEM169",-0.346140225244334,2.2143123586134,2.82043402477894,0.103239908415369,0.667995676744429,-0.986152389392772
"3029","EGLN3","EGLN3",-0.378455963306928,2.64715906523571,2.71035668172279,0.103350254301999,0.668185673539895,-0.985688450417255
"5115","KDM4B","KDM4B",-0.196878470211739,4.10525118050154,2.70619747133323,0.103611202883685,0.668185673539895,-0.98459328428649
"7094","NDUFB2","NDUFB2",-0.124552940253778,6.20084401204489,2.70405513486002,0.103745899100168,0.668185673539895,-0.984029061202545
"4971","ITK","ITK",-0.100497168572733,8.73426421445344,2.70204269008207,0.103872606194896,0.668185673539895,-0.983498971663443
"281","AGPAT4","AGPAT4",-0.171616661188574,4.29850614392612,2.70184672617991,0.103884953634076,0.668185673539895,-0.983447349718017
"11848","UCK2","UCK2",-0.291043351854573,2.59909184512328,2.76052469104804,0.103887343215137,0.668185673539895,-0.983437360110311
"8070","PLD2","PLD2",-0.195865859380252,3.45443464704902,2.69610916931555,0.104247195434643,0.668997526690433,-0.98193562003423
"8208","POLR1B","POLR1B",-0.167316917182985,4.69363899123233,2.69533333191352,0.104296285971748,0.668997526690433,-0.981731156680799
"8650","PVT1","PVT1",-0.111284033645511,6.01706026507692,2.69501390467069,0.104316504976748,0.668997526690433,-0.981646971983509
"3288","ETS1","ETS1",-0.12866047035201,8.04230295060999,2.694911652521,0.104322978223599,0.668997526690433,-0.981620023149615
"9903","SLC25A42","SLC25A42",-0.216888472851087,3.47221280289367,2.69315839581016,0.104434040772547,0.669157123405452,-0.981157917904606
"11098","TM2D2","TM2D2",-0.129154770392561,5.08309947391279,2.68823817869537,0.104746423092785,0.670056877111785,-0.979860798505714
"1182","C11orf24","C11orf24",-0.189833560782628,3.46964016766181,2.68686919277255,0.1048335244062,0.670283544663201,-0.979499813378921
"3372","FAM107B","FAM107B",-0.0923787760598836,8.23625199892556,2.68561022730498,0.104913696942869,0.670380157519778,-0.979167809057268
"354","ALDH6A1","ALDH6A1",-0.184823334600549,4.35640763153591,2.68500936222512,0.104951984885737,0.670380157519778,-0.979009343486808
"480","ANKRD9","ANKRD9",-0.654883524343045,1.3625408366751,5.54482785969334,0.105114460659969,0.670397238358727,-0.978337533707011
"9707","SFXN2","SFXN2",-0.231424475342631,3.17700016886793,2.6817278167927,0.105161364376783,0.670397238358727,-0.978143787937829
"2752","DNAAF5","HEATR2",-0.251170410460014,3.03549418181684,2.67623168425687,0.105513089590879,0.671915014955123,-0.976693659944868
"3839","GADD45B","GADD45B",-0.262585504643008,6.10148521900147,2.67548174326705,0.105561183682271,0.671915014955123,-0.976495748578964
"5440","LINC00476","LINC00476",-0.1642925371689,4.79237207217844,2.67320162243954,0.105707559146975,0.671915014955123,-0.975893955186079
"8801","RAMP1","RAMP1",-0.602315207953261,1.44468220830693,3.05079832498648,0.10578394578306,0.671915014955123,-0.975580237658783
"34","ABCC1","ABCC1",-0.150924522837702,5.72107792228562,2.67160924257142,0.105809918342719,0.671915014955123,-0.975473620773231
"7267","NMT2","NMT2",-0.192648348419829,6.29736346385245,2.67041086226888,0.10588702387464,0.671915014955123,-0.975157258069382
"556","APMAP","C20orf3",-0.116580583061299,6.45846029387169,2.66898833737499,0.105978632531915,0.671915014955123,-0.974781688592922
"4853","INO80","INO80",-0.130210169783059,4.93532667656023,2.66720952205393,0.106093310181945,0.671915014955123,-0.974312000101151
"9102","RND1","RND1",-0.561862538307272,1.55217239034144,3.86962954906731,0.106147311326399,0.671915014955123,-0.974091001883256
"4805","IL21R","IL21R",-0.183489414669798,4.7405830551967,2.66622321790906,0.106156955415133,0.671915014955123,-0.974051545544603
"12940","ZSCAN12P1","ZSCAN12P1",-0.621554107923037,1.41312114607252,6.67330782969328,0.106596130040978,0.673016394692318,-0.972258562029494
"9001","RFXANK","RFXANK",-0.149823262273232,4.35767601634554,2.65906365135122,0.106620233721121,0.673016394692318,-0.97216036979753
"9002","RFXAP","RFXAP",-0.252438951979745,2.9372786262396,2.65735583494518,0.106731075261761,0.673016394692318,-0.971709115253781
"12801","ZNF678","ZNF678",-0.234974998383183,4.27351159378911,2.65726701210251,0.106736843601434,0.673016394692318,-0.97168564420386
"8317","PPP1R12C","PPP1R12C",-0.249122437408933,3.77910598214475,2.65648834872396,0.106787426508545,0.673016394692318,-0.971479879511755
"8649","PVRIG","PVRIG",-0.173125388403091,5.96824553306073,2.65352786704304,0.106979987243008,0.673060802378053,-0.970697458229107
"4603","HRAS","HRAS",-0.264768952576956,2.7222616302575,2.68031690313336,0.107141358639601,0.673749319259113,-0.970042850720854
"8273","PPARG","PPARG",-0.534942120336734,1.55620129382553,3.77721209553521,0.107233895671598,0.673941291611527,-0.96966791635641
"1538","CCDC171","C9orf93",-0.36052716528414,2.14532772021557,3.09132815009737,0.107355881302286,0.673941291611527,-0.969174158520106
"4836","IMPAD1","IMPAD1",-0.173186408258696,4.72085919292998,2.64773617562084,0.107357821862729,0.673941291611527,-0.969166308302071
"10740","SYNJ2BP","SYNJ2BP",-0.136313891254784,5.80708856093309,2.64724646934101,0.107389837225823,0.673941291611527,-0.969036815895124
"12454","ZMAT3","ZMAT3",-0.152746461695949,5.55460046458094,2.64581346078061,0.107483583777403,0.673941291611527,-0.968657861509405
"9100","RNASEL","RNASEL",-0.186645605351494,4.04731981489687,2.63887221861737,0.107938970470601,0.674703059934941,-0.966821728581989
"346","ALDH16A1","ALDH16A1",-0.152353724672798,5.13373925762398,2.63647550966124,0.108096708767568,0.674703059934941,-0.966187528857456
"9498","SCAMP4","SCAMP4",-0.21115899936021,3.49283428716461,2.63388647147645,0.108267394397619,0.674703059934941,-0.965502314983579
"9485","SBK1","SBK1",-0.26618774311812,2.67491441164886,3.05050352148908,0.108328352990055,0.674703059934941,-0.965257859759153
"6252","MAPKAP1","MAPKAP1",-0.222671159541404,6.11607023430622,2.63280618893503,0.108338702369414,0.674703059934941,-0.965216370494968
"275","AGO2","EIF2C2",-0.148799879720394,5.77561559236097,2.63169957487175,0.108411802837934,0.674703059934941,-0.9649234334033
"6641","MPHOSPH9","MPHOSPH9",-0.159531781172045,4.97790311375398,2.63027694114969,0.108505859807959,0.6748065768402,-0.964546807312751
"843","ATP5MC1","ATP5G1",-0.142616632409229,5.63237767314876,2.62773182422535,0.108674356870585,0.674883883045524,-0.963872921262568
"6207","MAP2K1","MAP2K1",-0.214912987500245,5.93875445238545,2.6259726503304,0.108790992143931,0.675284947886707,-0.96340706258029
"9874","SLC25A10","SLC25A10",-0.370182895984425,2.08407970767338,3.10847105039455,0.109076566843174,0.676495603051384,-0.96226853982217
"1475","CBFA2T2","CBFA2T2",-0.165332270679236,5.19326811405642,2.62146751267095,0.109090326183882,0.676495603051384,-0.962213759688767
"4771","IKBKB","IKBKB",-0.132745989910359,5.78235009516224,2.61819356456352,0.10930843389923,0.677200722528513,-0.961346327944279
"1755","CDIP1","C16orf5",-0.151824069047562,4.27162191931447,2.61574022539356,0.109472192734356,0.677791493017773,-0.960696182884962
"931","B3GNT9","B3GNT9",-0.321347740976859,3.65370177162668,2.61470936595052,0.109541083743114,0.677791493017773,-0.960422966699856
"1433","CARD19","C9orf89",-0.140666348707689,5.41791762672078,2.61441850456563,0.109560530398387,0.677791493017773,-0.960345873930536
"7657","PARL","PARL",-0.0885581714824531,6.27259820538165,2.60838042395056,0.109965102315694,0.677897663001341,-0.958745117354018
"1757","CDK1","CDK1",-0.396051702120391,2.38602612096755,2.60783817404087,0.110001516550246,0.677897663001341,-0.958601327343018
"6084","LSP1","LSP1",-0.122798474725378,8.88325630474259,2.60761335362978,0.110016618086814,0.677897663001341,-0.9585417094027
"9137","RNF187","RNF187",-0.268781345716507,6.21501339106593,2.60647883836853,0.110092860611451,0.677897663001341,-0.958240843585777
"4289","GYS1","GYS1",-0.154653080437943,4.84846844815635,2.60626064226735,0.110107530757834,0.677897663001341,-0.958182976625662
"9489","SC5D","SC5DL",-0.252703570885021,6.0867419606196,2.6041732264056,0.110247986124904,0.67816364343214,-0.957629334947012
"3732","FOCAD","KIAA1797",-0.178215262425326,4.63272516332801,2.60283718102821,0.110337989382483,0.678395609601398,-0.957274934172449
"9680","SETD9","SETD9",-0.307887433654629,2.85854144670946,2.59827618949912,0.110645862108262,0.679644303565569,-0.956064823012377
"8069","PLD1","PLD1",-0.386585780551809,2.08609270156794,3.34470207407486,0.110825405323899,0.680143801439325,-0.955360671672113
"12588","ZNF324","ZNF324",-0.158425290796664,4.19906478831777,2.59415251678984,0.110925042490747,0.680143801439325,-0.954970396251313
"40","ABCD1","ABCD1",-0.246558369206084,3.14710701845215,2.59397776714722,0.110936890761243,0.680143801439325,-0.954924010299238
"2049","CLEC4A","CLEC4A",-0.356322146632408,2.22671602929691,2.91616186359547,0.111265340727932,0.681191724994555,-0.953640097792614
"12706","ZNF543","ZNF543",-0.222706082750772,3.40612834055175,2.58501053528232,0.111546786456894,0.681628102075026,-0.952542936757476
"10648","STX18-AS1","LOC100507266",-0.31056387352366,2.44038899735872,4.39552924431753,0.111793323378355,0.681864830766879,-0.951584133001681
"11975","UTP14C","UTP14C",-0.220359204627115,3.14054818028278,2.95125558744134,0.111841078066062,0.681864830766879,-0.951398655297558
"7288","NOL8","NOL8",-0.118227479981223,6.32927301672979,2.58067604600678,0.111842936141497,0.681864830766879,-0.951391440191809
"11504","TRIM27","TRIM27",-0.116730779815436,5.95531303591916,2.57982935195389,0.111900888360648,0.681864830766879,-0.951166465673653
"8885","RBM26-AS1","RBM26-AS1",-0.382602265586606,2.07816387859919,3.50007528081052,0.112110764099767,0.682502554043304,-0.950352687452271
"11561","TRMU","TRMU",-0.124260545701085,4.53736124410455,2.57363944666617,0.112325580869993,0.68320780966157,-0.949521326859306
"2445","CYBA","CYBA",-0.231737584325398,7.74609129328815,2.57082528680413,0.11251925829643,0.683348676349568,-0.948773139276384
"5204","KLF16","KLF16",-0.318403129757145,2.31721432753176,4.8588946199529,0.112530202954662,0.683348676349568,-0.948730897853954
"10603","STK24","STK24",-0.151668254818453,5.87568863064073,2.56988468508926,0.112584076190337,0.683348676349568,-0.948523031435958
"12240","YAE1","YAE1D1",-0.184198001309143,3.61358878832052,2.77565138509226,0.112594404680442,0.683348676349568,-0.948483190983667
"9362","RRS1","RRS1",-0.101048613414255,5.06336741673147,2.56556714035919,0.112882139947473,0.683419830752286,-0.947374766098412
"6621","MORC4","MORC4",-0.192612537779491,3.95863677554285,2.56554283803029,0.11288382016987,0.683419830752286,-0.947368301781868
"2105","CMTM8","CMTM8",-0.278549845087891,4.37120374929716,2.56540136566862,0.112893601888703,0.683419830752286,-0.947330670503447
"1494","CBX7","CBX7",-0.193167520891253,5.05970356909614,2.56399982418484,0.112990558946595,0.683489368621353,-0.94695784296517
"2249","CPLANE1","C5orf42",-0.197812958917684,3.84154104270574,2.557859641763,0.113416430845962,0.684309429080215,-0.945324023848584
"7821","PELP1","PELP1",-0.174169069370731,3.6049149366071,2.54401462513795,0.114383312712943,0.687943771824295,-0.941637329785171
"3292","ETV6","ETV6",-0.15726959790635,5.81657558023809,2.53806006082563,0.11480199527473,0.689183842988926,-0.940050563773631
"2121","CNNM4","CNNM4",-0.223152228630219,3.00957982343962,2.7591733728104,0.115418377525821,0.690186954594497,-0.937725035005136
"8568","PSRC1","PSRC1",-0.650016201749751,1.37150115604223,3.8967946721072,0.115553302885913,0.690186954594497,-0.937217636471102
"4299","H1-2","HIST1H1C",-0.191753917511736,4.75435482528422,2.52706743010877,0.115579442253503,0.690186954594497,-0.937119405619857
"4240","GTDC1","GTDC1",-0.143750289992071,4.44512293346298,2.52329337213753,0.115847720952949,0.690186954594497,-0.936112505570976
"6014","LRP12","LRP12",-0.385398614277738,2.62751792674435,2.52317738114259,0.115855977228118,0.690186954594497,-0.936081555225544
"4197","GRINA","GRINA",-0.164631555583595,4.10098959167198,2.52159291732076,0.115968826007777,0.690186954594497,-0.935658739327653
"264","AGBL2","AGBL2",-0.287441213169871,2.52367206726067,3.89086168097101,0.116143616614895,0.690186954594497,-0.9350046545259
"6700","MRPL35","MRPL35",-0.129852219899617,4.67492973385417,2.51845426502069,0.116192731737792,0.690186954594497,-0.934821037736521
"2366","CTDNEP1","CTDNEP1",-0.208830449149071,3.97085483433066,2.51705570066087,0.116292659028748,0.690464377839791,-0.934447699234839
"1773","CDK5R1","CDK5R1",-0.320492676760634,3.77535165258077,2.51533400452051,0.116415806568494,0.690760504827869,-0.933988048557095
"1780","CDK9","CDK9",-0.175419981038002,5.20700529118535,2.51207371117021,0.116649406504561,0.690825249853853,-0.933117466492601
"12614","ZNF37BP","ZNF37BP",-0.152870443922643,5.73180544010853,2.51142389213661,0.116696028901311,0.690825249853853,-0.932943922494401
"6936","MZT2A","MZT2A",-0.219789512177666,4.73432175251097,2.50954847897669,0.116830701063543,0.690825249853853,-0.932443017236868
"11405","TP53I13","TP53I13",-0.131651589640385,4.86232649742259,2.50944269548445,0.116838302503556,0.690825249853853,-0.932414761341539
"4172","GPSM3","GPSM3",-0.111403829025447,7.75701604682034,2.50814542919548,0.116931567261845,0.690825249853853,-0.932068229326351
"8947","RECQL4","RECQL4",-0.398785293565174,1.92016057285802,3.4601256781359,0.117215572333631,0.690993792014726,-0.931014687555911
"12121","WDR19","WDR19",-0.164994449402772,3.80831690455231,2.49094902941086,0.118175808483912,0.694965894588302,-0.927471417847551
"5183","KIF4A","KIF4A",-0.644943205059442,1.34975021709294,3.45710757399441,0.118306971561657,0.694975571190584,-0.926989662628637
"6209","MAP2K3","MAP2K3",-0.11672808642973,6.10898026628144,2.48798544143224,0.118391737634409,0.694975571190584,-0.926678605256608
"3326","EXOSC5","EXOSC5",-0.166053184171167,4.4369659720504,2.48512832066493,0.118600329512717,0.695426813996082,-0.925914104349867
"5389","LGALS3","LGALS3",-0.184278869512386,5.80313134579907,2.48497207610356,0.118611748482261,0.695426813996082,-0.925872292014613
"4668","HYAL2","HYAL2",-0.353290891757963,2.18073607888161,3.15123679024413,0.11865359333616,0.695426813996082,-0.925719104960882
"11545","TRMT10A","RG9MTD2",-0.285428755900888,2.5225939065507,3.48211239230585,0.119018258605172,0.696761673684521,-0.924386408328469
"10937","TEPP","TEPP",-0.491989404702586,1.6898496700722,4.73470728636403,0.119077722516572,0.696795351469322,-0.924169480272744
"8358","PPP4C","PPP4C",-0.129876490509178,6.7653338134036,2.47065628792469,0.119663268517245,0.698331795984803,-0.922039138886443
"9962","SLC35F3","SLC35F3",-0.636879784788029,1.40188412005642,2.79469285905694,0.119717788802619,0.698335824701607,-0.92184131321248
"8325","PPP1R18","PPP1R18",-0.150851362244014,5.99414811448492,2.46823114163436,0.119842436465618,0.698748731806051,-0.921389370098407
"594","ARF5","ARF5",-0.0817803935031451,7.00144485564999,2.46177268525149,0.120321056569384,0.699652652117714,-0.919658363086887
"4449","HENMT1","HENMT1",-0.140131569397541,5.02146742050824,2.45909977540886,0.120519768415339,0.700180454837527,-0.918941711516079
"10017","SLC52A2","GPR172A",-0.184295073076784,4.68057719148351,2.45739897755141,0.120646402968777,0.70034179982774,-0.91848562190355
"293","AHNAK","AHNAK",-0.143573287362297,9.6469223427049,2.45554234643386,0.120784811292373,0.70034179982774,-0.917987674875811
"9852","SLC17A3","SLC17A3",-0.509857274376802,1.6121894064614,2.4551358548345,0.12081513831983,0.70034179982774,-0.91787864454888
"10445","SPPL2B","SPPL2B",-0.158886086748857,4.13895181722611,2.4525301324734,0.121009746630964,0.70034179982774,-0.917179648381299
"8331","PPP1R35","PPP1R35",-0.152314981567176,3.83696442471682,2.45230270281032,0.12102674895251,0.70034179982774,-0.917118632670249
"539","APBA1","APBA1",-0.519612279434919,1.57912241949513,2.54465205500171,0.121107611872101,0.70034179982774,-0.916828559663221
"1838","CENPM","CENPM",-0.189375002114252,3.37395281088806,2.86424969562312,0.12123630920678,0.70034179982774,-0.916367293316683
"11474","TRAPPC2B","TRAPPC2P1",-0.222522803447648,3.41227706421841,2.44903154646956,0.121271593868969,0.70034179982774,-0.916240914472958
"12689","ZNF513","ZNF513",-0.256559222533537,2.71853011831613,3.36236695995491,0.121289965658315,0.70034179982774,-0.916175126911511
"1279","C20orf27","C20orf27",-0.137149280173243,4.53379590043437,2.44729647722089,0.121401689605403,0.70034179982774,-0.915775268934593
"4307","H2AC16","HIST1H2AL",-0.580994096428296,1.42606258328466,5.99142203159282,0.121411785229722,0.70034179982774,-0.915739155008554
"5785","LOC254559","LOC254559",-0.478112776546201,1.81541085398362,2.44644917118625,0.121465277854962,0.70034179982774,-0.915547852033752
"12541","ZNF248","ZNF248",-0.201367484659307,3.81239287830991,2.44408466025395,0.121642927164849,0.700942527249358,-0.914913137720229
"3805","FUT8","FUT8",-0.147952957153701,5.85358363785641,2.44096872283342,0.121877479498545,0.701553459842472,-0.914076535834271
"12431","ZFYVE21","ZFYVE21",-0.221474151936363,3.29083404345049,2.43879681361406,0.122041271461756,0.702102622915018,-0.913493276398785
"12867","ZNF784","ZNF784",-0.410631199193919,1.89043174548182,2.4342855518187,0.122382276287749,0.702982816424168,-0.912281473267048
"1407","CAMTA2","CAMTA2",-0.150853271185036,4.57938509368623,2.42985532686005,0.122718201134234,0.703964035794177,-0.911091019457691
"9379","RSU1","RSU1",-0.126358764374065,7.23686541855953,2.42879260496692,0.122798937254469,0.703964035794177,-0.910805391716977
"11681","TUBA1A","TUBA1A",-0.123290043499588,6.68535599351006,2.42730355022296,0.122912163101337,0.704098940743432,-0.910405138216723
"3143","EMD","EMD",-0.105039549303181,6.08208772543775,2.42565317696376,0.123037792962805,0.704098940743432,-0.909961467795179
"7137","NEK3","NEK3",-0.199545885435577,3.46228591536516,2.42405784213706,0.123159370835446,0.704098940743432,-0.90953253837384
"3636","FGFR2","FGFR2",-0.363288381490263,2.10311196287929,2.85518108732809,0.123216601286969,0.704098940743432,-0.909330774626131
"585","ARAP1","ARAP1",-0.13857296856446,5.54612840128462,2.42161433596077,0.123345849235162,0.704098940743432,-0.908875460560912
"2378","CTNS","CTNS",-0.20441070443907,3.16213003621579,2.95030683735681,0.124510472661628,0.707237634970387,-0.90479411822388
"11069","TJP2","TJP2",-0.251202807826697,3.16291251733963,2.40639114651249,0.12451481987762,0.707237634970387,-0.904778955331002
"12120","WDR18","WDR18",-0.174189914788233,4.6722059356169,2.40253797565032,0.124812679608154,0.708309226840151,-0.903741292825589
"3855","GALNT2","GALNT2",-0.145368527574123,4.61119238754184,2.39847951885887,0.125127278633327,0.709090966677826,-0.90264800071047
"6760","MRTO4","MRTO4",-0.139585611916115,4.98702312153627,2.39807550484025,0.12515864552403,0.709090966677826,-0.9025391454669
"7628","PAK4","PAK4",-0.247851340087681,2.80851380645994,2.39727775315614,0.125220607548488,0.709090966677826,-0.902324193424917
"3155","EMP3","EMP3",-0.0921153714858908,8.64968286618593,2.39675576454389,0.125261169578917,0.709090966677826,-0.902183537554889
"11840","UBXN2B","UBXN2B",-0.138522564383664,5.28673464282775,2.39497988021135,0.125399278908565,0.709090966677826,-0.901704960849253
"3978","GINS4","GINS4",-0.221112412268463,3.01598748549329,3.32412104689405,0.125407211970972,0.709090966677826,-0.901677487196425
"10128","SMUG1","SMUG1",-0.193249540338217,3.66959281690451,2.39364632054151,0.125503102012684,0.709090966677826,-0.901345539757904
"3685","FLJ34208","FLJ34208",-0.488363715048774,1.61289975856584,4.15909750806565,0.125523891484058,0.709090966677826,-0.901273605241265
"3958","GHDC","GHDC",-0.201547880922081,3.32413043546819,2.38319958358696,0.126319791739984,0.709783774606953,-0.898528599008711
"10167","SNN","SNN",-0.184902063512997,4.71473581732357,2.38253742272759,0.126371759211091,0.709783774606953,-0.89834996868907
"1902","CFAP44","WDR52",-0.218125230213746,3.4936647480193,2.38189305519269,0.126422353430771,0.709783774606953,-0.898176129270999
"3777","FSD1L","FSD1L",-0.340904650095955,2.15876398294772,2.52466459887671,0.126440322447905,0.709783774606953,-0.898114405293964
"2727","DLG5","DLG5",-0.366534803777174,2.01831243617535,2.37599585029545,0.126886453170078,0.711364717794046,-0.896584742188451
"6282","MAST4","MAST4",-0.155620243239745,5.52567116630829,2.37350190606636,0.127083301485876,0.711762718472187,-0.89591151120031
"12275","YWHAB","YWHAB",-0.0573408072985972,9.62783319122673,2.36797232680797,0.127520986889931,0.713073173673742,-0.894418334912886
"3973","GIN1","GIN1",-0.294940315289104,3.30053698529593,2.36343734692627,0.127881219043414,0.713851828445656,-0.893193232415173
"8693","RAB11B","RAB11B",-0.100725068727107,5.86541872123547,2.36319357463842,0.127900615459216,0.713851828445656,-0.893127365686333
"8171","PNRC1","PNRC1",-0.173989134301952,9.3685068235241,2.36312336053305,0.127906202855933,0.713851828445656,-0.893108393748222
"11891","UPF3A","UPF3A",-0.142864102211758,5.49960164135416,2.36149286435412,0.128036029822698,0.713851828445656,-0.892667801044829
"7093","NDUFB11","NDUFB11",-0.0938431023925735,6.52423064702726,2.35940821030375,0.128202235978721,0.713851828445656,-0.892104400209152
"1071","BLZF1","BLZF1",-0.129499827272578,4.56554997665963,2.35874366526286,0.128255270405341,0.713851828445656,-0.891924779347317
"1703","CD81","CD81",-0.207629827195978,3.86271628461153,2.35274990581157,0.128734729551776,0.713851828445656,-0.890304275022453
"5145","KIAA0895L","KIAA0895L",-0.265980227820885,2.61025579097548,2.67142866321625,0.128738509548847,0.713851828445656,-0.890291523158411
"12873","ZNF790","ZNF790",-0.199074214697801,3.22570010269645,2.4041744599016,0.128847902172042,0.713851828445656,-0.889922647990243
"1158","BTG2","BTG2",-0.160341752083247,8.51396946228954,2.35123987759263,0.128855841040198,0.713851828445656,-0.889895890081408
"9719","SGPP2","SGPP2",-0.216078106956617,3.05265110672659,3.48010742894573,0.128870807231922,0.713851828445656,-0.889845451102498
"9862","SLC1A5","SLC1A5",-0.214255974302186,3.56807471200775,2.34955175017293,0.128991389664862,0.714214809271127,-0.889439278428198
"10066","SMAD2","SMAD2",-0.120670653895391,6.92710087038143,2.34464156936077,0.129386572506679,0.715261658887301,-0.888110791587217
"9982","SLC39A11","SLC39A11",-0.139330787558096,4.92830339534042,2.34437917757296,0.129407728968062,0.715261658887301,-0.888039784347851
"5176","KIF23","KIF23",-0.570193109626296,1.64669447211731,2.34408233811285,0.129431667643521,0.715261658887301,-0.887959453186354
"9060","RIN1","RIN1",-0.535659792308107,1.49603011728998,3.27835091250251,0.129476331979478,0.715261658887301,-0.887809612510401
"1354","C9orf85","C9orf85",-0.177841921847886,3.52724851225723,3.79752895527522,0.129659694061275,0.715776685556136,-0.8871950074721
"9736","SH3BGRL3","SH3BGRL3",-0.0838869375843023,10.2493697598942,2.33905442799802,0.129837907334086,0.716455623923905,-0.886598492878242
"5182","KIF3C","KIF3C",-0.298781502401607,2.36507563892363,2.61746800712168,0.130045491910644,0.716891947446913,-0.885904698233704
"3704","FLT3LG","FLT3LG",-0.102686372290449,7.21873025169402,2.33324967071409,0.130308711375482,0.717527552068815,-0.885026549937158
"12277","YWHAG","YWHAG",-0.15118685132976,4.50932409082015,2.33025065728616,0.130552708788479,0.717863608862977,-0.884214112736596
"6825","MTIF2","MTIF2",-0.129529923407814,5.19344958225186,2.32891078813258,0.130661886814238,0.717863608862977,-0.883851074700506
"11846","UCHL5","UCHL5",-0.125050223081954,6.14058271306277,2.32722043177992,0.130799771633563,0.717863608862977,-0.883393014256169
"10527","SSNA1","SSNA1",-0.146899439572321,5.55050796684277,2.32695841560919,0.130821159433333,0.717863608862977,-0.883322006149879
"10071","SMAD7","SMAD7",-0.332321206012912,3.72561163561866,2.32584792853149,0.130911850051026,0.717863608862977,-0.883021039630765
"9567","SDR42E1","SDR42E1",-0.193217961646261,3.26357964801029,2.32182120675028,0.131241300358557,0.718393835253823,-0.88192947520958
"126","ACOT7","ACOT7",-0.205069767170739,3.63074764804375,2.31966847995686,0.13141781342789,0.718537678530746,-0.881345763017531
"6418","MEST","MEST",-0.285317719598569,2.47743788177564,2.31941196862647,0.131438864046611,0.718537678530746,-0.881276202923729
"3085","EIF4EBP2","EIF4EBP2",-0.0842966762045986,7.61187530738641,2.318542968155,0.131510207051253,0.718537678530746,-0.881040538474569
"8862","RBBP9","RBBP9",-0.182024958982132,4.07702293220109,2.318039651135,0.131551548341597,0.718537678530746,-0.88090403596859
"1193","C12orf10","C12orf10",-0.111719578143311,5.02213864784667,2.31713747884246,0.131625687569154,0.718537678530746,-0.880659347189481
"3527","FBLN5","FBLN5",-0.275983932818893,4.18029657469118,2.31696877762812,0.131639556451994,0.718537678530746,-0.880613589692582
"387","ALOX5AP","ALOX5AP",-0.105785126287092,7.7176905827732,2.31621756819987,0.131701333308357,0.718537678530746,-0.880409828337147
"722","ARRDC4","ARRDC4",-0.451622036112581,2.6551524984665,2.31610399561858,0.131710675984438,0.718537678530746,-0.880379021293223
"1148","BTBD2","BTBD2",-0.183718207903876,3.40005237712571,2.71392612704639,0.131933746137165,0.718641410687443,-0.879644105995223
"10963","TFCP2","TFCP2",-0.222490480208309,3.81690928056364,2.31023051963875,0.132194864579618,0.718641410687443,-0.878785415713116
"555","APLP2","APLP2",-0.0925285587887084,5.95607602410762,2.30979729056349,0.132230658343553,0.718641410687443,-0.878667839814341
"7156","NETO2","NETO2",-0.213146968267918,3.0124530536677,2.55073665093166,0.13231873629143,0.718641410687443,-0.87837865549618
"7612","PADI4","PADI4",-0.626301237224932,1.37324964953164,3.14786452473478,0.132322833949852,0.718641410687443,-0.878365206434191
"2925","DVL1","DVL1",-0.267300932234985,2.56370667800597,3.20226207098336,0.132374578443107,0.718641410687443,-0.878195409925998
"994","BCL11B","BCL11B",-0.119082803104073,8.11198451471641,2.30795670722954,0.132382851598757,0.718641410687443,-0.878168268207279
"3428","FAM200A","FAM200A",-0.249780320650597,2.78592755154764,2.29501248380595,0.133458810247645,0.722042222540107,-0.87465275109611
"10479","SRF","SRF",-0.258933242187567,2.6247399362127,3.4626114750041,0.133600082300096,0.722042222540107,-0.874193274327041
"7809","PDZD8","PDZD8",-0.226066136648141,4.19259564484439,2.29131953084532,0.133767596366716,0.722467538578436,-0.87364907657916
"7104","NDUFS1","NDUFS1",-0.0893563517772942,6.3642534330598,2.28957568089832,0.133913690309268,0.722534727456688,-0.87317502177931
"1388","CALM2","CALM2",-0.119418861357749,9.90234649577386,2.2892863497721,0.133937947033165,0.722534727456688,-0.87309636210434
"3779","FSIP2","FSIP2",-0.432924017285151,1.77351675210723,2.28718571438491,0.134114208256818,0.722534727456688,-0.872525209913781
"8715","RAB28","RAB28",-0.134404585544417,4.47312679594996,2.28599545382499,0.134214198220407,0.722773264223053,-0.872201538693038
"32","ABCB8","ABCB8",-0.144991353238439,4.20764230974623,2.28363813197347,0.134412479343839,0.723540703123497,-0.871560407929764
"7179","NFKB2","NFKB2",-0.213753266896434,4.79434023450814,2.2797472293431,0.134740482936461,0.724704927501954,-0.870501900383486
"9386","RTL6","LDOC1L",-0.167660723080901,4.7524201533615,2.27706960808611,0.134966735186236,0.725243972151529,-0.869773257469673
"6184","MAN1A1","MAN1A1",-0.238646300986997,2.93888987199117,2.27680435278866,0.134989172089843,0.725243972151529,-0.869701066247424
"10617","STMN3","STMN3",-0.171083079886719,5.88054543458424,2.27657687495658,0.135008416923298,0.725243972151529,-0.869639155139111
"12905","ZNF85","ZNF85",-0.208979921493905,4.12255710383477,2.2755213282058,0.135097757971582,0.725423515796909,-0.86935185829588
"12247","YDJC","YDJC",-0.100551515404875,5.69856517568493,2.27435465762329,0.135196582702103,0.725653813568215,-0.869034285704859
"11003","THBS3","THBS3",-0.186119434680859,3.30073807506626,2.37055309329902,0.135387183463594,0.725753805124814,-0.868422446540771
"1432","CARD17","CARD17",-0.249750623027067,2.68436567407901,2.28823372357276,0.135393062636444,0.725753805124814,-0.868403587762377
"9034","RHOB","RHOB",-0.335766560198793,2.11436975203757,2.26756566466631,0.135773288850319,0.725838381063269,-0.867185661910749
"7005","NAXD","CARKD",-0.129321134055406,4.85052297153752,2.26712537027645,0.13581078713409,0.725838381063269,-0.867065733687663
"9718","SGPP1","SGPP1",-0.211606255800393,4.60076935220539,2.26684774070019,0.135834437898258,0.725838381063269,-0.866990110076788
"6875","MVD","MVD",-0.1343508698577,4.34391216096905,2.26670712298351,0.135846418655794,0.725838381063269,-0.866951806480749
"1616","CCNQ","FAM58A",-0.170251657392183,4.63127681977666,2.26387678071129,0.136087822161003,0.726436662470464,-0.866180735964217
"2491","DALRD3","DALRD3",-0.119129275149306,5.11008466436573,2.26276973843778,0.136182375944513,0.726436662470464,-0.86587909304951
"6503","MICOS13","C19orf70",-0.114002765415032,5.68868105971331,2.26139376079464,0.136300004013764,0.726765290616751,-0.865504131376219
"11159","TMEM134","TMEM134",-0.120041710812607,5.10084718459161,2.25998511350461,0.13642054467389,0.726810565114731,-0.865120220833368
"7602","PABPC3","PABPC3",-0.435470885222776,1.70500309193295,5.12513831111158,0.136697469168621,0.727688250933331,-0.864239525931643
"2646","DGCR2","DGCR2",-0.118440108708558,5.87511103485102,2.25370154452074,0.1369597213627,0.727817433929364,-0.863407136215149
"8365","PPP5C","PPP5C",-0.153673989324198,4.68042814897194,2.25232637201708,0.13707804457584,0.727817433929364,-0.863032099427314
"7635","PANK1","PANK1",-0.268045006207551,2.56924281162834,2.5864741880296,0.13710558747259,0.727817433929364,-0.862944846019625
"9810","SKAP1","SKAP1",-0.0928140353229354,8.0318433667805,2.25059236051471,0.137227409089354,0.727817433929364,-0.862559136242984
"5411","LIME1","LIME1",-0.1016348234662,7.96023765229143,2.24967935396934,0.137306128227227,0.727817433929364,-0.862310078962263
"1911","CFL1","CFL1",-0.101372027084948,10.5033666256325,2.24905528509664,0.137359964831065,0.727817433929364,-0.86213982904164
"6921","MYO5B","MYO5B",-0.56050298670084,1.42187120489641,2.76699392622151,0.137515546161977,0.727817433929364,-0.861648201974
"8133","PLXND1","PLXND1",-0.256199982351701,3.69462979196502,2.24670105852214,0.137563273567779,0.727817433929364,-0.86149749790159
"1722","CDC25B","CDC25B",-0.134780800062034,6.40768748873167,2.24253779935845,0.137923648038596,0.729123131020309,-0.860361264410319
"4139","GPR150","GPR150",-0.279927962665671,2.4927473995773,3.77983731179255,0.137970693663544,0.729123131020309,-0.860213152235312
"4075","GOLGA5","GOLGA5",-0.112413078989912,5.4115490279397,2.2419032427534,0.137978670057416,0.729123131020309,-0.860188045427321
"12002","VARS1","VARS",-0.193310021385289,4.95600638421643,2.23771566798971,0.138342399730179,0.729559329959191,-0.859044695185199
"3191","EPB41","EPB41",-0.114046386144707,7.40922182624339,2.23405370448139,0.138661370768289,0.730170658156282,-0.858044510799867
"12813","ZNF696","ZNF696",-0.260229372739773,2.60614898263761,4.0865452023287,0.138704417871385,0.730170658156282,-0.857909706002359
"6433","METTL25","C12orf26",-0.191138749665926,3.99672354248658,2.23275841340309,0.138774396162498,0.730170658156282,-0.857690653701491
"7729","PCNT","PCNT",-0.111716834380294,5.49833144600949,2.23058282786178,0.138964471263679,0.73076047251873,-0.857096220655499
"7330","NPRL2","NPRL2",-0.118894245077617,5.16661411482821,2.22751226683749,0.139233243175558,0.731580746746258,-0.856257060673386
"1039","BFSP2","BFSP2",-0.332013555817574,2.2264894098184,2.69212568893194,0.139426678762992,0.731708051615006,-0.855654117694464
"9896","SLC25A35","SLC25A35",-0.262080916928455,2.57172024893292,3.24922293539641,0.139645589326751,0.732560546031518,-0.854972776835901
"2867","DPYSL2","DPYSL2",-0.186123193676199,5.79457387056618,2.22131981509128,0.139777084857049,0.732791944662185,-0.854564021264538
"10120","SMPD1","SMPD1",-0.186118890909903,3.27243294000811,2.61723462643742,0.139807216459183,0.732791944662185,-0.854470410940019
"6899","MYH9","MYH9",-0.0897292152880706,9.19727841977988,2.21969361338016,0.139920304625052,0.732791944662185,-0.854119258011691
"9885","SLC25A23","SLC25A23",-0.232092568092301,2.88467996047886,2.21838343015626,0.140035814364549,0.732829616680636,-0.853760878666403
"12496","ZNF160","ZNF160",-0.12567658735,5.38790734330515,2.21641842987906,0.140209258733333,0.73306846847294,-0.853223306740053
"2272","CR1","CR1",-0.302255967332462,3.07993879094231,2.2107265405781,0.140713048650035,0.733186391185681,-0.851665627554995
"6798","MTA3","MTA3",-0.162635576501045,3.67162504459594,2.20967213751135,0.140806600609005,0.733186391185681,-0.851376986238809
"10456","SPSB2","SPSB2",-0.287441716349135,3.33582981557758,2.20826788347987,0.140931303353095,0.733186391185681,-0.850992531634642
"5298","KTN1-AS1","KTN1-AS1",-0.433253354953503,1.73723175190499,3.04777719611061,0.140937984124671,0.733186391185681,-0.850971944629532
"6414","MEN1","MEN1",-0.294227595480439,4.2530349916721,2.2069415905939,0.141049198634217,0.733186391185681,-0.850629376929573
"12906","ZNF850","ZNF850",-0.188784096358858,3.31173365595457,3.33787233923783,0.141059208569558,0.733186391185681,-0.850598557148428
"9817","SKP2","SKP2",-0.124740914291116,4.39788680797882,2.42987787098684,0.141075233347632,0.733186391185681,-0.850549222705945
"12209","XBP1","XBP1",-0.137562723951991,8.27516264468687,2.20499926777003,0.141222056545876,0.733186391185681,-0.850097468382787
"10329","SNX3","SNX3",-0.10366324669387,7.55223300910545,2.20392010675071,0.14131820147862,0.733186391185681,-0.849801898359195
"5397","LHPP","LHPP",-0.138548463551549,4.50950620936103,2.20335619431575,0.141368471458294,0.733186391185681,-0.849647437770153
"3463","FAM43A","FAM43A",-0.269163803354193,2.93131528412816,2.20334890664494,0.141369121251397,0.733186391185681,-0.849645441561892
"7933","PHTF1","PHTF1",-0.173472164101398,3.54410836889395,2.2022374407588,0.14146826319912,0.733186391185681,-0.849340978255754
"219","ADI1","ADI1",-0.109069317913621,6.50444926597082,2.20051114491723,0.141622404980618,0.73323906993067,-0.848868034854394
"8612","PTPN18","PTPN18",-0.274243527703667,5.97727552183324,2.19717444566023,0.141920884396723,0.733638046518787,-0.84795369114665
"4997","JAK1","JAK1",-0.05579152209968,9.27020292764418,2.19634536072078,0.141995160339349,0.733638046518787,-0.847726457544645
"2120","CNNM3","CNNM3",-0.13806777593185,5.12717711095552,2.19557677487586,0.142064055959827,0.733638046518787,-0.847515790284646
"7372","NSG1","D4S234E",-0.230040160620087,5.29825771134487,2.1950306265838,0.142113035604849,0.733638046518787,-0.847366083708
"8662","PYCARD","PYCARD",-0.152666624747174,4.6265299219419,2.19424597521601,0.142183438440523,0.733709525413246,-0.847150987381034
"12871","ZNF789","ZNF789",-0.144678654913405,3.94050271950376,2.56235773353829,0.142286268611926,0.73394821578629,-0.846837009640335
"1348","C9orf139","C9orf139",-0.508565968444763,1.51642038338206,4.15922205271084,0.142557369242,0.73428592851527,-0.846010327716744
"397","AMDHD2","AMDHD2",-0.132138126092542,4.078710784017,2.188067689003,0.142739179358389,0.734783621184098,-0.845456804434548
"10514","SRSF9","SRSF9",-0.127672924839458,4.94181114246519,2.18752558271029,0.142788060510685,0.734783621184098,-0.845308105382728
"5399","LIF","LIF",-0.421452991598843,1.72801620449268,2.70836478431121,0.142937942731658,0.735263255772325,-0.844852472876507
"1362","CAB39","CAB39",-0.106768072344899,6.04104707071334,2.18321505561075,0.143177417796507,0.735390459767476,-0.844125474344787
"8226","POLR2L","POLR2L",-0.125396382746696,5.75610260915512,2.18245604251259,0.143246102816034,0.735390459767476,-0.84391718470797
"10004","SLC45A4","SLC45A4",-0.494094814646119,1.53293828647239,5.11563629356984,0.143643929329642,0.73673461567264,-0.84271272340923
"7742","PCYT2","PCYT2",-0.167231570070866,4.58004751368032,2.17728642635386,0.143714917825304,0.73673461567264,-0.84249814910343
"8036","PKNOX1","PKNOX1",-0.134345816720153,4.58014531839031,2.17283389833183,0.144120109328143,0.73673461567264,-0.841275417097684
"11480","TRAPPC6B","TRAPPC6B",-0.170477304000883,5.05592203513419,2.17075532277954,0.144309712339517,0.73673461567264,-0.840704439013819
"3547","FBXL8","FBXL8",-0.204816510976025,3.73798543017588,2.17037422860414,0.144344505844899,0.73673461567264,-0.840599741929801
"1601","CCND2","CCND2",-0.0909066855616618,7.96188812233828,2.16922409960793,0.144449569641414,0.73673461567264,-0.840283747711356
"1727","CDC37L1","CDC37L1",-0.155933071854277,5.64312285630748,2.16854370807734,0.144511764309085,0.73673461567264,-0.840096796737526
"3226","ERBIN","ERBB2IP",-0.110934022118445,7.48817835200668,2.16844800249734,0.144520515224939,0.73673461567264,-0.840070498813473
"8048","PLAG1","PLAG1",-0.227488843655481,3.80040713472788,2.16710118729771,0.144643726672182,0.73673461567264,-0.839700397347731
"4519","HLA-DRB5","HLA-DRB5",-0.368932002676741,4.394390370922,2.16586821246494,0.144756628999396,0.736854993580738,-0.839361539020644
"7912","PHF23","PHF23",-0.2265839931215,3.10403508589715,2.16547928689934,0.14479226346257,0.736854993580738,-0.839254642733328
"990","BCKDHA","BCKDHA",-0.101317777453978,5.70646914232212,2.16498290536044,0.144837757930385,0.736854993580738,-0.839118206624968
"1245","C19orf48","C19orf48",-0.128830409920994,5.45152906457162,2.16381473997313,0.144944887444506,0.736874756833288,-0.838797098651844
"929","B3GNT5","B3GNT5",-0.310247651971428,2.48092771569209,2.16160528874394,0.145147758756662,0.736874756833288,-0.838189665771881
"5699","LOC100506776","LOC100506776",-0.174265970452661,4.84787970702285,2.16141975599828,0.145164809118699,0.736874756833288,-0.838138652629668
"8405","PRH1-PRR4","PRH1-PRR4",-0.212593450932288,3.71004547725905,2.16114904068354,0.145189691827736,0.736874756833288,-0.838064216564647
"6567","MKS1","MKS1",-0.185834291856909,3.58888889904938,2.16065882380889,0.14523476237721,0.736874756833288,-0.837929421503097
"6693","MRPL27","MRPL27",-0.174029817452666,4.13314826111303,2.15940642327128,0.145349980857312,0.736874756833288,-0.837585021090417
"4840","INAFM1","PRR24",-0.376586373453445,1.92553382660837,4.0756099755357,0.145714401481754,0.736874756833288,-0.836497523213057
"12456","ZMIZ1","ZMIZ1",-0.175271933255963,4.52259799207303,2.1552268147189,0.145735255049211,0.736874756833288,-0.836435374645803
"12543","ZNF250","ZNF250",-0.16881501398362,4.32255541409673,2.15486013651698,0.145769111018985,0.736874756833288,-0.836334494778259
"10791","TAGLN2","TAGLN2",-0.100294048366344,9.87283501605876,2.15470386298589,0.145783542734939,0.736874756833288,-0.836291500042815
"1691","CD59","CD59",-0.100906027936837,7.01885208716509,2.15444714898173,0.145807253587532,0.736874756833288,-0.836220870293214
"4926","IRF4 /// PWWP3A","MUM1",-0.156734882190918,3.72568288431677,2.17167655688607,0.145867766462161,0.736893510246734,-0.836040666942868
"919","B2M","B2M",-0.0730614504444458,14.7573711065772,2.14745646959517,0.146454634156807,0.738934956800858,-0.834296881702506
"2663","DHFR","DHFR",-0.22141189704406,3.34229281576441,2.14670610150838,0.146524318414922,0.738934956800858,-0.834090290143081
"3368","FAM102B","FAM102B",-0.213351121358497,3.19978649941633,2.14599146937294,0.146590719312723,0.738934956800858,-0.833893524093645
"5050","KBTBD2","KBTBD2",-0.141195684498992,7.15253136316243,2.14513240311321,0.146670586122116,0.738934956800858,-0.833656972493954
"1515","CCDC124","CCDC124",-0.121510294013109,4.67286255378021,2.14275115991428,0.146892229498735,0.739022374464492,-0.833001177491422
"3438","FAM210B","FAM210B",-0.143206534014868,5.84677885509192,2.1415376853131,0.147005325954506,0.739022374464492,-0.832666930620857
"7242","NLK","NLK",-0.207822048171256,3.04407460022942,2.21872945603085,0.147129945564345,0.739022374464492,-0.832298925710403
"8344","PPP2R2A","PPP2R2A",-0.13776541623386,5.17971968300343,2.13621884430365,0.147502223694276,0.739022374464492,-0.831201432357861
"8095","PLEKHH2","PLEKHH2",-0.420320378386542,1.73114950418618,2.38430373192068,0.147563697800951,0.739022374464492,-0.831020470316835
"9341","RRAS","RRAS",-0.323929506060149,2.19677867863123,2.89652501410234,0.147660095038512,0.739022374464492,-0.830736856388373
"1633","CCRL2","CCRL2",-0.37375856810879,1.8756592004871,2.47922035157479,0.147679884281099,0.739022374464492,-0.830678656622196
"740","ASB2","ASB2",-0.359451888340893,2.66520659605006,2.13369261402399,0.147738903969674,0.739022374464492,-0.83050512720273
"9700","SFR1","SFR1",-0.161841386769693,3.69793265884078,2.13245478867154,0.147855033687023,0.739161214651929,-0.830163885440976
"11375","TOMM34","TOMM34",-0.158435833834446,4.23313973972834,2.13086956173895,0.148003908681878,0.739620457369032,-0.829726815033719
"5603","LOC100272228","LOC100272228",-0.235624786239733,2.77810079984211,2.99578457902002,0.148303107014716,0.74026017980066,-0.828849750217662
"10708","SUV39H2","SUV39H2",-0.218975057681059,3.10387238223261,2.12417466022494,0.14863455320567,0.740908037980905,-0.827880218017171
"8014","PITPNA","PITPNA",-0.161381796609297,3.79335001010989,2.12320999924148,0.148725675968107,0.740908037980905,-0.827614048501154
"6786","MST1P2","MST1P2",-0.478759399860171,1.58335502603628,3.51894210744652,0.148736321727911,0.740908037980905,-0.827582962885
"9202","RPF2","RPF2",-0.120990847887149,4.9932460740505,2.12286794016892,0.148758002577095,0.740908037980905,-0.827519661689574
"3903","GCDH","GCDH",-0.136536357466345,4.69875668214742,2.12242976961667,0.148799424071348,0.740908037980905,-0.827398749725083
"5467","LINC02694","C15orf53",-0.294928481249737,2.51292600099321,2.12194283272507,0.148845471113798,0.740908037980905,-0.827264374992461
"997","BCL2L1","BCL2L1",-0.145713669670475,4.71980900454577,2.12174845127781,0.148863857304565,0.740908037980905,-0.827210731922249
"5840","LOC344595","LOC344595",-0.624135774201528,1.32511191662627,2.36733696715228,0.149209006171561,0.741643079334735,-0.826204962301911
"1594","CCM2","CCM2",-0.105756466714327,6.68015668374075,2.11680952622097,0.149331897068173,0.741773670068136,-0.825847417719509
"3580","FBXW4","FBXW4",-0.161293770802015,4.1969767679155,2.11385897893106,0.149612313202586,0.741804341238799,-0.825032662247775
"2063","CLK2","CLK2",-0.164329139657643,3.69154376373493,2.11375083859861,0.149622602197596,0.741804341238799,-0.825002796389688
"1231","C17orf58","C17orf58",-0.36315620180727,1.9460408892502,2.94177757521724,0.149690074662079,0.741804341238799,-0.824806994996917
"2290","CREG1","CREG1",-0.174179681026303,4.73966392432683,2.11156317579158,0.149830921619915,0.741804341238799,-0.824398549099307
"2381","CTR9","CTR9",-0.0984344679370955,6.66561262492369,2.11036299244178,0.149945350145611,0.741804341238799,-0.824066997309681
"1678","CD3G","CD3G",-0.0960593327945428,8.33987982238852,2.10859277565449,0.150114310360203,0.741804341238799,-0.823577904597318
"1123","BRI3BP","BRI3BP",-0.213144472235385,2.94709222262103,2.52706180389838,0.15016546098952,0.741804341238799,-0.823429946337103
"10794","TANC1","TANC1",-0.411406442193262,1.96574145133554,2.10756904574716,0.15021212114513,0.741804341238799,-0.823295021166422
"3229","ERCC2","ERCC2",-0.181173019198996,3.75822781876293,2.10675586880045,0.15028986712932,0.741804341238799,-0.823070299507366
"6200","MAP11","C7orf43",-0.204675248287093,2.97476661664807,3.36365807462437,0.15045699774141,0.74181244088434,-0.822587608456931
"5569","LOC100132111","LOC100132111",-0.374547903965027,1.89662561674938,3.74173340849124,0.15076931120595,0.741879554929293,-0.821687049250473
"729","ARV1","ARV1",-0.189318702492174,4.05756012608171,2.10141948995254,0.150801214798851,0.741879554929293,-0.821595159936321
"4744","IFT27","IFT27",-0.171805592099767,3.41495621241655,2.64466669899722,0.150835497761988,0.741879554929293,-0.821496439182794
"8017","PITPNM1","PITPNM1",-0.14147119130524,4.06204813153023,2.10034580652694,0.150904339765953,0.741879554929293,-0.82129827043445
"3020","EFHD2","EFHD2",-0.136385639323964,4.24697378440264,2.09993071217881,0.150944230401728,0.741879554929293,-0.821183482525482
"12112","WDFY2","WDFY2",-0.111857461660671,5.16730578680695,2.09909193437547,0.15102487408279,0.741879554929293,-0.820951517692007
"3203","EPHB6","EPHB6",-0.186993224230543,5.38283275172727,2.09746105389772,0.151181815697989,0.742347348618476,-0.82050044307391
"2991","EDN3","EDN3",-0.535682205386657,1.88425498345579,2.0938497192597,0.151530006536663,0.742814924540287,-0.819501358033503
"2157","COG5","COG5",-0.138557014409745,6.52319553614456,2.09222351793985,0.151687099562206,0.742814924540287,-0.819051352813672
"5649","LOC100505648","LOC100505648",-0.16494583685384,5.07781935760914,2.09182662460969,0.151725468366569,0.742814924540287,-0.818941513196845
"77","ABLIM1","ABLIM1",-0.0628859467183297,8.45104635887097,2.09055841532368,0.151848144587935,0.742814924540287,-0.818590510299187
"3254","ERMP1","ERMP1",-0.207703912096247,3.54543326545764,2.09005279653419,0.151897085828207,0.742814924540287,-0.818450558071838
"1965","CHMP7","CHMP7",-0.0998549607900558,7.25769896308657,2.0876860940677,0.152126411532849,0.742814924540287,-0.817795379062071
"4103","GPAM","GPAM",-0.195266549625629,3.12324684368112,2.77514682254682,0.152325544843245,0.742814924540287,-0.817227259801284
"2891","DTNBP1","DTNBP1",-0.13431460681178,4.8487246017659,2.08353510663566,0.152529591158362,0.742814924540287,-0.81664589382462
"4940","ISG20L2","ISG20L2",-0.117948312420786,4.68680579180247,2.0828226095804,0.152598918557649,0.742814924540287,-0.816448544140704
"2194","COPRS","C17orf79",-0.306659280304152,2.21281110797757,2.16487710859819,0.152780056714303,0.742876997059932,-0.81593333309153
"9879","SLC25A15","SLC25A15",-0.166326721577497,3.49766766636348,2.16327905297802,0.152981345347692,0.743027702431902,-0.815361524126827
"11319","TNFAIP3","TNFAIP3",-0.208994908566451,10.2726455110126,2.07651541862878,0.153214204856103,0.743329305812991,-0.814700968354607
"4517","HLA-DRA","HLA-DRA",-0.231979604598635,6.44048817895134,2.07650384259748,0.153215336756644,0.743329305812991,-0.81469775992923
"7683","PAWR","PAWR",-0.570810180665155,1.40670209687857,2.58434133779697,0.153393471141078,0.743472280792706,-0.814193124792152
"3356","FADD","FADD",-0.118512723421734,4.83065262150322,2.07358487172086,0.153501060290808,0.743472280792706,-0.813888620337566
"6873","MVB12A","FAM125A",-0.156404810023844,3.93663688521298,2.07355253714473,0.153504228795267,0.743472280792706,-0.813879655905671
"12811","ZNF691","ZNF691",-0.2343357189054,2.80650445048279,2.07036112025854,0.153817330494129,0.743472280792706,-0.812994730113599
"834","ATP2C1","ATP2C1",-0.115292082070411,5.43595650772237,2.06772927344297,0.154076087657126,0.744442862262902,-0.812264757805818
"6489","MIA2","CTAGE5",-0.120074881028132,5.77643127898021,2.0667496679625,0.154172528245777,0.744631499974858,-0.811993005624697
"11514","TRIM41","TRIM41",-0.188346124019552,3.17678692566463,2.43396555051458,0.154682989121021,0.745530252565988,-0.810557444135679
"8401","PREPL","PREPL",-0.152597165423277,5.46362125245664,2.06063743137897,0.154775841266314,0.745530252565988,-0.810296826750852
"637","ARHGEF12","ARHGEF12",-0.262592277785215,2.93274122450944,2.05978448058602,0.15486024855453,0.745530252565988,-0.810060048018542
"866","ATP6V1C1","ATP6V1C1",-0.159089901406807,5.08154782217478,2.0593748397391,0.15490080512298,0.745530252565988,-0.809946324916333
"1415","CAPN10","CAPN10",-0.214466657713518,2.94413748228394,2.34578446897186,0.155566110870236,0.747502728072312,-0.808085005450667
"7374","NSMAF","NSMAF",-0.0804315204049754,6.35340015850019,2.05259645431309,0.155573681168214,0.747502728072312,-0.80806387193626
"366","ALG14","ALG14",-0.171654773307895,3.44715829310621,2.05085171136261,0.155747423085472,0.747536864927017,-0.80757913021626
"1796","CDNF","CDNF",-0.381608418181685,1.82136823611628,3.1036990218478,0.155753653426172,0.747536864927017,-0.80756175754701
"7471","NVL","NVL",-0.0950704695705708,4.97522769527044,2.04983652033051,0.155848619024148,0.74771602610957,-0.807297041656947
"3306","EXD3","EXD3",-0.207644102683839,2.99572239711367,2.19013474651451,0.15603422287172,0.747751944805122,-0.806780137707719
"1562","CCDC61","CCDC61",-0.438418348913162,1.99556919356272,2.04780594985467,0.156051257311221,0.747751944805122,-0.806732727856544
"10681","SUMF2","SUMF2",-0.0771709434212027,7.12661821287143,2.04744157874734,0.156087651429784,0.747751944805122,-0.806631453939741
"1313","C3orf52","C3orf52",-0.348705966706625,1.98874411580586,2.50281628680457,0.156144301123647,0.747751944805122,-0.806473861806616
"3994","GLCCI1","GLCCI1",-0.15206874049958,5.11462708278369,2.04003220132409,0.156829843379927,0.748952576766301,-0.804571291256305
"11338","TNFSF11","TNFSF11",-0.375706047378911,2.00937870474695,2.03731134587275,0.157103411266331,0.748952576766301,-0.803814384800514
"5681","LOC100506233","LOC100506233",-0.172744440936641,3.61328001943379,2.03586778151175,0.157248777803315,0.748952576766301,-0.803412721369745
"6703","MRPL38","MRPL38",-0.0938259584861753,5.48088316788543,2.03563263782122,0.15727247141292,0.748952576766301,-0.803347288563836
"3564","FBXO38","FBXO38",-0.113235053065533,5.28026356357971,2.0349170176175,0.157344604284848,0.748952576766301,-0.803148145470782
"8391","PRDX3","PRDX3",-0.149788763640798,6.29860318599609,2.0348038450449,0.157356015317718,0.748952576766301,-0.803116650466947
"1169","BUB1B","BUB1B",-0.368751656657229,1.86904644212414,2.35400035645342,0.157459615966028,0.748952576766301,-0.80283081210928
"9670","SET","SET",-0.105545724225028,9.00502967172481,2.033490198721,0.157488538385644,0.748952576766301,-0.802751047569599
"12752","ZNF595","ZNF595",-0.363765555141131,3.00779940406696,2.03193929528114,0.157645162311823,0.748952576766301,-0.802319351991983
"6917","MYO1D","MYO1D",-0.259558505919983,3.62904594475459,2.02979861286709,0.157861642916701,0.748952576766301,-0.801723381665299
"9173","RNPEP","RNPEP",-0.157232891918225,5.00916261925386,2.02904364934907,0.157938071927642,0.748952576766301,-0.80151316805967
"11271","TMEM63B","TMEM63B",-0.270284254720883,2.44130679919002,2.91579475333379,0.158095349897616,0.748952576766301,-0.801080903904006
"10178","SNORA27","SNORA27",-0.245042160556854,2.58166801256705,2.6681434489728,0.158226156151145,0.748952576766301,-0.800721722272293
"12223","XPO6","XPO6",-0.0972164020803169,6.70220967027826,2.02551290193404,0.15829607631721,0.748952576766301,-0.800529849855921
"440","ANKLE2","ANKLE2",-0.0932928881408693,6.19018199773984,2.02314104123298,0.158537100459401,0.748980992082959,-0.799869089033989
"12083","VTRNA1-3","VTRNA1-3",-0.311677556222894,2.12340775820022,2.89126179585304,0.158615630905168,0.748988783453659,-0.799654017009805
"7193","NFYC","NFYC",-0.101208690007104,5.8590619265261,2.02199001424963,0.158654218525449,0.748988783453659,-0.799548375766738
"860","ATP6V0C","ATP6V0C",-0.173985559066643,6.17454784500025,2.01444589028814,0.159424320556929,0.750224003357124,-0.797445425236147
"2679","DHX16","DHX16",-0.121465034827425,4.89535480104102,2.01427850566176,0.159441456072146,0.750224003357124,-0.797398748168515
"8272","PPARD","PPARD",-0.137700312749639,4.52323628147712,2.0091640402016,0.159966062871,0.750224003357124,-0.795972144038883
"10012","SLC4A2","SLC4A2",-0.191383913859039,3.89741830842374,2.00878854446895,0.160004657250886,0.750224003357124,-0.7958673761633
"1740","CDC6","CDC6",-0.43361566898449,1.66284188017143,3.37964364501226,0.160044860102616,0.750224003357124,-0.79575826881704
"8682","QSOX1","QSOX1",-0.115661481791882,4.46657330830046,2.00419125300316,0.160478052619581,0.751000020074916,-0.794584354399064
"1578","CCDC88B","CCDC88B",-0.191004758431994,4.83916577220865,2.00381313884285,0.160517060114953,0.751000020074916,-0.794478803009626
"9438","SACM1L","SACM1L",-0.0995575289167021,5.66235544267466,2.00204882625342,0.160699217488296,0.751000020074916,-0.793986237992988
"4414","HDAC8","HDAC8",-0.147540555312169,4.50511476240221,2.00173272813226,0.160731878467857,0.751000020074916,-0.793897979679314
"223","ADK","ADK",-0.0885036487145184,6.19048790174028,2.00121683806268,0.160785199542408,0.751000020074916,-0.793753931040889
"1038","BFSP1","BFSP1",-0.394441343219365,1.81492808351802,2.30013594492392,0.161019116624874,0.751000020074916,-0.793122560292103
"2607","DECR1","DECR1",-0.110247846402287,6.89919059264829,1.99888332806894,0.161026641047559,0.751000020074916,-0.793102266186847
"4417","HDDC3","HDDC3",-0.147185360463344,4.36724481489778,1.99851454918702,0.161064835918811,0.751000020074916,-0.79299926549862
"7833","PEX11A","PEX11A",-0.518859688455342,1.51137939001164,2.36339206567124,0.161307632839191,0.751398176237998,-0.7923450819507
"2517","DCAF15","DCAF15",-0.213679514315921,3.07628948375263,1.99490958807812,0.161438758996311,0.751617909633331,-0.79199218958044
"5816","LOC285074","LOC285074",-0.190284832160476,3.14699403096033,3.26545138767801,0.161624237685586,0.751617909633331,-0.791493510493448
"8385","PRDM15","PRDM15",-0.159467994522454,3.67932284359873,1.99162818109925,0.161779995711831,0.751654933003409,-0.79107518043122
"8016","PITPNC1","PITPNC1",-0.0949165109807362,6.24835308718309,1.98972069354068,0.161978741131207,0.751824761608281,-0.79054198061322
"925","B3GAT3","B3GAT3",-0.130136075948901,5.58217263680001,1.98860343814632,0.162095281822771,0.752096599101147,-0.790229626164172
"11659","TTC7A","TTC7A",-0.184464626793177,5.17201490800239,1.9848706275158,0.162485355650146,0.752560699339286,-0.789185774666195
"2917","DUSP3","DUSP3",-0.166658296992585,3.50447274874171,1.98191263362557,0.162795234777932,0.753292244269258,-0.788358311608595
"11501","TRIM24","TRIM24",-0.138452494796883,4.16004043954656,1.98103929448389,0.16288685662568,0.753292244269258,-0.788113957589762
"144","ACSS1","ACSS1",-0.173231725991501,5.49343214128269,1.97849728928249,0.163153878309747,0.753715257051192,-0.787402598195427
"10152","SNHG10","SNHG10",-0.167491748392252,3.74466963904217,1.97696219315292,0.163315376280527,0.753741942810813,-0.786972924146288
"10053","SLFN12","SLFN12",-0.276638219623434,2.61628783615893,1.97188173495014,0.163851183372105,0.754837208119717,-0.785550417692534
"800","ATG4D","ATG4D",-0.234933726606577,4.29276850108836,1.97079532058028,0.163966025782885,0.754837208119717,-0.785246129656778
"1438","CARHSP1","CARHSP1",-0.11723630801184,4.75396356464613,1.96782807118279,0.164280163139122,0.754887163657029,-0.784414874540171
"6022","LRRC1","LRRC1",-0.322232943060783,2.11292415019196,2.60766642082657,0.164391906376318,0.754887163657029,-0.784119568198832
"12810","ZNF69","ZNF69",-0.38613801873582,1.81638058180674,4.50651446667795,0.164406754089404,0.754887163657029,-0.784080344925494
"947","BAG2","BAG2",-0.154016530901734,3.940570600557,1.96479603371644,0.16460188109962,0.75535203519822,-0.783565205900683
"5387","LGALS1","LGALS1",-0.162527642369426,6.98238584185953,1.96396117683478,0.164690592926688,0.755368632334149,-0.7833312068819
"6589","MMD","MMD",-0.176803044213413,4.50598074884562,1.96366620128658,0.164721950271588,0.755368632334149,-0.783248524408635
"2367","CTDP1","CTDP1",-0.186614845486063,4.89718320928988,1.96238509499031,0.164858218575838,0.755726385012138,-0.782889397364228
"1622","CCPG1","CCPG1",-0.190731675496675,3.12721011516856,2.88872485457143,0.164918851968589,0.755737289504946,-0.782729697066424
"3104","ELF4","ELF4",-0.138640190800338,4.81544829304766,1.95898224863024,0.165220807357718,0.756853648958927,-0.781935259972044
"280","AGPAT3","AGPAT3",-0.150885612617579,4.44360714952753,1.95709183815267,0.165422639248229,0.75710799471594,-0.781405054470572
"10543","ST3GAL5","ST3GAL5",-0.164115712578751,4.16096024667074,1.95673973056188,0.165460264050568,0.75710799471594,-0.781306286937129
"5675","LOC100506100","LOC100506100",-0.181664945537038,3.2385297013997,2.2195872686046,0.165509772066169,0.75710799471594,-0.781176359416207
"3007","EEF2KMT","FAM86A",-0.247787232368905,2.60115718538334,2.10721233306202,0.165575767998762,0.757142910908683,-0.781003221865548
"6119","LYPD3","LYPD3",-0.293018734182537,3.57954278590475,1.95426662685184,0.165724810207073,0.757191967227107,-0.78061246967696
"5652","LOC100505676","LOC100505676",-0.406873272228502,1.70328354937924,3.17245748194472,0.16587623500623,0.757242805210141,-0.780215830642087
"7264","NMRAL1","NMRAL1",-0.13113982289999,5.12026275792512,1.95224958140538,0.165940935925511,0.757242805210141,-0.780046464768134
"9424","S100A4","S100A4",-0.108273269852099,10.381900793163,1.94814735986487,0.166381498548415,0.757947467389611,-0.778894968460321
"12146","WDR59","WDR59",-0.147973702891786,4.56609617175073,1.94569282831676,0.166645755591255,0.758349794215835,-0.778205743190196
"9387","RTL8A","FAM127B",-0.13659715830766,3.9141147094247,2.00230048050239,0.16681125680074,0.758349794215835,-0.777774645535874
"4990","IVNS1ABP","IVNS1ABP",-0.103797401723012,7.3705178127035,1.94156230487192,0.167091553470458,0.758488524267933,-0.777045503271697
"6680","MRPL13","MRPL13",-0.0965960119118112,5.80533993233049,1.94116489727573,0.167134517824028,0.758488524267933,-0.776933847219825
"840","ATP5F1E","ATP5E",-0.103431178033192,5.31581272323229,1.94094166230522,0.167158657738257,0.758488524267933,-0.776871124841219
"4129","GPN1","GPN1",-0.0936509191846651,6.22268580566252,1.94021313878585,0.167237466145415,0.758488524267933,-0.776666421170658
"10482","SRGAP2","SRGAP2",-0.142614505222277,4.09420798614266,1.93988262167344,0.167273234250409,0.758488524267933,-0.776573545871495
"1534","CCDC159","CCDC159",-0.130938193244212,4.16985341709436,1.9390534900398,0.16736300088512,0.758630401985558,-0.776340545670345
"12703","ZNF532","ZNF532",-0.411987910042446,2.22407250935216,1.93671843577149,0.167616108716944,0.759175951152201,-0.775684245904446
"3859","GALR2","GALR2",-0.546617440177693,1.3968397417157,3.00266261509174,0.167840417850469,0.759732638092858,-0.775103447942659
"12637","ZNF426","ZNF426",-0.151857137089366,4.59466843921483,1.9336485908001,0.167949541814955,0.759961425171054,-0.77482117662439
"1565","CCDC69","CCDC69",-0.080426821494479,7.54565017998332,1.93286130197239,0.168035177955063,0.760083808790456,-0.774599789747445
"6090","LTB","LTB",-0.115965602040182,10.0772047932186,1.93109385143107,0.168227614812312,0.760689036932771,-0.774102712603381
"5599","LOC100270804","LOC100270804",-0.169391274914463,3.64402572637422,1.92565363850208,0.168821547105619,0.761913257730468,-0.772572124109255
"1416","CAPN12","CAPN12",-0.280382687721848,2.59739154520798,1.92558739444133,0.168828794291677,0.761913257730468,-0.772553481078113
"11538","TRIP4","TRIP4",-0.105390762146703,5.24176263990821,1.92295028732473,0.169117591656707,0.761913257730468,-0.771811214625403
"6329","MCM2","MCM2",-0.172517911632627,3.82337533356716,1.92202767252127,0.169218765715102,0.761913257730468,-0.771551477026265
"12612","ZNF367","ZNF367",-0.182757286166506,3.59970199666184,1.91838455456502,0.169618959806196,0.762547458003608,-0.770525604443747
"12925","ZNRD1","ZNRD1",-0.0918279885190551,5.23708875233019,1.91414779553891,0.170085752314497,0.762717979562897,-0.769332064696373
"7366","NSD1","NSD1",-0.0800591252297894,6.41021969772049,1.91344845926066,0.170162946777423,0.762717979562897,-0.76913500219505
"10596","STK10","STK10",-0.102901848766096,7.63767995145183,1.9133168074521,0.170177483394472,0.762717979562897,-0.769097903031892
"4265","GTPBP10","GTPBP10",-0.131906551833448,5.38767995810912,1.91243706638859,0.170274659046116,0.762717979562897,-0.768849980665313
"292","AHI1","AHI1",-0.211909156604825,4.71785598521003,1.91166404705068,0.17036009966126,0.762717979562897,-0.768632114534408
"8949","REEP3","REEP3",-0.12049779895179,6.10047132270361,1.9114722384769,0.170381307698549,0.762717979562897,-0.768578052812648
"725","ARSB","ARSB",-0.13265397786493,3.88728541581298,2.11388961323787,0.170690004072484,0.763694306844392,-0.767791911241874
"5005","JAZF1","JAZF1",-0.199655273109622,4.8122085471113,1.90737505102356,0.170835064453969,0.763695138236159,-0.767422984139206
"8987","RFLNB","FAM101B",-0.167288983249334,5.33325692134446,1.90660057523704,0.170920994602164,0.763816074052316,-0.767204588655129
"3962","GID4","C17orf39",-0.185392682825394,3.15504905758973,2.87002362204038,0.171125202733634,0.764176731920962,-0.766686024344899
"4323","H2BC14","HIST1H2BM",-0.535490645672232,1.39008082045488,4.28348238688112,0.171203023806655,0.764176731920962,-0.766488569034173
"11666","TTI2","TTI2",-0.167911956729552,3.74250902288227,1.90375348270106,0.171237320565346,0.764176731920962,-0.76640157640412
"8334","PPP1R3D","PPP1R3D",-0.207413401719827,3.48700360790144,1.89995579750052,0.171660325406227,0.764749107656242,-0.765330068544202
"6287","MATN2","MATN2",-0.323172875997346,2.04899275049272,1.92053841931317,0.171761691943978,0.764755243189361,-0.765073690519211
"6143","MACROD1","MACROD1",-0.307158291097997,2.15858688318799,2.3564660806178,0.17216641563704,0.765951615246681,-0.764051562092645
"7826","PER3","PER3",-0.212697677503464,4.12052782058413,1.8917240319184,0.17258141232268,0.767271645668997,-0.763005981276642
"12003","VARS2","VARS2",-0.179812297445501,3.47581774647217,1.8877886500112,0.173023796265307,0.767656826765709,-0.761894163483845
"4650","HSPBAP1","HSPBAP1",-0.148757660166648,3.89554326171771,1.88773131917722,0.17303025071414,0.767656826765709,-0.761877962942128
"4671","HYKK","AGPHD1",-0.304000093707829,2.13779295809932,3.2453012899166,0.173163690525628,0.767656826765709,-0.761543166923122
"4976","ITPK1","ITPK1",-0.117752088589639,4.48903615392157,1.88408667416087,0.173441151728123,0.767664881418958,-0.76084785121927
"9790","SINHCAF","FAM60A",-0.07782927284602,6.93489447428139,1.88253312316024,0.173616647042567,0.767664881418958,-0.760408635310973
"7387","NSUN6","NSUN6",-0.115632189379176,5.18840039982008,1.87191532003014,0.174821647456237,0.770861682941885,-0.757404791445894
"11641","TTC24","TTC24",-0.578736222131158,1.35236410546297,2.43146169727896,0.174896555425782,0.770861682941885,-0.75721874383354
"8998","RFX5","RFX5",-0.108891832368073,5.54463631804715,1.87041006217354,0.174993267267698,0.770861682941885,-0.756978660140764
"12744","ZNF585B","ZNF585B",-0.190011308240908,3.49454530726685,1.8682087205203,0.17524460496715,0.771561772389197,-0.756355343227563
"9809","SKA3","SKA3",-0.515395963051089,1.41552208744401,3.23171023438144,0.175296615134115,0.771561772389197,-0.756226469774821
"8327","PPP1R21","PPP1R21",-0.125028274694149,4.84536053074827,1.86745622474879,0.175330617821888,0.771561772389197,-0.756142236844073
"2841","DPEP2","DPEP2",-0.134342514573571,5.45124842120147,1.86685872366089,0.17539894942489,0.771600736144148,-0.755973012226191
"8430","PRKCQ","PRKCQ",-0.114164402617919,7.76538140687555,1.86276451027731,0.175868012194888,0.772354679148371,-0.754813145139232
"1825","CELSR3","CELSR3",-0.204640214329089,3.05497168319995,1.86081512669611,0.176091863435191,0.772480675949646,-0.754260710738208
"8420","PRKAR1A","PRKAR1A",-0.097096324905697,7.41508788246307,1.86057889244366,0.176119013288547,0.772480675949646,-0.754193756352073
"9558","SDHAF4","C6orf57",-0.245832749047668,2.54102676038181,1.99377970183574,0.176547397282574,0.772633942922741,-0.75313868055995
"1120","BRF1","BRF1",-0.161508390775854,3.95941033065421,1.856722159625,0.176562952359861,0.772633942922741,-0.753100417822861
"435","ANKH","ANKH",-0.0909632093309671,6.06361197889215,1.85547574845067,0.176706703711359,0.772637703824555,-0.752746974377638
"4260","GTF3C3","GTF3C3",-0.0989792416933313,5.29111020936994,1.85333857300482,0.176953507955742,0.772958381101722,-0.752140823415161
"6462","MFSD3","MFSD3",-0.223342158310325,3.07135666873016,1.85212073020925,0.177094326835769,0.772958381101722,-0.751795351081997
"9803","SIRT7","SIRT7",-0.170501018194766,4.98589539444744,1.84829210944331,0.177537885140842,0.773141185879963,-0.750708957808956
"12338","ZC3H13","ZC3H13",-0.0752923223982709,6.73256200352061,1.84609892994941,0.177792558524089,0.773199283320577,-0.750086420303699
"8977","REXO2","REXO2",-0.0994743493840026,6.10942345434577,1.84498015353233,0.177922636424306,0.773199283320577,-0.749768794756057
"12335","ZC3H12A","ZC3H12A",-0.148862483367401,5.47638316419644,1.84467943335764,0.177957619575397,0.773199283320577,-0.749683412163057
"1445","CARS1","CARS",-0.0856928693085695,5.74697737448649,1.8445940602087,0.177967552608899,0.773199283320577,-0.749659171890233
"9843","SLC16A10","SLC16A10",-0.26544596954964,2.50092852009701,1.84293868509766,0.178160281455706,0.773777479519541,-0.749189109879702
"11470","TRAPPC11","TRAPPC11",-0.104651305420323,5.6642309555703,1.84162478844048,0.178313427472821,0.77379663373572,-0.748815952069829
"1997","CIAO3","NARFL",-0.170054912426892,3.86640534478664,1.83770326207106,0.178771433899033,0.77385860495844,-0.747701876430256
"10868","TBL3","TBL3",-0.140800204045045,4.84337641221803,1.83725514331217,0.178823858760471,0.77385860495844,-0.747574537907252
"1913","CFL2","CFL2",-0.133295735235458,5.06281275931281,1.83638339358198,0.178925895350229,0.77385860495844,-0.74732680088674
"9096","RNASEH2A","RNASEH2A",-0.204590869817577,3.52781284214952,1.83622638015555,0.178944280719005,0.77385860495844,-0.747282177642067
"5868","LOC400927","LOC400927",-0.360597794515141,1.86616729290997,5.24402276337069,0.179152691940455,0.77385860495844,-0.746776661759095
"10943","TESC","TESC",-0.192706490614733,3.21574464385914,1.83389844525309,0.179217128650347,0.77385860495844,-0.746620485059877
"924","B3GALT6","B3GALT6",-0.245428559123315,3.1922595381343,1.83352802301826,0.179260589349292,0.77385860495844,-0.746515180094595
"10362","SOX4","SOX4",-0.432477777377785,2.35776786853093,1.83041769263681,0.179626004739782,0.77437501687772,-0.745630789620571
"5907","LOC642852","LOC642852",-0.205744797869728,2.84160828766271,2.03541233382574,0.179669333984789,0.77437501687772,-0.745526042076838
"11985","UTS2","UTS2",-0.594492704857535,3.65493410500921,1.82961930983262,0.179719943215388,0.77437501687772,-0.745403727299398
"8442","PRMT1","PRMT1",-0.109965366653371,6.30950039721808,1.82910038094266,0.179781031794146,0.77437501687772,-0.745256131410866
"9902","SLC25A40","SLC25A40",-0.144877009740126,4.80184635168243,1.82610832211756,0.180133734262584,0.774440934189479,-0.744404947745869
"7762","PDE4B","PDE4B",-0.161041872328539,8.19102285498451,1.82581239692323,0.180168661902299,0.774440934189479,-0.744320746911219
"6403","MEF2A","MEF2A",-0.0999824621962451,5.29838912596688,1.82571961041629,0.180179615002047,0.774440934189479,-0.744294345393095
"2696","DIAPH2","DIAPH2",-0.118660455635871,5.58922405385781,1.82557807263264,0.180196324513231,0.774440934189479,-0.744254071625
"7988","PIK3R2","PIK3R2",-0.225488733106042,3.12929765230446,1.82534940751346,0.180223323850924,0.774440934189479,-0.744189004898197
"10439","SPON1","SPON1",-0.280666566788427,3.61715978767148,1.82443779774791,0.180331008212939,0.774647076008759,-0.74392958920718
"4412","HDAC6","HDAC6",-0.115046453966823,5.05687696616248,1.82252300711043,0.180557439909107,0.774719926290581,-0.74338461166861
"4532","HMBOX1","HMBOX1",-0.150542656953051,5.40171090349891,1.81967858057367,0.180894421479242,0.774719926290581,-0.742574825943606
"11231","TMEM238","TMEM238",-0.506644103613255,1.42411236739373,6.48055213847892,0.181201823864303,0.774719926290581,-0.741837435300396
"88","ACAA2","ACAA2",-0.140110442887318,5.88352974928783,1.81642995545686,0.181280192853084,0.774719926290581,-0.741649645460678
"12020","VDR","VDR",-0.311764588803788,2.05603850141402,2.58936854802894,0.181358372877963,0.774719926290581,-0.741462389293604
"6812","MTFP1","MTFP1",-0.164096082578996,6.43899052264656,1.8154414571076,0.181397767900744,0.774719926290581,-0.741368061235979
"5316","LAMA2","LAMA2",-0.339422582788369,2.17712201441357,1.81227719482642,0.181774738030964,0.775456651258039,-0.740466472577585
"9505","SCARF2","SCARF2",-0.327236949985802,1.9728395722513,2.73701049102277,0.182023865812422,0.775754142964702,-0.739871666349383
"7878","PGK1","PGK1",-0.0497384855653684,9.47581549997923,1.8071215528979,0.182390922842398,0.776468288702938,-0.738996779261727
"7906","PHF14","PHF14",-0.120421444970783,5.20371995650863,1.80550054698003,0.182585167219568,0.776468288702938,-0.738534506409298
"1064","BLOC1S1","BLOC1S1",-0.117043035520527,4.13971245333737,2.10744951339345,0.182614719144137,0.776468288702938,-0.738464220309673
"4279","GUSBP14","SMA4",-0.275468391612729,3.36050454473793,1.80265489047235,0.182926749683778,0.776540812711928,-0.737722782273108
"228","ADO","ADO",-0.168366150594163,3.35973815506794,1.80068401755898,0.183163766893905,0.777100430675237,-0.737160433475773
"7640","PAOX","PAOX",-0.270476861740785,2.43861681707441,1.79814358361997,0.183469812802206,0.777100430675237,-0.736435382157966
"10600","STK17A","STK17A",-0.15793442520487,7.64803495482024,1.79797467476579,0.183490182567441,0.777100430675237,-0.736387167220315
"4200","GRK2","ADRBK1",-0.119836055488136,5.56733716985694,1.79735947878495,0.183564395366785,0.777100430675237,-0.736211551867077
"9297","RPS2","RPS2",-0.196150096963325,11.4552557038908,1.79691247236783,0.183618341152392,0.777100430675237,-0.736083940436314
"10077","SMARCA4","SMARCA4",-0.100976663146257,5.70433177241847,1.79651882460967,0.183665862941646,0.777100430675237,-0.73597155634395
"7547","OSBPL2","OSBPL2",-0.0882051165462889,5.37602970833112,1.79650383175937,0.183667673188761,0.777100430675237,-0.735967275872631
"12898","ZNF837","ZNF837",-0.370478239114901,1.88025061440916,1.79642838159415,0.183676783412673,0.777100430675237,-0.735945734673879
"9398","RUFY2","RUFY2",-0.105383845185701,4.85013297331452,1.79493395166987,0.183857337882119,0.777100430675237,-0.735519032435758
"9191","RP9P","RP9P",-0.458457297976538,1.51279499462596,3.34438836117908,0.183973106676322,0.777100430675237,-0.735245657836658
"12887","ZNF816","ZNF816",-0.238855433278479,3.45176575521682,1.7914715240981,0.184276465953457,0.777942919887471,-0.734530125221342
"7491","OCIAD2","OCIAD2",-0.0825990708237451,6.78751350343413,1.79063659964021,0.184377702144281,0.778069630145472,-0.734291601835722
"12709","ZNF547","ZNF547",-0.411647209184703,1.68071136739351,1.79023489614928,0.184426432798684,0.778069630145472,-0.734176833846837
"8776","RAD51AP1","RAD51AP1",-0.314201301021652,2.02347801375071,1.97362570567777,0.184597491244486,0.778285100394775,-0.733774205509888
"3488","FAM91A2","FAM91A2",-0.33189285104668,1.9873573520808,5.45133417638793,0.184965010037311,0.778556416134657,-0.732910419623696
"9540","SCRN2","SCRN2",-0.148715914616679,4.88138378497568,1.78507512595682,0.185053715450549,0.778556416134657,-0.732702190852725
"3106","ELK3","ELK3",-0.0965323358556567,5.28094856024124,1.78399124621898,0.185185803956309,0.778556416134657,-0.732392308689416
"10927","TEFM","TEFM",-0.131284098633044,4.18558947686976,1.78348441461366,0.185247607812692,0.778556416134657,-0.73224739155622
"8861","RBBP8","RBBP8",-0.220397091971097,3.24727094156817,1.78331140736562,0.185268710157676,0.778556416134657,-0.73219792203735
"3820","FZR1","FZR1",-0.210616837876729,4.48635924434502,1.78322780626873,0.185278908313207,0.778556416134657,-0.732174016863209
"805","ATIC","ATIC",-0.105154666040746,6.60810347349164,1.78320727770266,0.185281412610102,0.778556416134657,-0.732168146821215
"2476","CYSTM1","CYSTM1",-0.134787051866588,3.93300686273323,1.7824491090298,0.185373930187564,0.778556416134657,-0.731951342315435
"1865","CEP350","CEP350",-0.10432715835487,7.02338768808026,1.78204975910057,0.185422683831575,0.778556416134657,-0.731837137180392
"8683","QSOX2","QSOX2",-0.234671092403575,2.53361246576457,1.86485189994276,0.18552701992606,0.778556416134657,-0.731592831330655
"8654","PWP2","PWP2",-0.122311571792417,4.82230096413136,1.7800614960769,0.185665641035955,0.778556416134657,-0.731268458614097
"4110","GPATCH2","GPATCH2",-0.105373451532667,4.46532660060845,1.77844680623551,0.185863225364565,0.778604125517199,-0.730806530621544
"6210","MAP2K4","MAP2K4",-0.136721326892049,4.69440448680564,1.7774799541031,0.185981654567626,0.778604125517199,-0.730529892948685
"902","AUH","AUH",-0.149707413782253,4.05762191517946,1.77742023033386,0.185988973017669,0.778604125517199,-0.730512803629074
"3959","GHITM","GHITM",-0.0706922309592561,8.51310477210283,1.77689330278099,0.186053556548471,0.778604125517199,-0.730362023709565
"10270","SNORD76","SNORD76",-0.243912897425961,2.46028569298258,3.45215003009747,0.186281646809174,0.779206939145442,-0.729829931373965
"6208","MAP2K2","MAP2K2",-0.149461380714545,4.73888663792249,1.77073679774194,0.186810099468695,0.779206939145442,-0.728599648314926
"12330","ZBTB9","ZBTB9",-0.180165001024142,3.4136102378313,1.77054931909026,0.186833194683732,0.779206939145442,-0.728545960080085
"4818","IL6R","IL6R",-0.131868411123619,6.92955719306708,1.77018816187408,0.186877694598116,0.779206939145442,-0.728442532174139
"2815","DNMT3A","DNMT3A",-0.105676552172986,4.91418991524301,1.76888061642136,0.187038908186579,0.779328708019988,-0.728068041308026
"4312","H2AC6","HIST1H2AC",-0.159148336085769,3.48908560767126,1.76791842305523,0.187157646474041,0.779328708019988,-0.727792424741685
"4617","HSD17B10","HSD17B10",-0.101837096411761,5.79744960472407,1.76730468320966,0.187233430752469,0.779328708019988,-0.727616604876373
"11314","TMX2","TMX2",-0.0953515091284356,5.8156825407793,1.76470351769199,0.187555023645364,0.77969717379199,-0.726871298816689
"3247","ERICH1","ERICH1",-0.0990742467428734,5.23491820281832,1.76302541710369,0.187762840228908,0.77969717379199,-0.726390353924947
"10813","TARS2","TARS2",-0.113242213601315,4.70015376264287,1.7626377124696,0.187810892365479,0.77969717379199,-0.726279223800238
"6939","N4BP2","N4BP2",-0.112701982486211,6.38989573407834,1.76002763875845,0.188134763275584,0.77993658049115,-0.725530948714237
"7209","NIFK","MKI67IP",-0.0822985193180891,5.8068815009814,1.75957809212275,0.188190611816075,0.77993658049115,-0.725402045829972
"1037","BFAR","BFAR",-0.0730431499829671,6.00226667131859,1.75876853164625,0.188291235357562,0.77993658049115,-0.725169895195426
"3737","FOXB1","FOXB1",-0.464121585844948,1.49198703693773,3.55158977295852,0.188319885551548,0.77993658049115,-0.72510381843621
"2420","CXCL8","IL8",-0.564828909014662,2.24759874217952,1.75724003903718,0.188481391199612,0.780207111688758,-0.724731521311048
"4477","HIBCH","HIBCH",-0.180026585582601,4.5764836353126,1.75434590249027,0.188842065153667,0.781201566083714,-0.723901258823615
"3933","GEMIN8","GEMIN8",-0.128790625216027,4.21575569099061,1.75196498585413,0.189139392025066,0.781437430990732,-0.723218011305776
"12469","ZNF10","ZNF10",-0.187468953457482,3.75550836189881,1.75134878492891,0.189216432783866,0.781437430990732,-0.723041149343059
"1316","C4orf3","C4orf3",-0.109049956663104,8.27395236308296,1.74634925548937,0.189842874324672,0.781437430990732,-0.721605699285585
"6307","MBOAT1","MBOAT1",-0.12236460555894,5.68498051531967,1.74543777346377,0.189957347249951,0.781437430990732,-0.721343903960267
"10597","STK11","STK11",-0.183227683559479,3.92444000334678,1.7451622305426,0.189991968722451,0.781437430990732,-0.721264757011601
"12369","ZDHHC13","ZDHHC13",-0.156628262622016,4.38155459426047,1.74390400005819,0.190150158002622,0.781437430990732,-0.720903309381305
"10801","TAOK3","TAOK3",-0.0820282506423049,7.23111444632638,1.74358404378981,0.190190408901874,0.781437430990732,-0.72081138785085
"4308","H2AC17","HIST1H2AM",-0.24245731341569,2.46388550053989,3.03098481704161,0.190689910665838,0.781437430990732,-0.719672284709992
"592","ARF3","ARF3",-0.0852047297511171,5.74261589061298,1.73950832893128,0.190704021977298,0.781437430990732,-0.719640147519661
"4954","ITGA4","ITGA4",-0.135266796703738,9.055759930434,1.73883274149826,0.190789316577329,0.781437430990732,-0.719445947668691
"2892","DTWD1","DTWD1",-0.153095685842779,4.23712715327437,1.73829213860699,0.190857601560719,0.781437430990732,-0.719290538098271
"8920","RCAN2","RCAN2",-0.520076119021142,1.36748944565227,1.73666333107009,0.191063515491362,0.781913875857865,-0.718822235674041
"7020","NCALD","NCALD",-0.19093778458187,4.3789278782934,1.73433465272986,0.191358364052565,0.782516153755192,-0.71815255051558
"4601","HPS6","HPS6",-0.213432589003756,4.54538007546143,1.73249095035367,0.191592188919216,0.783089309026148,-0.717622200781651
"8952","REEP6","REEP6",-0.317441053567004,2.04008349624475,2.14687481472548,0.191800658389862,0.783224976434139,-0.717149906369769
"6327","MCL1","MCL1",-0.0942038308189773,9.21527676411795,1.73080343679555,0.191806501975739,0.783224976434139,-0.717136674932178
"11957","USP45","USP45",-0.128964520619307,4.25500433130084,1.72925749620819,0.192003084598597,0.78339536040838,-0.716691794143383
"12889","ZNF823","ZNF823",-0.280154774277584,2.45390383623583,1.72903365955825,0.192031567559823,0.78339536040838,-0.716627372910343
"11739","TYMS","TYMS",-0.392626403094137,1.66710556163738,2.5497473707366,0.192056350579885,0.78339536040838,-0.716571327779193
"11215","TMEM208","TMEM208",-0.107937699697873,5.27144312534902,1.72770240516417,0.192201071627832,0.78339536040838,-0.716244195227533
"197","ADAT3","ADAT3",-0.306435964537985,2.02962794494704,2.3511275565524,0.192552172916887,0.784294925981404,-0.715451576077922
"8512","PSENEN","PSENEN",-0.118632144771357,5.38193353167946,1.72382597993225,0.192695654174832,0.784514606955185,-0.71512807978758
"638","ARHGEF18","ARHGEF18",-0.102621896161036,6.64978401029318,1.72292825629177,0.192810407284301,0.784514606955185,-0.714869527984234
"7740","PCYOX1L","PCYOX1L",-0.106753448819941,4.69317658400792,1.72263431639333,0.192847998271802,0.784514606955185,-0.714784864674644
"2722","DLEU2L","DLEU2L",-0.252904534082039,2.3815173808057,2.27097779097839,0.193180393918045,0.785313062510862,-0.714036952689049
"6358","MDH1","MDH1",-0.0748798331959588,7.50543853743113,1.71932251708796,0.193272134126659,0.785313062510862,-0.713830757804935
"74","ABITRAM","FAM206A",-0.122687591285587,5.11670196498748,1.71874262260097,0.193346513844947,0.785313062510862,-0.713663654113553
"6160","MAGED2","MAGED2",-0.0938717334005937,6.5243320172996,1.71769463205275,0.193481019661016,0.785365853586471,-0.713361632509622
"1744","CDCA4","CDCA4",-0.118768490058251,5.06211962315858,1.71005706241834,0.194464633337838,0.78774810294245,-0.7111593709081
"4237","GSTT1","GSTT1",-0.477066646017476,2.8726295273068,1.70939063528655,0.194550741075913,0.78774810294245,-0.710967110557659
"2027","CKS2","CKS2",-0.227553559367871,3.9634218708806,1.70936787718771,0.19455368240404,0.78774810294245,-0.710960544697711
"12633","ZNF418","ZNF418",-0.393587037007952,1.73105216557427,1.70766270575381,0.194774214323357,0.788214111420947,-0.710468538824556
"7608","PACS1","PACS1",-0.126716178994726,6.52521227035607,1.70307601309423,0.195368891321728,0.789173304720271,-0.709144588021973
"6510","MIDN","MIDN",-0.212760609073928,3.10246758578553,1.70270945829602,0.195416509103478,0.789173304720271,-0.709038749165484
"6728","MRPS11","MRPS11",-0.11592372595762,4.97041051084133,1.70172726126559,0.195544170666268,0.789173304720271,-0.708755126197188
"6097","LTK","LTK",-0.405331787425285,2.38737261730297,1.7007156001944,0.195675765409053,0.789173304720271,-0.708462958710185
"9390","RTN4","RTN4",-0.121793049291236,7.14578381961841,1.70014635756532,0.195749857541944,0.789173304720271,-0.708298545330147
"1199","C12orf45","C12orf45",-0.15055393202168,3.48621973908164,2.49079668476004,0.195817569646046,0.789173304720271,-0.708148343901629
"5093","KCTD17","KCTD17",-0.223540942964924,2.98786382623814,1.69843392973818,0.19597294670906,0.789551875048645,-0.707803877142979
"6525","MINK1","MINK1",-0.157754270228969,5.69144859283129,1.69728864348134,0.196122319225403,0.789733648533848,-0.707472979688356
"7006","NAXE","APOA1BP",-0.0981883229781792,5.49350190605875,1.69715456827814,0.196139814659374,0.789733648533848,-0.707434239418618
"4656","HTATSF1","HTATSF1",-0.076776145556895,6.51060889278151,1.69469796420274,0.196460704781236,0.790104503408397,-0.70672430230262
"8287","PPIE","PPIE",-0.0907854265594926,5.88688908324449,1.69463101558134,0.196469458572113,0.790104503408397,-0.706704951672768
"723","ARRDC5","ARRDC5",-0.216402474343275,2.71644947532304,1.85893365079489,0.196536439720874,0.790104503408397,-0.706556915504831
"2645","DGCR11","DGCR11",-0.225698783324492,2.60997288926477,2.26611170333633,0.196727074890021,0.79042713327253,-0.70613586546878
"11252","TMEM30B","TMEM30B",-0.185163881023298,3.65175739406441,1.68529923797874,0.197694175071765,0.793070479215613,-0.704006126697749
"376","ALKBH2","ALKBH2",-0.138271224078829,3.64275232898515,2.04045476512944,0.197906102229054,0.793070479215613,-0.703540814567997
"7828","PES1","PES1",-0.128114833005347,4.38463114808154,1.68359207439106,0.197919207241326,0.793070479215613,-0.703512057263292
"9815","SKP1","SKP1",-0.0602437666128171,8.97339141506112,1.68228937756204,0.198091129116979,0.793070479215613,-0.703134972527111
"10861","TBCEL","TBCEL",-0.225554281961977,2.55613569623108,1.9012910746514,0.198217354872027,0.793070479215613,-0.702858323638884
"1307","C3AR1","C3AR1",-0.265070959804258,2.65837777122557,1.68114280079559,0.198242594310101,0.793070479215613,-0.702803027517703
"12327","ZBTB7B","ZBTB7B",-0.179617392597391,3.31371069985975,1.67963647502937,0.198441792672474,0.793070479215613,-0.702366858312698
"4824","ILK","ILK",-0.143164600247995,6.00219951387907,1.67924302977177,0.198493861594957,0.793070479215613,-0.702252919211488
"7892","PHAX","PHAX",-0.068156567515102,6.38977669041432,1.67877348490195,0.198556022903274,0.793070479215613,-0.702116934719541
"7558","OSM","OSM",-0.20395654263353,5.28171700082409,1.67803033957935,0.198654452539459,0.793070479215613,-0.701901696444778
"8567","PSPH","PSPH",-0.326215177204379,3.85886007700547,1.67770758798536,0.198697219099181,0.793070479215613,-0.701808211090144
"4739","IFT122","IFT122",-0.160855780258905,3.37373518967818,2.04465358359458,0.198823199119072,0.793070479215613,-0.701532942566601
"6976","NAGS","NAGS",-0.419005713813636,1.60554021907849,3.11090460976059,0.198836188504536,0.793070479215613,-0.701504570454147
"8124","PLS3","PLS3",-0.498015000663316,1.56541133188173,1.67633356539763,0.198879408221586,0.793070479215613,-0.701410180971548
"4239","GSTZ1","GSTZ1",-0.239732933547979,2.46517759697795,2.53863208179502,0.199035415306578,0.793070479215613,-0.701069640656812
"2916","DUSP28","DUSP28",-0.115048837635144,4.29059036015021,1.6743662426474,0.199140612707379,0.793070479215613,-0.70084016098688
"7599","PABPC1","PABPC1",-0.0888213643479621,10.5111009388294,1.67320350792044,0.199295182915602,0.793070479215613,-0.700503198331402
"3700","FLNB","FLNB",-0.132475001169617,4.32965977394956,1.67309857082217,0.199309139945321,0.793070479215613,-0.700472784908137
"11671","TTLL12","TTLL12",-0.204562801353231,3.62764020775042,1.67211909546793,0.199439470035081,0.793070479215613,-0.700188888541316
"10308","SNUPN","SNUPN",-0.0992909227642051,4.76114835506281,1.67143763834494,0.199530205381656,0.793070479215613,-0.699991350415294
"277","AGO4","EIF2C4",-0.13860084011232,4.57198109902003,1.67001704609672,0.199719514036646,0.793070479215613,-0.699579499353658
"1096","BORA","BORA",-0.13024274493542,4.11372692518817,1.66430127862361,0.200483366001958,0.794468395715611,-0.697921654730789
"7823","PEPD","PEPD",-0.111441039260826,6.3793074332136,1.66375536395305,0.200556503785956,0.794468395715611,-0.697763249850107
"516","AP1S1","AP1S1",-0.171738622053415,3.70391963309548,1.66361205848888,0.200575708109621,0.794468395715611,-0.697721665895712
"2969","ECE2","ECE2",-0.280498668487983,2.23900947249805,1.99324815979956,0.200731709275076,0.794468395715611,-0.697384017271215
"570","APOLD1","APOLD1",-0.157027558535735,3.43016286866633,2.54242698194699,0.200736561529662,0.794468395715611,-0.697373519269031
"1674","CD38","CD38",-0.270525723136707,2.60589407979139,1.66169828021201,0.200832383295334,0.794468395715611,-0.697166257898832
"5083","KCNN4","KCNN4",-0.155496245441796,4.39758875440361,1.66083966322762,0.200947667961798,0.794468395715611,-0.696917029517727
"2325","CRYZL1","CRYZL1",-0.0871588252555066,5.41655269656791,1.66046847184127,0.200997531473463,0.794468395715611,-0.696809276281186
"9833","SLC12A6","SLC12A6",-0.103563845738218,5.47717195021349,1.65847448174848,0.201265644291181,0.794468395715611,-0.696230352126453
"8899","RBM47","RBM47",-0.501009432002091,1.40137708536015,2.1636025089271,0.201466005568683,0.794468395715611,-0.695798224160272
"8240","POM121C","POM121C",-0.131551013565222,4.95815879868854,1.65688200694277,0.201480075688303,0.794468395715611,-0.695767894666588
"5818","LOC285456","LOC285456",-0.456481574994727,1.50005419838221,3.54101114665073,0.201736582871482,0.795062060706543,-0.695215339771418
"6297","MBD4","MBD4",-0.0652792229939475,6.69556103397323,1.65346619805524,0.201940944667316,0.795318723487885,-0.694775616468683
"842","ATP5IF1","ATPIF1",-0.0677531298076119,7.39895403674392,1.65290226529268,0.202017152770515,0.795377396932287,-0.69461175413099
"8938","RDH10","RDH10",-0.188100571023544,2.96619355024766,1.78032180142613,0.202394447066848,0.79591343364321,-0.693801407056095
"392","ALYREF","ALYREF",-0.1729790650911,4.13251630119321,1.64921154030141,0.202516754372759,0.79591343364321,-0.693539041433806
"3160","ENDOD1","ENDOD1",-0.113513284037484,4.85929124387833,1.64852366040881,0.202610033517881,0.79591343364321,-0.693339051603806
"6606","MOB3A","MOB3A",-0.122191204304389,6.30936078119652,1.64797547737687,0.202684405977668,0.79591343364321,-0.693179663533771
"10010","SLC4A10","SLC4A10",-0.542342932767462,2.27346016521607,1.64782030681047,0.202705464021982,0.79591343364321,-0.693134544535345
"2368","CTDSP1","CTDSP1",-0.125923414513754,5.71833490669636,1.64609451002438,0.202939846461026,0.796182160688884,-0.692632672537177
"11661","TTC9","TTC9",-0.153799973368576,3.42460911551058,1.64501796104489,0.203086217789949,0.796182160688884,-0.692319548485246
"12743","ZNF585A","ZNF585A",-0.118811856379897,4.2299708862029,1.64428281321205,0.203186243516989,0.796182160688884,-0.692105698784285
"8355","PPP3CB","PPP3CB",-0.130239021485293,4.51842183956719,1.64298478989622,0.203362999016693,0.796182160688884,-0.691728062153969
"7896","PHC2","PHC2",-0.225288437082332,3.41175717555113,1.6427510136714,0.203394852509465,0.796182160688884,-0.691660042342591
"2306","CROCC","CROCC",-0.202926750570032,3.61477109782188,1.64126248179982,0.20359781433896,0.796182160688884,-0.691226888543648
"4916","IRAK4","IRAK4",-0.0854664518013633,6.38773661465492,1.64061922752048,0.203685597184296,0.796182160688884,-0.691039679318589
"6407","MEGF6","MEGF6",-0.119333650770953,4.4259260072304,1.64031637716328,0.203726941864221,0.796182160688884,-0.69095153393921
"11818","UBL7","UBL7",-0.108887495565938,5.68727462967941,1.64012627951274,0.203752898837518,0.796182160688884,-0.690896203740466
"1505","CCDC102B","CCDC102B",-0.339413792177642,1.94047105951221,2.09647842049071,0.20383863692681,0.796265774420808,-0.690713493471236
"7779","PDIA3","PDIA3",-0.0702749359910773,7.3901371362998,1.63533639720064,0.204408242551415,0.797530264847973,-0.689501595707473
"4660","HTRA2","HTRA2",-0.114869313117277,4.07489892237563,1.87463271053282,0.204823737788405,0.798364750867965,-0.688619712768919
"10023","SLC66A2","PQLC1",-0.162121546358157,3.47626687346422,1.63196716021804,0.204870726538626,0.798364750867965,-0.688520092408876
"2178","COMMD3","COMMD3",-0.108201422887448,5.11837211753503,1.63153727804544,0.204929825051285,0.798364750867965,-0.688394830702834
"2948","DZIP3","DZIP3",-0.152384374294209,5.94671368335378,1.62983612142169,0.205163893569739,0.798771790246622,-0.687899067552242
"6654","MPV17","MPV17",-0.094093887733772,5.93953243908544,1.62906402917508,0.205270234191504,0.798771790246622,-0.687674022200776
"1337","C7orf26","C7orf26",-0.172288501590885,4.61995445418584,1.62861239102062,0.205332469104621,0.798771790246622,-0.687542370463762
"12770","ZNF620","ZNF620",-0.231021769064759,2.52385061356992,2.72658001278338,0.205362925610977,0.798771790246622,-0.687477957310643
"8723","RAB34","RAB34",-0.27896798589258,2.4207095726801,1.62761497329624,0.20546999148112,0.798789990855432,-0.687251597076487
"5191","KIFC2","KIFC2",-0.187683362333799,3.70052258118327,1.62705274406089,0.205547559349568,0.798852153218077,-0.687087675620717
"5475","LITAF","LITAF",-0.0794152666538238,8.8254167525641,1.62545954252032,0.20576755565499,0.799228293267122,-0.686623101443354
"1956","CHMP1A","CHMP1A",-0.0863561818667273,6.3169728827882,1.62358799710984,0.206026347142926,0.79951534594232,-0.686077237460393
"8371","PPT1","PPT1",-0.0844783311192524,7.61637890785234,1.62201639782782,0.20624396415284,0.799739171499266,-0.685618752467599
"8531","PSMB7","PSMB7",-0.0581613546507688,6.55916745825094,1.62168827092263,0.206289434132123,0.799739171499266,-0.685523015437547
"12755","ZNF598","ZNF598",-0.250702007596343,2.37661805781443,2.1389419413684,0.206374548557717,0.799739171499266,-0.685343863742993
"2863","DPY19L3","DPY19L3",-0.189025084190387,3.05154613067894,1.62060865817409,0.206439125567769,0.799739171499266,-0.68520798917725
"12631","ZNF416","ZNF416",-0.188967245907804,3.09346675044412,1.62038751371369,0.206469803943169,0.799739171499266,-0.68514345461177
"6827","MTLN","LINC00116",-0.106294451175464,4.45324951198217,1.61936795747537,0.206611313050213,0.799739171499266,-0.684845902270575
"3285","ETHE1","ETHE1",-0.0994517757670249,5.69826401001619,1.61935202405102,0.206613525448727,0.799739171499266,-0.684841251860548
"10153","SNHG11","SNHG11",-0.110814076558347,4.10075320961845,1.72832694947215,0.206700488864337,0.799739171499266,-0.684658496227899
"7483","OASL","OASL",-0.265806107335706,4.33459305601792,1.61775703400436,0.206835137796155,0.799906455892103,-0.684375680013869
"10726","SYDE2","SYDE2",-0.244244380462228,2.41685209518095,1.89478725580182,0.207002082442412,0.799906455892103,-0.684025285515549
"12640","ZNF43","ZNF43",-0.125552385264099,5.76608304786412,1.61420944924359,0.207329071390493,0.800738327820441,-0.683339797475542
"4156","GPR55","GPR55",-0.263762444700982,2.71231475522927,1.61219308406555,0.207610442077304,0.800848942806284,-0.682750806784537
"1292","C2CD4D","C2CD4D",-0.401255616121387,1.60561182558402,3.25568723653345,0.207775267100095,0.800848942806284,-0.682406150721254
"10321","SNX20","SNX20",-0.126825548929861,6.24506911657226,1.61057599875756,0.207836426753138,0.800848942806284,-0.682278332854644
"10627","STRADA","STRADA",-0.103073871555369,4.57706571924879,1.61036219043963,0.207866328145742,0.800848942806284,-0.682215855473012
"9708","SFXN3","SFXN3",-0.118242486334735,5.06307978156705,1.61010006985994,0.207902993116247,0.800848942806284,-0.682139258217772
"4886","INTS9","INTS9",-0.100874583397657,4.8574137437549,1.6094757783115,0.207990349174238,0.800848942806284,-0.681956815987294
"12053","VPS35","VPS35",-0.128146028310619,6.72133526347856,1.60878078389882,0.208087650359002,0.800848942806284,-0.681753693647524
"6089","LTA4H","LTA4H",-0.0893125613745226,6.42714057070919,1.60725751260077,0.208301103721129,0.800848942806284,-0.681308428858179
"817","ATP11C","ATP11C",-0.152258710020851,4.81405615259465,1.60717167113731,0.208313140353264,0.800848942806284,-0.681283333974878
"9555","SDHAF1","SDHAF1",-0.11928241427267,4.21252969417545,1.60584845684715,0.208498786191666,0.800848942806284,-0.6808964689962
"12470","ZNF100","ZNF100",-0.173891131416686,4.51143109717736,1.60515320754723,0.208596408634155,0.800864518854956,-0.680693173013013
"4828","IMMP1L","IMMP1L",-0.15016855918474,3.5312128102188,1.60354394093656,0.208822582033026,0.801310845722263,-0.680222538610211
"3702","FLOT2","FLOT2",-0.0918715755697628,7.61492787095086,1.60259938508922,0.208955471145954,0.801468664666456,-0.679946253104273
"11014","THOC3","THOC3",-0.188110469259723,2.98232988898303,2.46547214027367,0.209253655125924,0.80196386054612,-0.679326947255106
"8421","PRKAR1B","PRKAR1B",-0.154412650958727,3.52060832947502,1.59752250286826,0.209671477240764,0.802964976885636,-0.678460644973193
"8477","PRR13","PRR13",-0.0692818542708273,8.13611049344127,1.59424288499806,0.210135577190918,0.802964976885636,-0.677500412755149
"7885","PGP","PGP",-0.138847328343968,4.13117978107863,1.59356534992262,0.210231609199039,0.802964976885636,-0.677301985412154
"91","ACAD10","ACAD10",-0.120584900620995,4.49297711660033,1.59309101081988,0.210298872138758,0.802964976885636,-0.67716305648737
"8761","RABL2B","RABL2B",-0.125467547773424,3.85624606879162,2.51746952983007,0.210444058620547,0.802964976885636,-0.676863330998094
"3997","GLG1","GLG1",-0.0902101188840791,8.85374025133503,1.59192801549572,0.210463898403969,0.802964976885636,-0.676822389465272
"7400","NTPCR","NTPCR",-0.174311537743258,4.34080728406009,1.59072224973183,0.21063515805527,0.802964976885636,-0.676469137067802
"1411","CANX","CANX",-0.0844139004186228,8.39996379480361,1.58897442466972,0.210883706028231,0.802964976885636,-0.675956974814329
"8126","PLXDC1","PLXDC1",-0.140535254810094,4.60506089915027,1.58860953382415,0.210935639499939,0.802964976885636,-0.675850036047571
"3231","ERCC4","ERCC4",-0.118936660202276,4.48550529083482,1.5865263352605,0.211232427606644,0.802964976885636,-0.675239409767122
"7384","NSUN5","NSUN5",-0.0917637192873031,4.5770342182475,1.65285404348225,0.211440387247302,0.802964976885636,-0.674812054477119
"8310","PPP1CA","PPP1CA",-0.124118485323974,7.79325208253831,1.58506110226728,0.211441476550512,0.802964976885636,-0.674809817075076
"6062","LRRFIP1","LRRFIP1",-0.069233683737723,8.78228302217471,1.58496714224724,0.211454890581018,0.802964976885636,-0.674782265930712
"5456","LINC01184","FLJ33630",-0.163706710345306,3.53016607340486,1.58494146751594,0.211458556165164,0.802964976885636,-0.674774737473152
"3881","GATAD2B","GATAD2B",-0.111184317431673,6.04200114406807,1.58469139821595,0.211494262583942,0.802964976885636,-0.674701409669232
"12718","ZNF558","ZNF558",-0.141316660278095,4.56321695606242,1.58468262250668,0.211495515764913,0.802964976885636,-0.674698836322979
"12933","ZPR1","ZNF259",-0.119113688670765,5.28083092642877,1.58359290655404,0.211651197849578,0.803320944910059,-0.674379269273647
"6512","MIEF2","SMCR7",-0.143821886474513,3.65182087825366,1.58062414962726,0.212076028786542,0.803831035951027,-0.67350841754693
"11339","TNFSF12","TNFSF12",-0.192445370373634,2.84518907817097,1.86958379614871,0.212201711182436,0.803831035951027,-0.673251118294749
"1375","CACNB2","CACNB2",-0.213295122724442,3.13044338115526,1.57969863488157,0.212208680276903,0.803831035951027,-0.673236855499435
"11516","TRIM45","TRIM45",-0.315503077369989,1.9474613595886,3.44874442542808,0.212348291580698,0.803831035951027,-0.67295122871644
"10515","SRXN1","SRXN1",-0.279372035976068,2.27864266700897,1.57838185039818,0.212397583545246,0.803831035951027,-0.672850428546008
"11104","TM9SF2","TM9SF2",-0.0935505156951578,7.4745851980329,1.57735773606523,0.212544640884459,0.803831035951027,-0.672549840890456
"481","ANKS1A","ANKS1A",-0.188237606131669,2.91202026198682,1.94987423619217,0.212588355809552,0.803831035951027,-0.672460526953597
"10766","TAF10","TAF10",-0.127844968837827,5.40298272056052,1.57649181957572,0.212669077505881,0.803831035951027,-0.672295652762295
"1656","CD2","CD2",-0.0860252411827343,8.8766559540409,1.57637906745093,0.212685287015453,0.803831035951027,-0.672262552358717
"11588","TSEN54","TSEN54",-0.102165912825031,5.78073087879497,1.57563604046014,0.212792143526552,0.803831035951027,-0.672044410615958
"4962","ITGB1","ITGB1",-0.101684243418503,9.97938112464638,1.57545839460128,0.212817700782316,0.803831035951027,-0.671992253104505
"2720","DLEU1","DLEU1",-0.126182901165005,4.06692097558723,1.57545073484548,0.212818802846306,0.803831035951027,-0.67199000414181
"2471","CYP4V2","CYP4V2",-0.118398619353348,5.45771823018478,1.57510498129675,0.212868556045565,0.803831035951027,-0.671888485787823
"12667","ZNF48","ZNF48",-0.254787351161595,2.63056000097861,1.57384738749943,0.213049639282881,0.803924656898433,-0.671519196772549
"2208","COQ3","COQ3",-0.206241570957437,2.93118530377132,1.5697434325236,0.213641867427608,0.805222529383603,-0.670313634550676
"3502","FANCL","FANCL",-0.197270412603718,2.83709318299244,1.77850045673915,0.214254550893869,0.806652644059193,-0.669069944634148
"10587","STAU2","STAU2",-0.117552368648732,5.00196563610514,1.56529550491547,0.214285974718466,0.806652644059193,-0.669006253137863
"3560","FBXO32","FBXO32",-0.102443389966902,6.42708548883202,1.56172528248808,0.214804675243918,0.80698523585959,-0.667956270409453
"1267","C1orf56","C1orf56",-0.136410621944312,4.124986436752,1.5579528128074,0.215354405695875,0.808242158073342,-0.666846239063509
"8018","PITPNM2","PITPNM2",-0.173341531247574,3.0574684876945,1.94212715138358,0.2156265081297,0.808242158073342,-0.666297850040083
"377","ALKBH3","ALKBH3",-0.109167855302358,4.75403847853678,1.55607900681675,0.215628090688309,0.808242158073342,-0.666294662612177
"7749","PDCD2L","PDCD2L",-0.150827670041533,3.40234258660391,1.74373889711781,0.216137356512646,0.809272087742706,-0.665270164513357
"6423","METRNL","METRNL",-0.375358342990801,1.74083467395911,1.55165562969421,0.216275828891079,0.809272087742706,-0.664992014845701
"7210","NIN","NIN",-0.116258661556703,6.65832808760971,1.55083828828434,0.216395773477393,0.809487419066383,-0.664751225882341
"3628","FGF7P3","KGFLP2",-0.307538597899892,2.0492037067809,1.5467911108011,0.216990880711812,0.810544974222384,-0.663558517486766
"8046","PLAAT4","RARRES3",-0.0941059828487121,7.76005602398402,1.54571277987797,0.217149774679445,0.810727063242713,-0.663240616937369
"8112","PLLP","PLLP",-0.439632724507317,1.59731859770077,2.22824362754349,0.217217834949136,0.810727063242713,-0.663104519313375
"1013","BCOR","BCOR",-0.10727043425052,4.66540694280901,1.54404175711684,0.217396280697292,0.810785500190566,-0.662747890270239
"4481","HIF1AN","HIF1AN",-0.121614720210666,5.86986634753234,1.54366868950574,0.217451361076734,0.810785500190566,-0.662637869643781
"9370","RSL1D1","RSL1D1",-0.0824810469389438,8.21609039292414,1.54307324553618,0.217539308456704,0.810785500190566,-0.662462256394973
"8766","RACGAP1","RACGAP1",-0.165608799287344,3.79152566016569,1.54195277129841,0.217704919688677,0.810957560897444,-0.662131756675472
"2297","CRIP2","CRIP2",-0.231748906253864,6.05015742724713,1.54090431180064,0.217860024874344,0.811222187914713,-0.661822451117539
"1870","CEP57L1","CEP57L1",-0.187716375545968,2.91738283686179,1.53978289029822,0.218026071697361,0.811607526005701,-0.661491570077609
"9352","RRNAD1","RRNAD1",-0.22429603940952,2.48856553372857,2.72745603398586,0.218123183216311,0.811643073534322,-0.661298172991492
"1328","C5orf63","C5orf63",-0.225330218121164,3.55202483302426,1.53815489988276,0.218267397696837,0.811643073534322,-0.661011129420333
"10486","SRI","SRI",-0.0800784227344442,6.95200176255581,1.53803032719894,0.218285877095602,0.811643073534322,-0.660974361853206
"3182","ENTPD7","ENTPD7",-0.195786115803925,2.7840167862982,1.97394892047381,0.218441431859349,0.811988737968862,-0.660664985375022
"2169","COL6A3","COL6A3",-0.297919427225643,2.03341812329368,2.12413699189553,0.21914625566522,0.812169940237216,-0.659265945305827
"7504","OGDH","OGDH",-0.10683544400226,7.47128816427735,1.53170829769521,0.219226192091701,0.812169940237216,-0.65910755967057
"2716","DKK3","DKK3",-0.411409280313807,1.64303866469508,1.53159069233298,0.219243730664087,0.812169940237216,-0.65907281655677
"6498","MICALCL","MICALCL",-0.343199968978618,1.84713937744153,2.55936593587373,0.219443851164213,0.812169940237216,-0.658676583617662
"7489","OCEL1","OCEL1",-0.144603442162378,3.65396080546105,1.52972400942405,0.219522338009223,0.812169940237216,-0.658521280521916
"6805","MTERF1","MTERF",-0.142440855150807,4.23097502147893,1.5284147869685,0.219717998685931,0.812169940237216,-0.65813436542901
"7268","NMU","NMU",-0.465480087151088,1.4315870313728,2.6093940152521,0.219742271659033,0.812169940237216,-0.658086390132951
"12892","ZNF829","ZNF829",-0.138024023425363,3.64718114997295,1.52588771772285,0.220096261720181,0.812597094071537,-0.657387333766892
"2107","CMTR2","FTSJD1",-0.144718209209803,4.88339489646093,1.5253053931261,0.220183538464859,0.812597094071537,-0.657215153216737
"4654","HSPH1","HSPH1",-0.113492785911542,6.01137268689212,1.52455340267914,0.220296306162769,0.812597094071537,-0.656992784858202
"9793","SIPA1L2","SIPA1L2",-0.347642579627851,1.81991592218228,1.52138677311709,0.220771939076125,0.813657490237094,-0.656056127857923
"11044","TIMM10","TIMM10",-0.132777820018375,4.85022060255649,1.519443549933,0.221064430607908,0.813962910658113,-0.655481130028281
"1067","BLOC1S4","CNO",-0.167659416134811,5.95042328951035,1.51499910309822,0.22173517127269,0.814391690489667,-0.654165414336286
"8823","RARA","RARA",-0.130520681362907,5.16374703324105,1.51369919988346,0.221931814553152,0.814391690489667,-0.653780435963188
"3295","EVA1C","C21orf63",-0.186070447981651,3.37194222809868,1.51312707096443,0.22201843058626,0.814391690489667,-0.653610971631938
"5171","KIF1C","KIF1C",-0.133533251785497,3.56376879108436,1.69124111586543,0.22207587245341,0.814391690489667,-0.653498623034346
"7935","PHYH","PHYH",-0.128561308440294,3.77930319595068,1.51218539504345,0.22216108259395,0.814391690489667,-0.653332016929777
"4817","IL5RA","IL5RA",-0.44671717747236,1.81440926011753,1.51185123377398,0.222211730538841,0.814391690489667,-0.653233018420279
"9687","SF3A1","SF3A1",-0.0863838957028443,7.15896771857755,1.5114226176373,0.222276715273068,0.814391690489667,-0.653106029689976
"8378","PRAG1","SGK223",-0.396445187831671,1.57866367532051,2.97251784221465,0.222289445465498,0.814391690489667,-0.653081157566023
"10833","TBC1D10C","TBC1D10C",-0.0940321395939348,8.06679857669625,1.50904147112693,0.222638153620475,0.814748876422684,-0.652400408343814
"5589","LOC100134713","LOC100134713",-0.242594109683596,2.35345028712548,2.72144997147922,0.222714344207931,0.814797853189363,-0.652251810762396
"6220","MAP3K20","ZAK",-0.214742098300301,2.84632306608181,1.5077898719853,0.222828422055054,0.814805432257899,-0.652029415139137
"8483","PRR5","PRR5",-0.135806016225144,3.73128371050503,1.50769463550383,0.222842908010696,0.814805432257899,-0.652001182806571
"5333","LARGE2","GYLTL1B",-0.254592204224626,2.25762795446331,1.88413617208415,0.222904839210921,0.814805432257899,-0.651880502987745
"12421","ZFP90","ZFP90",-0.128026718711594,5.60164495023366,1.50637874706853,0.223043178458905,0.815081451872501,-0.651611054659345
"21","ABCA1","ABCA1",-0.263392047151305,3.26308790525838,1.50501895706536,0.223250360126931,0.815088137093,-0.651207831874969
"4220","GSK3B","GSK3B",-0.0740011630860248,5.93503683559727,1.50446197787792,0.223335290609318,0.815088137093,-0.651042645912411
"3706","FLVCR1","FLVCR1",-0.163791730469226,3.59021534364803,1.50408449822408,0.22339287257376,0.815088137093,-0.65093068731381
"8000","PIN4","PIN4",-0.142699900470058,4.6748811799591,1.50357416223861,0.223470749544642,0.815088137093,-0.650779314333823
"353","ALDH5A1","ALDH5A1",-0.15215365198087,3.81427801500768,1.50318755329102,0.223529767797428,0.815088137093,-0.650664633027333
"8961","REPIN1","REPIN1",-0.212934470264149,4.45842700162708,1.50307047358711,0.22354764447521,0.815088137093,-0.65062990193913
"2090","CLYBL","CLYBL",-0.125430635461777,4.06292848428068,1.49951509093258,0.224091337334443,0.816119976898984,-0.649574931597761
"11851","UCN","UCN",-0.382677278555527,1.624983312144,2.43188001923941,0.224113772155793,0.816119976898984,-0.649531454542652
"995","BCL2","BCL2",-0.148223674501425,6.55434387120665,1.49885564968622,0.224192356369738,0.816119976898984,-0.649379198355822
"5249","KLKB1","KLKB1",-0.439809242162867,1.45375097934215,2.26659568735324,0.224571418029663,0.816119976898984,-0.648645518697391
"10926","TEF","TEF",-0.232472296130871,3.34322462213557,1.49570705866939,0.224675449181032,0.816119976898984,-0.64844438137584
"12647","ZNF439","ZNF439",-0.259579379339405,2.87258288840077,1.49532590660625,0.224734015725854,0.816119976898984,-0.648331187821317
"11213","TMEM204","TMEM204",-0.153145878124736,6.39499626379991,1.49485522617545,0.224806364518158,0.816119976898984,-0.64819139756922
"3618","FEZ2","FEZ2",-0.206450323573229,2.61161265211824,2.27854628414213,0.224856744009661,0.816119976898984,-0.648094082335493
"9650","SERINC5","SERINC5",-0.101980713088091,8.17277184122458,1.49448785386141,0.224862853391072,0.816119976898984,-0.648082282668989
"3510","FARSA","FARSA",-0.129024590783596,5.03874720534124,1.49419863597008,0.224907337021693,0.816119976898984,-0.647996376596117
"1050","BIK","BIK",-0.222460072398815,2.46383499000705,3.27541793453794,0.224941262256841,0.816119976898984,-0.647930872146514
"10024","SLC66A3","PQLC3",-0.115022451054187,6.64289316438159,1.49383681239278,0.224963002959282,0.816119976898984,-0.647888899363235
"11107","TMA16","C4orf43",-0.136548752669127,3.95524796731527,1.49291774286756,0.225104475591641,0.816162401028125,-0.647615870146393
"10799","TAOK1","TAOK1",-0.141388151533124,6.18875709387979,1.49252893928687,0.225164356808964,0.816162401028125,-0.64750035656635
"449","ANKRD13D","ANKRD13D",-0.126580058843471,4.33222256223752,1.49249991889616,0.225168827134177,0.816162401028125,-0.647491734338888
"4961","ITGAX","ITGAX",-0.304236381390127,1.96045544180413,3.2922816561938,0.225291599399647,0.816162401028125,-0.647255001806555
"9415","RXRB","RXRB",-0.119713997569306,4.60291802706975,1.49118715804486,0.225371158867513,0.816162401028125,-0.647101662141352
"10645","STX16-NPEPL1","STX16-NPEPL1",-0.477149940870785,1.39382172487209,4.67812497488152,0.225449936605564,0.816162401028125,-0.646949882476983
"4176","GPX7","GPX7",-0.118089787053879,4.61907147764257,1.49049455825961,0.225477996244878,0.816162401028125,-0.646895833279113
"8349","PPP2R5A","PPP2R5A",-0.118104834056538,5.84089226660588,1.48921053495335,0.225676227073958,0.816576319675164,-0.646514187463544
"5503","LNX2","LNX2",-0.0964269785917017,5.06014637721034,1.4889385986034,0.225718236518549,0.816576319675164,-0.646433351425454
"669","ARL15","ARL15",-0.124946322033786,4.79642663419487,1.48666052620191,0.226070533247749,0.817391615776391,-0.645756041289683
"6330","MCM3","MCM3",-0.137318318351181,5.89219592939018,1.4842417140105,0.226445327911636,0.817731540206793,-0.645036635383442
"2777","DNAJC13","DNAJC13",-0.126056253987384,4.98688267607486,1.48312497623293,0.226618621579162,0.818008730591671,-0.644704406402036
"9057","RILPL2","RILPL2",-0.114706018780039,6.71507071412251,1.48217424858244,0.226766281347519,0.818314038364774,-0.644421521707596
"1608","CCNG2","CCNG2",-0.148895535205258,4.24954296808947,1.4817390219905,0.226833916524818,0.818330478052408,-0.644292008604918
"2454","CYHR1","CYHR1",-0.113242176145965,4.05065012626137,1.48013683475971,0.22708311181379,0.818774099377513,-0.643815163088963
"4774","IKZF1","IKZF1",-0.0802410575055144,8.31299968872283,1.47867550462515,0.227310689878706,0.81936692964614,-0.643380139962805
"942","BACE1","BACE1",-0.225794094553834,2.58666916941649,1.47695439928917,0.227579080198078,0.819639637431121,-0.642867662189541
"10341","SOCS2","SOCS2",-0.204518142447026,4.71225639163022,1.47657006169904,0.227639066805236,0.819639637431121,-0.642753203428179
"7238","NKX3-1","NKX3-1",-0.30091220196622,1.92729937430026,1.63956864439855,0.227847122902029,0.819792943043397,-0.642356451021237
"6736","MRPS18C","MRPS18C",-0.145638947446486,4.61920216801228,1.47467955780578,0.227934413440032,0.819792943043397,-0.642190100274584
"2219","CORO2A","CORO2A",-0.0960056120655291,5.32642260146509,1.47415194682436,0.228016923581447,0.819806102897047,-0.642032918151848
"9702","SFT2D1","SFT2D1",-0.126084432659778,4.98213412223356,1.47326122209327,0.228156301717654,0.819806102897047,-0.641767531434788
"5356","LCMT2","LCMT2",-0.172021145955974,3.3208629821107,1.47304056607615,0.228190845414417,0.819806102897047,-0.641701782642397
"8864","RBFA","RBFA",-0.105856493621423,4.35774032887945,1.47154254201656,0.228425529783308,0.820241959815981,-0.641255359163482
"6676","MRPL1","MRPL1",-0.0970228428341008,5.17004201020012,1.47070234261254,0.228557286486268,0.820440973322179,-0.641004928693899
"4210","GRWD1","GRWD1",-0.112723008335418,5.19468001854543,1.46828889782765,0.228936269221525,0.820921603200529,-0.640285398784662
"5382","LEPROTL1","LEPROTL1",-0.0998277241550965,9.4640960950554,1.46753491899012,0.229054823527305,0.820921603200529,-0.640060558246182
"2554","DCXR","DCXR",-0.118497859329564,6.15118150348251,1.46743029705761,0.229071280014713,0.820921603200529,-0.640029357397244
"10140","SNAPC1","SNAPC1",-0.132874660276934,4.34882274970403,1.46616705980681,0.229270094627242,0.821181926449257,-0.639652589776708
"6645","MPND","MPND",-0.320048454280138,1.83221079807283,2.46143201122465,0.229499212572266,0.821758235029924,-0.639218800218687
"7095","NDUFB3","NDUFB3",-0.11292448348283,6.40327414179763,1.46266774882385,0.229821934715054,0.821758235029924,-0.638608523641213
"8212","POLR2A","POLR2A",-0.0881778627858161,7.35280353873141,1.46259189917825,0.229833914124032,0.821758235029924,-0.638585886743499
"3056","EIF2AK4","EIF2AK4",-0.085226946833752,5.27588959962257,1.46256259382961,0.229838542705276,0.821758235029924,-0.63857714065805
"9812","SKI","SKI",-0.136787852900068,4.12527065152224,1.4616025427192,0.229990239245317,0.821758235029924,-0.638290594990446
"6526","MINPP1","MINPP1",-0.200460114879862,3.65620180254986,1.46029208079906,0.230197501218998,0.821912084967347,-0.637899394922954
"10961","TFB1M","TFB1M",-0.144702407749442,4.43000476103677,1.45965986261199,0.230297574104394,0.821912084967347,-0.637710636758409
"10081","SMARCB1","SMARCB1",-0.0787160793790751,5.76690088653621,1.4590044089935,0.230401381012533,0.82205641250704,-0.637514922105053
"8177","PODXL2","PODXL2",-0.222726127834625,2.59977303995427,1.45785889814536,0.230582937618364,0.82216993942276,-0.637172832220623
"12246","YBX3","CSDA",-0.362924343706506,1.72570943418485,1.45751127782996,0.230638067927543,0.82216993942276,-0.637069008722178
"9152","RNF25","RNF25",-0.126675885967373,4.36165383076619,1.45748930490702,0.230641553230685,0.82216993942276,-0.637062445900614
"12700","ZNF528","ZNF528",-0.180890490608494,2.91475297371072,1.55241720701599,0.230834128826473,0.82216993942276,-0.636699980328943
"8599","PTMS","PTMS",-0.433064560411149,1.4571412391852,2.77893402701764,0.231051443028576,0.82216993942276,-0.636291314756656
"8389","PRDX1","PRDX1",-0.0805989554035018,7.6163660083591,1.45395547892029,0.231202920636422,0.82216993942276,-0.636006684056569
"7284","NOL3","NOL3",-0.441335382711246,1.45551038120225,2.75089910166976,0.231284368141255,0.82216993942276,-0.635853718977796
"731","ASAP1","ASAP1",-0.110198850377661,5.82491207520242,1.45315875804325,0.231329714721583,0.82216993942276,-0.635768577731983
"9407","RUVBL1","RUVBL1",-0.124569505822757,5.79088655998945,1.45281887211288,0.231383831714522,0.82216993942276,-0.635666991289577
"7064","NDRG1","NDRG1",-0.0877990597262767,6.06995354751932,1.45024116492024,0.231794761313741,0.822395164085782,-0.634896383550352
"6174","MAL2","MAL2",-0.494018464767495,1.3268714746652,1.44958107695444,0.231900133889514,0.822395164085782,-0.634699000618329
"5837","LOC339894","LOC339894",-0.275536785591825,2.05424272525273,1.62633287296597,0.232056590706478,0.822395164085782,-0.634406092546359
"3592","FCGRT","FCGRT",-0.127069464557795,5.24820351602817,1.44826974369294,0.232109641353661,0.822395164085782,-0.634306819476317
"9797","SIRPG","SIRPG",-0.115145521839568,6.69368102160397,1.4480514622298,0.232144537954377,0.822395164085782,-0.634241530236792
"2204","COPZ1","COPZ1",-0.101025968216808,6.85715073244008,1.44581807770081,0.232501957721854,0.822590937654408,-0.633573385895667
"4605","HRH4","HRH4",-0.273822374813398,2.10778311435245,2.27375681514874,0.232516840235775,0.822590937654408,-0.633545587476749
"1413","CAPG","CAPG",-0.174646340987634,6.20555893342906,1.44425960780052,0.232751766531449,0.822932140772586,-0.633107014140609
"12553","ZNF263","ZNF263",-0.126467664035333,5.20665948607224,1.44317036145378,0.232926558092309,0.822932140772586,-0.63278099074671
"4736","IFNLR1","IL28RA",-0.196093209293504,2.74427594973998,1.67028586654338,0.233138943357458,0.822932140772586,-0.632385176189358
"11997","VAMP5","VAMP5",-0.095233471113716,5.48793966915772,1.4406757417571,0.233327476147127,0.822932140772586,-0.632034116600732
"877","ATP8A1","ATP8A1",-0.17688911875213,5.38887888181161,1.44059034508249,0.233341215465363,0.822932140772586,-0.632008544239853
"8332","PPP1R37","PPP1R37",-0.380986718701677,1.61066086594207,2.6923857706758,0.233445204432812,0.822932140772586,-0.631815043171425
"12557","ZNF268","ZNF268",-0.14130357244083,5.08792603900956,1.43882391636135,0.233625635411622,0.822932140772586,-0.631479504423659
"2950","E2F2","E2F2",-0.219615875122145,3.18814934076567,1.43750562594798,0.233838175567252,0.822932140772586,-0.631084586053656
"5370","LDOC1","LDOC1",-0.13545150299589,4.49447829294687,1.43701234129906,0.23391776583873,0.822932140772586,-0.63093679267258
"12907","ZNF853","ZNF853",-0.471630485454413,1.3886205285322,1.95117434597308,0.233919545828294,0.822932140772586,-0.630933487935543
"6816","MTG1","MTG1",-0.0976275173184285,5.08973009656197,1.43693353432879,0.233930484225786,0.822932140772586,-0.630913180207137
"3101","ELAVL1","ELAVL1",-0.0854476851920708,5.91830555335546,1.43634960464485,0.234024749045564,0.822932140772586,-0.63073821179687
"3964","GIGYF1","GIGYF1",-0.116969229446963,5.37723758798666,1.43484898385356,0.234267210594454,0.822932140772586,-0.630288493538853
"2100","CMSS1","C3orf26",-0.0933922867085219,4.53612189507604,1.43331854169294,0.23451480775131,0.822932140772586,-0.629829729828863
"895","ATXN2L","ATXN2L",-0.121000060405735,6.23785057581808,1.4318473438325,0.2347531228005,0.822932140772586,-0.629388621826475
"4537","HMG20B","HMG20B",-0.109918669911121,5.09044713001407,1.43150230463529,0.234809057678701,0.822932140772586,-0.629285154340918
"5299","KXD1","KXD1",-0.0718397821887312,6.21388240659146,1.42794107121744,0.235387331312898,0.822932140772586,-0.628216914852642
"3755","FOXRED1","FOXRED1",-0.117067866337726,4.07644834541238,1.42781921515903,0.235407149213938,0.822932140772586,-0.628180351955557
"7872","PGBD2","PGBD2",-0.214970672646154,3.21235464556938,1.42636598860516,0.235643650695907,0.822932140772586,-0.627744257601271
"9884","SLC25A22","SLC25A22",-0.149467942175481,3.74294605524798,1.42584118033932,0.235729130876623,0.822932140772586,-0.627586745022457
"10865","TBL1X","TBL1X",-0.117015497343937,4.85917570623461,1.42140412441789,0.236453357036742,0.822932140772586,-0.626254515726867
"7205","NIBAN1","FAM129A",-0.0894947620113023,7.36369772457107,1.42076178920784,0.236558426677431,0.822932140772586,-0.626061576914396
"279","AGPAT2","AGPAT2",-0.142593190733309,4.23141845125736,1.42010809367415,0.236665413457106,0.822932140772586,-0.625865205705255
"7548","OSBPL3","OSBPL3",-0.0755276011440875,6.26518423823238,1.41900342192803,0.236846344171669,0.822932140772586,-0.625533314412167
"6650","MPP7","MPP7",-0.0779614040302875,5.86697201173941,1.4182050972187,0.236977205051399,0.822932140772586,-0.625293426970938
"1627","CCR4","CCR4",-0.142450358050843,7.30182220246489,1.41763569721216,0.237070595017779,0.822932140772586,-0.625122310270964
"870","ATP6V1E2","ATP6V1E2",-0.326157716249571,1.83134695533016,2.34985602165635,0.237541364978874,0.822932140772586,-0.624260752279873
"8235","POLR3GL","POLR3GL",-0.112085718499737,6.21678941403232,1.41425877850211,0.237625389796414,0.822932140772586,-0.624107157717061
"9846","SLC16A14","SLC16A14",-0.500655714915399,1.39176040021784,1.71791516849565,0.237711153618661,0.822932140772586,-0.623950440310547
"4222","GSN","GSN",-0.229954716035263,2.34961428734353,2.0244701811533,0.237715127066651,0.822932140772586,-0.623943180945188
"11718","TXK","TXK",-0.101943639998741,6.8538398089049,1.41314660442033,0.237808458423561,0.822932140772586,-0.623772702360942
"7597","PA2G4P4","PA2G4P4",-0.253068955361513,2.22875232536024,1.73717918657707,0.237817440544179,0.822932140772586,-0.623756299194382
"1675","CD3D","CD3D",-0.0751740553398094,9.33963042628738,1.41245987844941,0.237921583061852,0.822932140772586,-0.623566159141811
"11164","TMEM141","TMEM141",-0.126874918555282,4.09775484476364,1.4122375079697,0.237958228419943,0.822932140772586,-0.623499273022862
"8165","PNPLA4","PNPLA4",-0.182762424829359,3.1658880763803,1.41205461788611,0.237988372840802,0.822932140772586,-0.623444260315042
"12946","ZSCAN22","ZSCAN22",-0.232344035742981,2.51233270930444,1.41163554273195,0.23805746361175,0.822932140772586,-0.623318197913121
"3853","GALNT12","GALNT12",-0.202764803870431,2.82681833105441,1.41131001478406,0.238111148757543,0.822932140772586,-0.623220269733601
"11264","TMEM50A","TMEM50A",-0.0518634489840862,7.92425511231597,1.41128419119119,0.238115408148622,0.822932140772586,-0.623212501036056
"6044","LRRC41","LRRC41",-0.120888191931801,5.53510681700717,1.41072680424803,0.238207367424508,0.822932140772586,-0.623044810517686
"3670","FKBPL","FKBPL",-0.349479484842197,1.70202119977088,2.37726249426906,0.238351079798191,0.822932140772586,-0.622782876254944
"6738","MRPS21","MRPS21",-0.0679243522600967,6.75653166563673,1.40623310070493,0.238950349583374,0.822932140772586,-0.621692329771691
"7436","NUF2","NUF2",-0.210810962029853,2.57977370034902,1.68185283563235,0.23899995157951,0.822932140772586,-0.62160218703828
"406","AMOT","AMOT",-0.329221419933019,1.87946219657358,1.40585039425449,0.239013757371063,0.822932140772586,-0.621577100815943
"7759","PDE2A","PDE2A",-0.312898194986716,1.8990853833818,3.23079015686996,0.239118160017593,0.822932140772586,-0.621387439794138
"2595","DDX50","DDX50",-0.0646826240637189,5.95776692080931,1.40516381933538,0.239127562779104,0.822932140772586,-0.621370362516727
"4707","IER2","IER2",-0.139633415031995,7.9155795610722,1.40441896600996,0.239251103754849,0.822932140772586,-0.621146049983577
"2084","CLTB","CLTB",-0.163336757751894,5.67758733719548,1.40346399273508,0.239409610084132,0.822932140772586,-0.620858420668363
"3390","FAM124B","FAM124B",-0.295055090278473,1.92782919933056,1.41273709633632,0.239503234779579,0.822932140772586,-0.62068861653988
"11910","URB1-AS1","C21orf119",-0.16316499452405,3.16103302961494,2.03592579638589,0.239782752107356,0.822932140772586,-0.620182059494051
"8518","PSMA3-AS1","FLJ31306",-0.0877760401210944,7.33392551072794,1.40066606530705,0.239874754670604,0.822932140772586,-0.620015456426384
"139","ACSL3","ACSL3",-0.0913417943622861,5.16687681814271,1.3992084661016,0.240117515858731,0.822932140772586,-0.619576158296449
"1725","CDC34","CDC34",-0.186225423426193,2.81035606945451,1.71261395022619,0.240173431469055,0.822932140772586,-0.61947503691883
"1378","CACTIN","C19orf29",-0.252589745950381,2.18381093641127,2.60752962019123,0.240643534919455,0.822932140772586,-0.618625801497621
"11005","THEM4","THEM4",-0.106639102875478,7.33944161751185,1.39438883534747,0.240922377251033,0.822932140772586,-0.618122860170592
"7415","NUDT1","NUDT1",-0.101256194021604,4.19696377864513,1.40601071477527,0.240960945780164,0.822932140772586,-0.618053340854973
"9965","SLC35G1","SLC35G1",-0.228048623395654,2.59282383291875,1.3937894154978,0.241022710615077,0.822932140772586,-0.617942033648725
"12254","YIPF2","YIPF2",-0.116720022137775,3.76897638525503,1.76148616576647,0.241042685523342,0.822932140772586,-0.617906042712597
"1845","CENPU","MLF1IP",-0.205765448566336,3.11931260160714,1.39318641220247,0.241123695777535,0.822932140772586,-0.617760108412451
"522","AP2M1","AP2M1",-0.0705616755388739,7.70628801635175,1.39313143244131,0.241132905851461,0.822932140772586,-0.617743520213261
"7221","NIPSNAP1","NIPSNAP1",-0.0938842775817456,5.73714445228344,1.39282950068789,0.241183492446917,0.822932140772586,-0.61765242034843
"8828","RARS2","RARS2",-0.0828659413872848,5.90904074169331,1.3920964617876,0.241306362555541,0.822932140772586,-0.617431226842425
"911","AVL9","AVL9",-0.0900221598317546,5.54669884488843,1.39154179643617,0.24139938545351,0.822932140772586,-0.617263839849643
"6902","MYL5","MYL5",-0.338658675893193,1.7349005260406,3.69764531579489,0.241498783174677,0.822948178125843,-0.617085053160314
"3335","EXTL3","EXTL3",-0.151259755829373,3.31473091915104,1.83617035438504,0.241683304346631,0.823360689939298,-0.616753349925698
"7555","OSGEPL1","OSGEPL1",-0.131734917413602,4.19831957650079,1.38835299564403,0.241935038077397,0.823423167870508,-0.616301230680153
"3637","FGFRL1","FGFRL1",-0.250037443001568,2.21285111584294,2.24323662595982,0.24206249010714,0.823423167870508,-0.616072503419038
"6598","MMUT","MUT",-0.105065556859445,4.89306525804287,1.38747680899788,0.242082476085571,0.823423167870508,-0.616036647215796
"10607","STK31","STK31",-0.436819163578452,1.43985384285535,2.20580306473287,0.242163124777474,0.823481577388774,-0.615891988050581
"5261","KMT5A","SETD8",-0.134060266305609,3.76085759846209,1.38469198002168,0.242551822811096,0.824587211039924,-0.61519545724148
"4137","GPR146","GPR146",-0.151692777007329,4.15407165709195,1.38429097004009,0.242619500321519,0.824601199285059,-0.615074296042889
"603","ARFRP1","ARFRP1",-0.147013503658517,5.19268937112748,1.38358671467023,0.242738412280337,0.824624438045078,-0.614861493048483
"8189","POLD2","POLD2",-0.115815165316268,5.36214721990442,1.38179390173364,0.2430414497345,0.825127357684937,-0.614319652920823
"6386","MED20","MED20",-0.195102467692562,2.68291520734393,1.38593179769386,0.243118838175699,0.825127357684937,-0.61418138834391
"4151","GPR25","GPR25",-0.234308923496829,3.35728061750078,1.38000311677304,0.243344611014613,0.825242899225683,-0.61377826697762
"1100","BORCS8","MEF2BNB",-0.16271383465852,3.08159100739263,1.82064280351289,0.243563561600285,0.825242899225683,-0.613387683935789
"8201","POLI","POLI",-0.133805586415607,4.61308820915144,1.37797238477683,0.243688958336261,0.825242899225683,-0.613164148461031
"5845","LOC386758","LOC386758",-0.26734645370903,2.07059683022855,2.10464701365649,0.244074702417911,0.825242899225683,-0.612477231519519
"9519","SCD","SCD",-0.305337837879466,1.92956293039271,1.37554602522848,0.244101181436962,0.825242899225683,-0.612430118615128
"9089","RMND5A","RMND5A",-0.0863169635046123,6.08257537235619,1.3753211677292,0.24413942692713,0.825242899225683,-0.612362079189126
"3664","FKBP3","FKBP3",-0.123164369201996,6.41589733400289,1.37497747356153,0.244197899387457,0.825242899225683,-0.612258076215706
"881","ATP9A","ATP9A",-0.456141879265799,1.44380786315288,1.55839111593372,0.244374790645824,0.825377286917022,-0.611943597316947
"4300","H1-3","HIST1H1D",-0.24836417579278,5.27857793877825,1.37234706022649,0.244645983760287,0.825648373392872,-0.61146190945672
"9948","SLC35B1","SLC35B1",-0.0862714789996131,5.17055389577488,1.37107362266977,0.244863275982696,0.825817720963461,-0.611076344454739
"3013","EFCAB2","EFCAB2",-0.195421049763322,2.66786557793735,1.77023486994739,0.24501444600234,0.825817720963461,-0.610808308965481
"8613","PTPN2","PTPN2",-0.0678148100088889,7.16913304877711,1.36961779950704,0.245111982039863,0.825931881299519,-0.610635458202826
"8791","RALB","RALB",-0.138400448227811,5.18949944666575,1.36905956456261,0.245207431198605,0.826038952204492,-0.610466372327994
"1044","BICD1","BICD1",-0.145563769991384,3.8757129760897,1.3660307785314,0.245726107319081,0.826907623289983,-0.609548699188326
"11926","USP12","USP12",-0.0857751012739059,5.15632617434098,1.36487441922236,0.245924490720401,0.826907623289983,-0.60919821930886
"12362","ZCCHC9","ZCCHC9",-0.0890839647093374,4.64485047745379,1.36318161545396,0.246215263599832,0.826907623289983,-0.608685027392904
"5306","L3MBTL1","L3MBTL1",-0.22241612455676,2.47118584786175,1.65615328349168,0.246349328604996,0.826907623289983,-0.608448617004021
"10556","ST8SIA6","ST8SIA6",-0.453864001454897,1.37454538207363,2.42596366464507,0.246487348851844,0.826915018529863,-0.608205366304931
"1625","CCR2","CCR2",-0.224265609356783,3.37270997657374,1.35997766580051,0.246766772684306,0.82742448747312,-0.607713318752836
"2293","CRELD2","CRELD2",-0.0877374427327768,5.16831405220239,1.35722173379368,0.247242387770642,0.827828348900653,-0.606877070813077
"7508","OGFR","OGFR",-0.191016909307642,5.18152497851294,1.35482158046484,0.247657529169368,0.827828348900653,-0.606148464261357
"1247","C19orf54","C19orf54",-0.179566556849358,2.86846861220554,1.91956800153471,0.247694735836048,0.827828348900653,-0.606083223214929
"3906","GCHFR","GCHFR",-0.0792064183174585,5.27079713544626,1.35334833416438,0.247912776697564,0.827828348900653,-0.605701090391272
"1699","CD74","CD74",-0.0923855961827391,9.29935739274536,1.35309969925394,0.247955886154875,0.827828348900653,-0.605625577656236
"6187","MAN1C1","MAN1C1",-0.194864881451814,2.85076929943702,1.35252122592739,0.248056220495934,0.827828348900653,-0.605449877705863
"10948","TET1","TET1",-0.211372505511234,3.29011472568329,1.35215650406009,0.248119506222127,0.827828348900653,-0.605339091787335
"3938","GFER","GFER",-0.106335569364541,3.973679119097,1.49316633371783,0.248212118843645,0.827828348900653,-0.605177018089366
"1556","CCDC50","CCDC50",-0.165721743928774,5.60661523991379,1.35095587895706,0.24832797757799,0.827828348900653,-0.604974348414621
"6652","MPRIP","MPRIP",-0.0851959834490703,6.41704592002232,1.35020471487793,0.248458516997132,0.827828348900653,-0.604746111329564
"8659","PXMP4","PXMP4",-0.104107587947635,4.30422508405639,1.34951663086635,0.248578168924647,0.827828348900653,-0.604537015404275
"12519","ZNF211","ZNF211",-0.0865312689621282,5.26925708014832,1.3485523845329,0.248745963478848,0.827828348900653,-0.604243958031829
"9622","SEMA6C","SEMA6C",-0.440422302263502,1.4003364828565,2.97099171013264,0.24894404124652,0.827877735732145,-0.603898264587264
"1181","C11orf21","C11orf21",-0.214096689130391,3.58873248978705,1.34690183134711,0.249033513057325,0.827963035595252,-0.603742204886176
"7950","PICALM","PICALM",-0.116891921550185,5.36136689256095,1.34009723338366,0.250223338078511,0.830474127388064,-0.601672186544948
"9542","SCUBE3","SCUBE3",-0.360162033024727,1.64543083692271,3.70878534167872,0.250236904645027,0.830474127388064,-0.601648640678663
"6371","MEAK7","KIAA1609",-0.141507824681821,3.51427591725973,1.33785441584454,0.250617055522516,0.831008215403857,-0.600989376808483
"4459","HERC6","HERC6",-0.175303235795154,5.43373459956517,1.33764383287117,0.250654062042341,0.831008215403857,-0.600925252916958
"852","ATP5PD","ATP5H",-0.069927657713529,7.46458567890302,1.33494482908441,0.251128970147823,0.831967441562651,-0.600103184341604
"4464","HEXA","HEXA",-0.0742577861875864,6.19371007490906,1.33471708360394,0.251169094699479,0.831967441562651,-0.600033799756515
"8206","POLQ","POLQ",-0.380176853466252,1.54830862731681,1.39847749716122,0.251199912788168,0.831967441562651,-0.599980515713599
"3277","ESYT2","ESYT2",-0.0771201431201803,6.48815031748995,1.33401368020039,0.251293071767599,0.832063557948203,-0.599819484883663
"11577","TRUB2","TRUB2",-0.0944632626770798,4.92743810174275,1.33353436107312,0.251377596893902,0.832131044783004,-0.599673429827857
"9529","SCML4","SCML4",-0.0938764335224273,6.85204181838356,1.33241274830177,0.251575525036535,0.832565562991088,-0.59933161226734
"11118","TMCC2","TMCC2",-0.405949237746407,1.49029588480875,1.88255415828079,0.251637213635093,0.832565562991088,-0.599225132379113
"6674","MROH6","C8orf73",-0.42168641348141,1.5096918867361,2.5350145130119,0.251952882882012,0.832760445765184,-0.598680668018325
"1664","CD274","CD274",-0.122871253890847,4.53739906771833,1.32934669135254,0.252117574951078,0.833002569240765,-0.598396878884318
"2676","DHRS7B","DHRS7B",-0.197336482973272,2.59165047872521,1.96871313988724,0.252183164777191,0.833002569240765,-0.598283909390259
"8572","PTAFR","PTAFR",-0.287956521400669,1.97808287123632,3.15551188925261,0.252328135352344,0.833002569240765,-0.598034321630604
"9946","SLC35A4","SLC35A4",-0.0819052716876543,6.75940477778249,1.32809498180534,0.252339283292978,0.833002569240765,-0.598015134780317
"5858","LOC399715","LOC399715",-0.263248026990102,2.11959605404329,1.8826626172926,0.252400801275526,0.833002569240765,-0.597909270707669
"9939","SLC30A9","SLC30A9",-0.100552178933596,6.30328668062015,1.32600225334445,0.252710499230156,0.833369217871186,-0.597376714300905
"510","AOPEP","C9orf3",-0.154538307103423,3.11309216871486,1.33203698970348,0.252876281354348,0.833369217871186,-0.597091903593506
"3768","FRMD6","FRMD6",-0.421761661969204,1.43780646769707,1.32461845930144,0.252956335417271,0.833369217871186,-0.596954438997831
"1215","C15orf40","C15orf40",-0.0919872726485497,5.01457804529335,1.32332708343008,0.253186022017403,0.8338619608103,-0.596560274674744
"5100","KCTD5","KCTD5",-0.143995662864586,4.72579692916863,1.32287347105885,0.25326676406487,0.833893472262618,-0.596421798485322
"12767","ZNF616","ZNF616",-0.240044463814411,2.22919937383508,1.41180133248774,0.253325882282491,0.833893472262618,-0.596320436114611
"4413","HDAC7","HDAC7",-0.111680893758717,5.4039128963786,1.32219030182949,0.253388427322843,0.833893472262618,-0.596213223961655
"4258","GTF3C1","GTF3C1",-0.0831598685402345,5.14537288679679,1.32138728531534,0.253531526927276,0.834152802137345,-0.595968027970858
"9038","RHOF","RHOF",-0.143514923023488,3.31161146579335,2.23766874712843,0.253700317559615,0.834160449190893,-0.595678989166515
"10809","TARBP2","TARBP2",-0.112211324160667,4.30804697676616,1.31559426827586,0.254566848846682,0.836171955109761,-0.594198153315386
"12031","VKORC1","VKORC1",-0.101718404894858,5.41501028673421,1.31521750613255,0.254634365874965,0.836171955109761,-0.594082983625519
"4072","GOLGA2P5","GOLGA2P5",-0.153719610244639,3.14229404025055,1.31506967136963,0.25466086445993,0.836171955109761,-0.594037791019921
"8467","PRPF40B","PRPF40B",-0.299363941420208,1.89476045333013,2.50578914961227,0.255231971419286,0.837483419113103,-0.593064925008512
"6416","MEPCE","MEPCE",-0.134207753715818,3.70261193311901,1.31172341803839,0.255261584053492,0.837483419113103,-0.593014540029087
"8357","PPP3R1","PPP3R1",-0.109576373136015,4.71612717830028,1.31114991405683,0.255364717027324,0.837483419113103,-0.592839108086189
"11376","TOMM40","TOMM40",-0.104970784110821,5.10040317207639,1.31042508911396,0.255495136432171,0.837483419113103,-0.592617362616448
"10495","SRPK2","SRPK2",-0.0590262215766981,6.78393884902615,1.30961352372976,0.255641261968208,0.837483419113103,-0.592369047231774
"1177","BZW2","BZW2",-0.0982303012401371,5.65453104844231,1.30958499881793,0.255646399889247,0.837483419113103,-0.592360318796013
"12952","ZSCAN32","ZNF434",-0.127416864854143,4.19949577620188,1.30773643004486,0.25597964021688,0.837483419113103,-0.591794575676782
"11330","TNFRSF18","TNFRSF18",-0.177312801155542,4.03417937668042,1.30733695594961,0.256051724453798,0.837483419113103,-0.591672294938951
"679","ARL5B","ARL5B",-0.1979570991473,4.28493897643312,1.30705094381724,0.256103350305502,0.837483419113103,-0.59158474011933
"10067","SMAD3","SMAD3",-0.0928048190308392,6.33745914658572,1.30661852482504,0.256181427633859,0.837483419113103,-0.591452358465256
"5215","KLHDC10","KLHDC10",-0.143127311138164,3.84553682649348,1.30492154902615,0.256488120203928,0.837483419113103,-0.590932745364489
"953","BAIAP2","BAIAP2",-0.21876553037211,2.45813858515817,1.30459754500898,0.256546729258022,0.837483419113103,-0.590833517840589
"3856","GALNT3","GALNT3",-0.206409556551079,2.52436542078199,1.67054362414438,0.256764178019485,0.837566427318777,-0.590465566170323
"10145","SNAPIN","SNAPIN",-0.102955937772625,4.65420097252133,1.30281945312924,0.256868666341493,0.837694779458989,-0.590288869127696
"3095","EIF5AL1","EIF5AL1",-0.296420459674746,1.90334158247787,1.39111458571836,0.256983161921564,0.837694779458989,-0.590095331626357
"7536","ORC5","ORC5",-0.0918050335061183,5.09396055777084,1.30175401367833,0.257061814308659,0.837694779458989,-0.589962431590174
"3457","FAM241B","C10orf35",-0.143844783592963,3.45560323191703,1.30065021804365,0.257262107264995,0.837989936601152,-0.589624177324916
"10","AAMDC","C11orf67",-0.132969207191567,3.47245900841388,1.46740315661991,0.257363742967915,0.837989936601152,-0.589452635901196
"9421","S100A11","S100A11",-0.137092234684041,7.5837924086487,1.29970921106944,0.257433015021942,0.837989936601152,-0.58933575687844
"3934","GEN1","GEN1",-0.197078176255699,2.91885774153722,1.2984603290365,0.257660059141475,0.838202220239859,-0.588952897858999
"7752","PDCD6","PDCD6",-0.101871009667949,6.81542137271284,1.29750021032941,0.257834777072595,0.838202220239859,-0.588658504856588
"9095","RNASEH1-AS1","LOC100506054",-0.148486403949872,3.24044971132546,1.3919664136726,0.25784211880648,0.838202220239859,-0.588646138684902
"7252","NMB","NMB",-0.214176742744245,2.42275762584469,2.94235288343004,0.258099757522687,0.838202220239859,-0.588212403463138
"3563","FBXO36","FBXO36",-0.211686229929134,2.47175637268911,1.34649725286579,0.258251312286959,0.838202220239859,-0.587957462964056
"1496","CBY1","CBY1",-0.190521003652552,2.64480625337151,1.92693724370534,0.258479854606051,0.838524419555964,-0.587573299279361
"12378","ZDHHC23","ZDHHC23",-0.309998589823798,1.78656116916226,1.54748513235942,0.258861973766295,0.838654901434183,-0.586931741748919
"2655","DGKQ","DGKQ",-0.183732585381762,3.01730154176516,1.29167290258543,0.258898391164322,0.838654901434183,-0.586870648331555
"11052","TIMM29","C19orf52",-0.101102686499435,4.34928616029227,1.29155934677296,0.258919172167165,0.838654901434183,-0.58683579020581
"11562","TRNAU1AP","TRNAU1AP",-0.0800669675480979,4.80356210156461,1.32831787942645,0.258972599641204,0.838654901434183,-0.586746183618093
"12837","ZNF737","ZNF737",-0.132627266367024,5.01921381908961,1.28974822873697,0.259250894012952,0.838797261393219,-0.586279737294862
"3524","FBH1","FBXO18",-0.150384458195674,5.43807080553881,1.28949411785989,0.259297479194888,0.838797261393219,-0.586201705278746
"5883","LOC440461","LOC440461",-0.297260151142201,1.8880456470546,1.87667135301014,0.259309848983292,0.838797261393219,-0.586180987751032
"147","ACTB","ACTB",-0.0712195845752621,12.9388848995972,1.28855813551995,0.259469159791181,0.838797261393219,-0.585914254495529
"12510","ZNF195","ZNF195",-0.0785881740009436,5.5126989379468,1.28710245351914,0.259736448399524,0.838911645293156,-0.585467102245619
"1334","C6orf62","C6orf62",-0.0952296258264051,9.19400492675262,1.28523032142513,0.260080712168245,0.838911645293156,-0.584891854299705
"10522","SSBP3","SSBP3",-0.174817381321672,2.93539904360448,1.28452944545031,0.260209742467119,0.838911645293156,-0.58467644712685
"9155","RNF32","RNF32",-0.249857692421799,2.17048939573384,2.21442882438683,0.260281614113044,0.838911645293156,-0.584556508691623
"10343","SOCS4","SOCS4",-0.114331327402009,4.73651636000209,1.28386518889323,0.260332105293223,0.838911645293156,-0.584472269493967
"12237","XYLB","XYLB",-0.282466931122902,1.96699277448697,1.33364618583296,0.260526676317864,0.838911645293156,-0.584147801022844
"10782","TAF6L","TAF6L",-0.15309401478145,3.62045630486028,1.28266124779446,0.26055406752977,0.838911645293156,-0.584102142639437
"818","ATP13A1","ATP13A1",-0.08639140129815,5.82106642480539,1.28204089580561,0.260668530191684,0.838911645293156,-0.583911396867978
"10944","TESK1","TESK1",-0.200360184951544,2.80993612699613,1.28140112767694,0.260786641466013,0.83908360608596,-0.583714658669347
"6413","MEMO1","MEMO1",-0.086425655699208,5.46246804244285,1.28070868231917,0.26091455347514,0.839176228486474,-0.583501695841641
"3430","FAM201A","FAM201A",-0.194817293952665,2.62697102609322,1.39374165383738,0.260975797565594,0.839176228486474,-0.583399766497279
"3534","FBXL14","FBXL14",-0.162624440914412,3.69880531244259,1.27951345217753,0.261135527744399,0.839176228486474,-0.583134037967558
"9431","S100Z","S100Z",-0.3736827805003,1.66073542021507,2.34972945508354,0.261186163601033,0.839176228486474,-0.583049833640776
"9762","SHLD2","FAM35A",-0.117623014790238,4.85328041672647,1.27785833817408,0.261441913435454,0.839176228486474,-0.582624786630933
"2019","CIZ1","CIZ1",-0.100694664534841,4.67051042072586,1.27415476682095,0.26212913526883,0.839748630210575,-0.581484705176031
"3421","FAM184A","FAM184A",-0.229322585962798,2.26068551874169,1.53134342309864,0.262622774445423,0.840406883094623,-0.580667614929322
"2730","DLGAP3","DLGAP3",-0.398458422685862,1.47150024034778,3.37005938161398,0.262791144209078,0.840406883094623,-0.580389274142444
"6285","MAT2B","MAT2B",-0.0793050863764513,8.11631776233085,1.27025011088298,0.262856129280442,0.840406883094623,-0.580281891646741
"2038","CLCN7","CLCN7",-0.143467208531128,4.80758672684492,1.26982247310263,0.262935903540245,0.840406883094623,-0.580150107523233
"10055","SLFN13","SLFN13",-0.124808605161125,5.10732408231536,1.26901335827272,0.26308692424922,0.840406883094623,-0.579900736359481
"9429","S100P","S100P",-0.310802782596274,1.76685008918076,1.54424721677233,0.263099981443696,0.840406883094623,-0.579879182544859
"1150","BTBD6","BTBD6",-0.189937314645769,3.1763161390143,1.26872189720414,0.263141351971815,0.840406883094623,-0.579810898314899
"7069","NDUFA1","NDUFA1",-0.0697926353776849,8.01360426295396,1.26714802267246,0.263435503655973,0.840654057966808,-0.579325694815372
"5123","KDM7A","JHDM1D",-0.0791230896434668,6.42541907944166,1.26690179524559,0.263481560113458,0.840654057966808,-0.579249773700768
"3024","EFNA4","EFNA4",-0.22281364940598,2.42822649644238,1.51526882736716,0.263542746762584,0.840654057966808,-0.579148931960247
"8996","RFX2","RFX2",-0.217382001300118,2.42845827506358,1.26544828903512,0.263753642683464,0.841119962274479,-0.578801533641537
"12155","WDR70","WDR70",-0.0881830837798454,5.08377553945106,1.26439502401568,0.263951024831524,0.841314440647607,-0.578476647442861
"1272","C1QTNF6","C1QTNF6",-0.209766089779985,2.46098531793185,2.38758136178691,0.264112128776377,0.841314440647607,-0.578211654303479
"8813","RAP1GAP2","RAP1GAP2",-0.13039971606259,5.22643916140756,1.26298452982226,0.264215643084148,0.841314440647607,-0.578041473231679
"11426","TPM4","TPM4",-0.0820568067203776,7.17082921402452,1.26158776336517,0.264478015089404,0.841314440647607,-0.577610423145562
"1365","CABLES2","CABLES2",-0.223996402519473,2.33885490603148,1.88292058371919,0.26466165951357,0.841314440647607,-0.577308968663587
"4837","IMPDH1","IMPDH1",-0.100883106062141,5.48559265149643,1.26024119507925,0.264731268398718,0.841314440647607,-0.577194759525945
"4904","IQCE","IQCE",-0.182539538090954,2.68039872443263,1.31461848776202,0.264833640733347,0.841314440647607,-0.577026849077892
"4561","HNRNPAB","HNRNPAB",-0.181459009703756,5.69378960509513,1.25899407217263,0.264966091172869,0.841314440647607,-0.576809701001952
"1833","CENPF","CENPF",-0.172003125112121,3.39022129985246,1.25892226259875,0.264979620299693,0.841314440647607,-0.576787526560312
"8482","PRR34","C22orf26",-0.272464226353499,2.05694322820367,1.7677045977909,0.265092037763603,0.841314440647607,-0.576603316428587
"7039","NCKAP1","NCKAP1",-0.302912153268912,2.41696299628999,1.25799948135905,0.265153552363241,0.841314440647607,-0.576502550097676
"11644","TTC27","TTC27",-0.105723399455209,5.05653493218484,1.25693183247789,0.265354969588681,0.841314440647607,-0.576172774457315
"8601","PTP4A1","PTP4A1",-0.119628527363663,7.13258412389888,1.25628970137312,0.265476203640656,0.841314440647607,-0.575974401477874
"6492","MIB1","MIB1",-0.125658765201433,5.34318710854191,1.25612640440426,0.265507045164045,0.841314440647607,-0.575923950532514
"2185","COMT","COMT",-0.101194570941396,5.31966238880832,1.25610094449429,0.26551185412565,0.841314440647607,-0.575916084501788
"2455","CYLD","CYLD",-0.0578967211791046,9.05673506692268,1.25598969033026,0.265532869510065,0.841314440647607,-0.575881711255676
"1321","C5AR1","C5AR1",-0.328570972772282,1.78562626001155,1.25578425358209,0.265571681048378,0.841314440647607,-0.575818237361747
"9743","SH3GL1","SH3GL1",-0.120764650765241,4.11908272248923,1.25547320115552,0.265630459330347,0.841314440647607,-0.575722126741405
"8779","RAD51D","RAD51D",-0.150652664320708,3.14672145442808,1.30529254649144,0.266237717064212,0.842400902826677,-0.574730419362725
"2770","DNAJB5","DNAJB5",-0.371772432281757,1.55042803711453,1.87926959489844,0.267023152197133,0.842959861246779,-0.573451081573466
"3482","FAM86EP","FAM86EP",-0.275262882285979,2.00519788226211,1.98091672873373,0.267231461285979,0.842959861246779,-0.573112413492302
"9500","SCAND2P","SCAND2",-0.114828376511556,4.29783780160324,1.24701916572285,0.26723428422489,0.842959861246779,-0.573107825782791
"3417","FAM174A","FAM174A",-0.123268824776631,3.61675253667371,1.49849171316605,0.267291798698303,0.842959861246779,-0.573014366476212
"9478","SATB1","SATB1",-0.0829463091033049,7.68490794216885,1.24637270771168,0.267357426767575,0.842959861246779,-0.572907747380444
"12830","ZNF717","ZNF717",-0.236128006324319,2.25532171782184,1.75903085601208,0.267384554769945,0.842959861246779,-0.572863682982469
"4891","IPMK","IPMK",-0.128571991469041,3.45954451727241,1.34462141441954,0.2676066416488,0.843183968613364,-0.572503112146254
"1143","BTBD1","BTBD1",-0.0655232772874214,6.27565574848932,1.24461434409599,0.267692736714527,0.843183968613364,-0.572363412330419
"4773","IKBKG","IKBKG",-0.0888570927850042,4.82777876708378,1.24420548133567,0.267770780601851,0.843183968613364,-0.572236815358804
"7256","NME3","NME3",-0.0976455991139336,5.20552787904785,1.24360832320527,0.267884818027348,0.843307387592522,-0.572051898686605
"12150","WDR61","WDR61",-0.0879977325092075,6.00034922905318,1.24239196026351,0.268117292867905,0.843608780118137,-0.571675174249466
"2488","DAG1","DAG1",-0.122162922789422,3.96650969803115,1.24194517582623,0.268202747612746,0.843608780118137,-0.571536777316107
"7099","NDUFB7","NDUFB7",-0.0852847408440569,5.92428296406336,1.2414071547786,0.268305698509784,0.843608780118137,-0.571370103306171
"11068","TJAP1","TJAP1",-0.109985320638686,3.86217723665383,1.238870034685,0.268791852706139,0.844327670944235,-0.570583899228296
"960","BARD1","BARD1",-0.116669600479234,4.07369939706797,1.23885533793792,0.268794672088159,0.844327670944235,-0.570579343898141
"3826","G6PD","G6PD",-0.108360026963212,4.42203272174784,1.2378419463721,0.268989168435614,0.844645201640273,-0.57026520766805
"2621","DENND2C","DENND2C",-0.382952042505987,1.50162738301944,1.50010851854889,0.269064431808461,0.844645201640273,-0.570143708740377
"4121","GPCPD1","GPCPD1",-0.109614545809841,7.09076573668233,1.23728543389611,0.269096053426914,0.844645201640273,-0.570092671569141
"4423","HDHD5","CECR5",-0.0997329087792596,5.18445768221849,1.23367274832661,0.269791221418508,0.845144948034787,-0.568972185692753
"12450","ZKSCAN7","ZNF167",-0.231056674956772,2.29417697130967,1.231532335828,0.270204160544045,0.845683612723256,-0.568307968091896
"7259","NME7","NME7",-0.109472311768664,4.31038318599669,1.23023523395823,0.270454793292184,0.845875342892364,-0.567905317117467
"3917","GDAP1","GDAP1",-0.163990617417213,3.97591615408943,1.22956773618133,0.270583885381825,0.845875342892364,-0.567698071367904
"3423","FAM185A","FAM185A",-0.135978372708316,3.81049878147458,1.22910010176379,0.270674370971604,0.845875342892364,-0.567552863817764
"159","ACTR3C","ACTR3C",-0.175618457578888,2.7752832801331,2.23606851516167,0.270986033137383,0.845875342892364,-0.567053092474959
"4678","IBA57","IBA57",-0.119249436399916,4.18768769606637,1.22612104678663,0.271251708135329,0.845875342892364,-0.566627518281065
"10461","SPTBN5","SPTBN5",-0.192924999751909,2.56939816847759,1.28006847119391,0.271277605970698,0.845875342892364,-0.566586055868953
"2144","COA1","C7orf44",-0.0813710489247453,4.94849172001444,1.22592478428487,0.271289798314626,0.845875342892364,-0.566566537307209
"7971","PIGV","PIGV",-0.165198119578167,3.15988228763221,1.22485996146664,0.271496574887062,0.845875342892364,-0.566235644959229
"12153","WDR64","WDR64",-0.361686629977098,1.57392503532707,1.69054924779365,0.271635488587752,0.845875342892364,-0.56601349105213
"7073","NDUFA13","NDUFA13",-0.0766954869903797,7.28979792594375,1.22376203847712,0.271709988336609,0.845875342892364,-0.56589439618005
"1338","C7orf31","C7orf31",-0.219348984067766,2.33805411945141,1.33619692471324,0.271769385527503,0.845875342892364,-0.565799467564214
"48","ABCG1","ABCG1",-0.139307999715852,5.17525403787636,1.2225566163024,0.271944542361189,0.845875342892364,-0.565519652591424
"11041","TIGIT","TIGIT",-0.152043959963922,6.67594545023197,1.22074674945516,0.272297193051759,0.845875342892364,-0.564956835517969
"6836","MTMR4","MTMR4",-0.0675100123168245,5.09535684049811,1.24961904023552,0.272303952450327,0.845875342892364,-0.564946054896138
"3546","FBXL6","FBXL6",-0.16990194097622,2.79004298458181,1.25652103032294,0.272448266618417,0.845875342892364,-0.564715950837323
"1536","CCDC167","CCDC167",-0.160327358132982,5.75298339906757,1.21915906239464,0.272607029938136,0.845875342892364,-0.564462948853603
"3228","ERCC1","ERCC1",-0.087520831864804,5.15182069645431,1.2180317507511,0.272827296199768,0.845875342892364,-0.56411218095143
"6048","LRRC56","LRRC56",-0.236245242848411,2.21264928008858,2.16934628620978,0.272831012216272,0.845875342892364,-0.56410626572779
"9411","RWDD2B","RWDD2B",-0.133461098576489,3.75453743068913,1.21620089842054,0.273185509288319,0.846101422823624,-0.56354234087274
"9013","RGS14","RGS14",-0.129298663209275,5.94216083401467,1.21580623639102,0.27326280458373,0.846101422823624,-0.563419478674629
"9684","SETX","SETX",-0.116268158062874,7.40504719398909,1.21495550712986,0.273429515948721,0.846101422823624,-0.563154606367443
"3073","EIF3I","EIF3I",-0.059098126145074,7.17108633863364,1.21481970062697,0.273456140934418,0.846101422823624,-0.563112319340044
"1632","CCR9","CCR9",-0.243282354491827,3.22089088951879,1.21446807510636,0.273525092727636,0.846101422823624,-0.563002826064489
"2923","DUT","DUT",-0.0931644463314265,6.64288728816408,1.21409301599091,0.273598664051885,0.846101422823624,-0.562886027552473
"3460","FAM3A","FAM3A",-0.0857664803050176,4.77884457225575,1.2127465872332,0.27386298567465,0.84625460704002,-0.562466661442749
"5997","LPXN","LPXN",-0.102821322292495,7.82237881020029,1.21217125877817,0.273976029097763,0.84625460704002,-0.56228743311382
"10974","TGDS","TGDS",-0.129158622788265,5.13730521278019,1.21144972036017,0.274117884387754,0.84625460704002,-0.562062628679647
"9761","SHLD1","C20orf196",-0.135099855599159,3.67377045557568,1.21017069136758,0.274369572375425,0.84625460704002,-0.561664053614597
"4010","GLRX5","GLRX5",-0.0885632473277592,4.91081344518047,1.20910671347945,0.274579166288545,0.84625460704002,-0.561332417970245
"12550","ZNF257","ZNF257",-0.223927881406887,3.09362075290619,1.20825910834706,0.274746282402397,0.84625460704002,-0.56106817531229
"8469","PRPF6","PRPF6",-0.0803297535953466,6.48039009949631,1.20717495143216,0.274960226218145,0.84625460704002,-0.560730123563399
"2523","DCAF6","DCAF6",-0.101867948949395,4.77592801693509,1.20707053022976,0.27498084352233,0.84625460704002,-0.560697560141838
"11820","UBN1","UBN1",-0.0924496468833456,5.10466046304905,1.20670460814325,0.275053108033517,0.84625460704002,-0.560583443264007
"9618","SEMA4D","SEMA4D",-0.118275713761432,7.71738919410619,1.20660790719987,0.27507220915584,0.84625460704002,-0.560553284637355
"10985","TGIF2","TGIF2",-0.0982536180997974,5.05927242485041,1.20606030231128,0.275180408161137,0.84625460704002,-0.56038248951499
"8803","RANBP1","RANBP1",-0.0928523868833682,5.64846923331227,1.20566635766674,0.275258279545229,0.84625460704002,-0.560259608934862
"4928","IRF7","IRF7",-0.168994954192225,4.85846763925777,1.20511626531864,0.275367063682472,0.84625460704002,-0.560088006404324
"11333","TNFRSF1B","TNFRSF1B",-0.0727070049531421,7.72278318392298,1.20423625919252,0.275541204039763,0.84625460704002,-0.559813448176764
"12118","WDR13","WDR13",-0.0981704261482359,5.34687351842503,1.20405932803399,0.275576233045193,0.84625460704002,-0.559758240691892
"6982","NANP","NANP",-0.197995429366601,2.51656399533064,1.38908203850608,0.275587491907282,0.84625460704002,-0.559740497645835
"5070","KCNIP2","KCNIP2",-0.434222448552983,1.37511176931826,2.26159858533745,0.275830724688338,0.84625460704002,-0.559357359554628
"8300","PPM1B","PPM1B",-0.131776852532516,6.82319506074367,1.20189592377692,0.276005004527554,0.84625460704002,-0.559083043228273
"12477","ZNF124","ZNF124",-0.129293690111525,4.20943413304441,1.20124130892984,0.276134911874004,0.84625460704002,-0.55887868182245
"5194","KIT","KIT",-0.410978749764669,1.40849106346197,1.2552696491422,0.276314168285174,0.84625460704002,-0.558596845628872
"6759","MRTFB","MKL2",-0.0909597511672202,4.69388849974382,1.2001939174647,0.276342927097518,0.84625460704002,-0.558551646558336
"12370","ZDHHC14","ZDHHC14",-0.353389891186294,1.59159536330172,1.97609361221245,0.276369131165019,0.84625460704002,-0.558510466773103
"6447","MFAP3","MFAP3",-0.122819888431244,4.22771406622903,1.19947254627371,0.276486309703027,0.84625460704002,-0.558326368039674
"5764","LOC148413","LOC148413",-0.130117379537764,4.11838798538334,1.19856437989684,0.276666955194616,0.84625460704002,-0.558042709430223
"10884","TCEAL1","TCEAL1",-0.154094659334231,3.26577653972866,1.1973919052624,0.276900397225327,0.84625460704002,-0.557676421240182
"1756","CDIPT","CDIPT",-0.149395103536804,6.23808839424351,1.1973131890933,0.276916078757061,0.84625460704002,-0.557651826801422
"7258","NME6","NME6",-0.112487290368008,4.82144828405617,1.19624546194691,0.277128899039166,0.84625460704002,-0.557318183568814
"4587","HOXB3","HOXB3",-0.300056554583301,1.82815125347069,1.92245829789112,0.277375750571699,0.84625460704002,-0.556931509568566
"5031","KANSL1L","KANSL1L",-0.179209381712022,3.29636858664458,1.19438440254757,0.277500345440648,0.84625460704002,-0.556736471918336
"8663","PYCR1","PYCR1",-0.430980262257286,1.38474767232735,1.74026037071366,0.277547969386005,0.84625460704002,-0.556661945733233
"68","ABHD6","ABHD6",-0.210121160781222,2.47058281601124,1.39408814047468,0.277567374954703,0.84625460704002,-0.556631581840421
"2876","DROSHA","DROSHA",-0.0906195246435192,5.08524503199921,1.1933859755373,0.27769988171103,0.84625460704002,-0.556424305241669
"11459","TRAF7","TRAF7",-0.0924860930215067,4.60173446093542,1.19312784213691,0.277751499588333,0.84625460704002,-0.556343587612369
"9487","SBNO2","SBNO2",-0.147580176185541,3.13055060118036,1.19312270739318,0.277752526486048,0.84625460704002,-0.5563419819498
"12668","ZNF480","ZNF480",-0.11697953713289,5.56295866254199,1.19281803184694,0.277813467232734,0.84625460704002,-0.556246705311509
"1652","CD14","CD14",-0.229300906570865,2.70638458064921,1.19279243735745,0.277818587380347,0.84625460704002,-0.556238701266974
"7861","PFN1","PFN1",-0.0859273140587198,10.3526007603734,1.19142472530765,0.278092371672342,0.84625460704002,-0.555810924066606
"3776","FSD1","FSD1",-0.374449724213332,1.56829828838197,1.27445984395028,0.278156309752503,0.84625460704002,-0.555711083989867
"702","ARMH1","C1orf228",-0.118690909328629,5.24499785646439,1.19108333771437,0.278160763218247,0.84625460704002,-0.5557041307048
"1811","CEACAM4","CEACAM4",-0.439633650905828,1.36007239251331,1.85053587638059,0.278306351556798,0.84625460704002,-0.555476882007344
"11613","TSPO","TSPO",-0.0770770405390675,7.44998439141485,1.18999137596437,0.278379664395382,0.84625460704002,-0.555362493068082
"12304","ZBTB24","ZBTB24",-0.0787567220347857,5.92992576817703,1.18956568044709,0.278465061391454,0.84625460704002,-0.555229287372711
"12017","VDAC1","VDAC1",-0.0539686114674467,6.94591773034952,1.18919366266472,0.278539717688635,0.84625460704002,-0.55511286891701
"3162","ENDOV","ENDOV",-0.211917936984096,2.40763352642073,1.83178826064095,0.278975407774034,0.84625460704002,-0.554434078944195
"10637","STS","STS",-0.251438789257655,2.1260266681547,1.18620462107894,0.279140484680316,0.84625460704002,-0.554177171758617
"12418","ZFP69","ZNF642",-0.202502038338283,2.67756787969468,1.1861473358971,0.279152014563491,0.84625460704002,-0.554159233618135
"12707","ZNF544","ZNF544",-0.123817580087074,4.64189512633532,1.18532234284181,0.279318129727085,0.84625460704002,-0.553900874592951
"9126","RNF146","RNF146",-0.0833758298124361,5.30687319645944,1.18525508440967,0.27933167800493,0.84625460704002,-0.553879809724666
"3276","ESYT1","ESYT1",-0.11288625685375,8.10290259130366,1.18495701630084,0.279391729789306,0.84625460704002,-0.553786453483206
"6177","MALT1","MALT1",-0.0755767723219953,6.63634092092658,1.18454093388878,0.279475585486655,0.84625460704002,-0.553656125350168
"55","ABHD14A","ABHD14A",-0.0902755742466644,4.88215516396003,1.18426198266345,0.279531822272937,0.84625460704002,-0.55356874430403
"10117","SMIM7","C19orf42",-0.0741370572155238,5.1728961879569,1.18410225340926,0.279564030322771,0.84625460704002,-0.553518707165437
"2385","CTSC","CTSC",-0.0827883682560722,7.24798922224543,1.18404316588068,0.279575946022802,0.84625460704002,-0.553500196871089
"7100","NDUFB8","NDUFB8",-0.0739640410588726,7.51953636053584,1.18383710714739,0.279617505282603,0.84625460704002,-0.553435643335297
"11813","UBFD1","UBFD1",-0.120228548413793,3.86333340050484,1.18359105167491,0.279667141680399,0.84625460704002,-0.553358556242569
"1278","C20orf204","LINC00176",-0.354558670879865,2.20821087861276,1.18335498627391,0.279714773374517,0.84625460704002,-0.553284595388946
"5962","LOC729852","LOC729852",-0.105942949174077,5.42407129146954,1.18269552124548,0.279847890725485,0.846262630858209,-0.553077962117033
"4401","HCLS1","HCLS1",-0.0716147868709287,8.7311280218281,1.1819144242386,0.280005665004087,0.846353881659721,-0.552833182032328
"2591","DDX46","DDX46",-0.0588145024529243,6.64190115634271,1.18085116616735,0.280220615868887,0.846353881659721,-0.552499916770661
"9324","RPS6KC1","RPS6KC1",-0.110534702964597,4.37921395294076,1.18046620680999,0.280298492188131,0.846353881659721,-0.55237923843713
"9825","SLBP","SLBP",-0.080018061539029,6.4860589656992,1.17937035290127,0.280520332201911,0.846353881659721,-0.552035655466356
"9952","SLC35C1","SLC35C1",-0.120735473065184,4.38187893712498,1.17913990972352,0.280567010695729,0.846353881659721,-0.551963395014959
"6892","MYD88","MYD88",-0.0704730241088294,6.91929440393777,1.17896912997223,0.280601610191622,0.846353881659721,-0.551909841164645
"11394","TOR1B","TOR1B",-0.113712814128851,4.07432850194951,1.17798165303638,0.28080177722787,0.846353881659721,-0.551600147832067
"534","AP5B1","AP5B1",-0.142906587696636,3.75855145496142,1.17770661873178,0.280857560705658,0.846353881659721,-0.551513880391902
"8404","PRG4","PRG4",-0.243761509668224,2.28163448106918,1.17762506755674,0.280874103941126,0.846353881659721,-0.551488300078984
"11174","TMEM156","TMEM156",-0.154828273137454,4.85897192902312,1.17760086412801,0.280879014018444,0.846353881659721,-0.551480708062431
"2946","DYRK4","DYRK4",-0.103402019212172,3.88075468088151,1.24733318971417,0.280955677328326,0.846353881659721,-0.551362187603778
"7217","NIPAL2","NIPAL2",-0.189467645126797,3.45439141831477,1.17518634037213,0.281369393459735,0.846353881659721,-0.550723145616508
"3686","FLJ35390","FLJ35390",-0.11846050142453,4.00023067205322,1.17408081176901,0.281594287108252,0.846353881659721,-0.550376160263339
"4712","IFFO2","IFFO2",-0.184661954990086,2.60614050394801,1.28124739757459,0.281598925302938,0.846353881659721,-0.550369006972733
"4437","HECTD2","HECTD2",-0.201780369064265,2.45876328335917,1.32767959622309,0.281656311031779,0.846353881659721,-0.550280513146651
"6871","MUS81","MUS81",-0.0978664800651039,4.99308646679754,1.17353808527772,0.281704776150981,0.846353881659721,-0.550205789725509
"5628","LOC100289341","LOC100289341",-0.131234562518323,3.40289028676363,1.33265815859631,0.28188089377635,0.846686926362719,-0.549934360129497
"10856","TBCB","TBCB",-0.0834805897682056,6.93875113183397,1.17153611098693,0.282112821104607,0.847022526015384,-0.549577176132992
"1786","CDKN1A","CDKN1A",-0.38685707716681,4.41871124598038,1.1711757530092,0.282186350061779,0.847022526015384,-0.549463997797201
"4326","H2BC20P","HIST2H2BC",-0.21321746821486,2.3524212166319,1.86369231397127,0.282344717704117,0.847099450225605,-0.549220332925908
"1233","C17orf75","C17orf75",-0.0961273732556796,4.09062051055672,1.376038832725,0.282637596541446,0.847586116489176,-0.548770068657084
"2086","CLU","CLU",-0.162980945992495,3.70160739356667,1.16800116824331,0.282835167282974,0.84772574440601,-0.548466592020146
"6441","METTL6","METTL6",-0.154183747195496,3.51267964530971,1.1671025790384,0.283019166620733,0.84772574440601,-0.548184152193883
"10094","SMC6","SMC6",-0.123209806008012,5.64572210068619,1.16704456857902,0.283031050383857,0.84772574440601,-0.548165916876256
"1351","C9orf64","C9orf64",-0.176604370524125,2.90002628054587,1.16697621751795,0.2830450532969,0.84772574440601,-0.548144430762191
"8555","PSME1","PSME1",-0.065900863931847,9.20295612573489,1.16591247527004,0.283263094010756,0.847906386874966,-0.547810005470989
"1801","CDR2","CDR2",-0.0840682247218868,5.8442091981781,1.16525490311691,0.283397987627369,0.847906386874966,-0.547603237946823
"10919","TDRKH","TDRKH",-0.146613665966883,3.68750128783699,1.16462828800804,0.283526607378671,0.848095613909039,-0.547406178762216
"8148","PMS2P1","PMS2P1",-0.0844959883052053,4.35409730996236,1.44764876340311,0.283604965662253,0.848134444337578,-0.547286169325234
"5386","LFNG","LFNG",-0.15487496249721,3.13396600893722,1.16240168944685,0.283984247523532,0.848859208097584,-0.546705749401351
"11652","TTC33","TTC33",-0.0992689765041007,4.92062262078618,1.1614696392357,0.284176096136398,0.848864032967416,-0.546412456150511
"2116","CNN2","CNN2",-0.0860982290343024,9.23800126387943,1.16054415411193,0.284366757960251,0.849238018190224,-0.546121173336854
"333","AKR1B1","AKR1B1",-0.0741680647819997,6.6978001571607,1.1594310017156,0.284596299135049,0.84972791454062,-0.545770751741814
"12058","VPS37C","VPS37C",-0.275931916739002,1.89838398585942,2.01370976300781,0.284758575768743,0.849821256831816,-0.545523187870598
"2238","COX7A2","COX7A2",-0.0466784748388123,8.02773776958858,1.15760923665416,0.284972475357798,0.850059932728736,-0.545197085175691
"4860","INPP5A","INPP5A",-0.318318056053049,1.67526837940515,1.39207635734513,0.285041891592187,0.850059932728736,-0.545091308586725
"1793","CDKN2C","CDKN2C",-0.138335763649381,3.82192386542978,1.15723778373999,0.285049254986025,0.850059932728736,-0.545080089744505
"4025","GMFG","GMFG",-0.0715428915356103,8.68383779950706,1.1564482533148,0.285212539830231,0.850105260474991,-0.544831383941662
"371","ALG6","ALG6",-0.121468118216817,5.23767739102011,1.15413907287871,0.285690797382069,0.850105260474991,-0.54410374880366
"4424","HDLBP","HDLBP",-0.0797260003169522,6.39542225286944,1.15406609432851,0.285705928856466,0.850105260474991,-0.54408074721638
"12521","ZNF213","ZNF213",-0.271975389263024,1.93048861854028,1.72271545218399,0.286219863116993,0.850105260474991,-0.543300230315002
"831","ATP2A3","ATP2A3",-0.110415467258194,7.01692643017633,1.15009154089494,0.286531576047516,0.850105260474991,-0.542827511401446
"1583","CCDC92","CCDC92",-0.129074873064702,4.29510374988635,1.14996033680082,0.28655888376988,0.850105260474991,-0.542786123194952
"5220","KLHDC8B","KLHDC8B",-0.368163432523657,1.53413665258361,1.92549690638479,0.286626001629651,0.850105260474991,-0.542684414594424
"2354","CSTA","CSTA",-0.376390583505623,1.52731277556729,1.19548774794476,0.286628099877387,0.850105260474991,-0.542681235350137
"9538","SCRIB","SCRIB",-0.18642641183877,2.5554355836352,1.63478770428033,0.286757547594569,0.850105260474991,-0.542485142439651
"5097","KCTD21","KCTD21",-0.207250440045362,2.44924561416814,1.20169254361147,0.287212616769844,0.850105260474991,-0.541796486180535
"4370","HARS2","HARS2",-0.105560135900263,5.18980691930055,1.14670066292222,0.287238400858569,0.850105260474991,-0.541757499784419
"1548","CCDC28B","CCDC28B",-0.187867662378601,2.63782872061504,1.21673870783685,0.287352158753322,0.850105260474991,-0.541585535850158
"6032","LRRC3","LRRC3",-0.386131210083059,1.49770317207283,1.85390209723792,0.287478613944062,0.850105260474991,-0.54139445772755
"5154","KIAA1586","KIAA1586",-0.113424967679238,4.15312187676208,1.14412750177996,0.287776271127955,0.85041493515785,-0.540945019096588
"2635","DERA","DERA",-0.0982880812702428,4.78649651895411,1.14302229410023,0.288007691714138,0.850904983968916,-0.540595913544937
"11421","TPI1P2","TPI1P2",-0.349589546712317,1.5691066979244,1.29310332263701,0.288138513909207,0.851097664149394,-0.540398688056508
"4524","HLA-G","HLA-G",-0.312544773368956,3.66716640863171,1.1419778640707,0.288226606270735,0.851164070828648,-0.540265931838381
"1687","CD52","CD52",-0.0811749883281812,10.3710837551576,1.14157737408574,0.288310606584839,0.851218365777222,-0.540139380169771
"3032","EGR2","EGR2",-0.298252820694448,1.87437616781943,1.14011234298531,0.288618156651571,0.851544995733642,-0.539676351393762
"3177","ENTPD1","ENTPD1",-0.15218692799484,4.98127354553062,1.1390942276103,0.288832135857004,0.851572066141055,-0.539354488218279
"127","ACOT8","ACOT8",-0.0969918932895042,4.42385974610231,1.13881955530689,0.288889899258983,0.851572066141055,-0.539267642554467
"7278","NOD2","NOD2",-0.171425481543897,3.99132417706969,1.13850736945939,0.288955569811718,0.851572150651389,-0.539168929800537
"1830","CENPBD1","CENPBD1",-0.156116231638174,3.0702387836852,1.13802848492837,0.289056344037023,0.851675664590574,-0.539017494546824
"11515","TRIM44","TRIM44",-0.123978187716347,5.35111575444207,1.13730262782023,0.289209176404669,0.851677519533469,-0.538787931299063
"8757","RABGGTA","RABGGTA",-0.0824487383734855,5.21213714656654,1.13587570306788,0.289509925430803,0.851748778785308,-0.538336542520529
"12096","WASH3P","WASH3P",-0.194864655855214,2.49228437601371,2.38894831056639,0.289772213428117,0.851748778785308,-0.537943261837263
"12884","ZNF813","ZNF813",-0.145984010485619,3.33497077036534,1.13422707597147,0.289857904405472,0.851748778785308,-0.537814851950542
"2729","DLGAP1-AS1","FLJ35776",-0.119491831544383,3.868724364365,1.13386367713596,0.289934680267935,0.851748778785308,-0.537699833806167
"7353","NRDC","NRD1",-0.0787129204046231,6.90103605906974,1.13058834799187,0.290627849832439,0.852659757308598,-0.536662771149423
"7418","NUDT12","NUDT12",-0.362642588068879,1.76184768642819,1.13039857746127,0.290668077166086,0.852659757308598,-0.536602662319337
"4839","IMPG2","IMPG2",-0.305679727094513,1.77960461592861,1.37950244381555,0.290764684783176,0.852659757308598,-0.536458342431833
"5343","LAT","LAT",-0.0903726740745755,8.34356471262298,1.12988226129473,0.290777561650141,0.852659757308598,-0.536439109599472
"6802","MTCH2","MTCH2",-0.0669052151605079,5.72321012150698,1.12971829133035,0.290812342506093,0.852659757308598,-0.536387165321466
"1134","BRWD1-AS2","BRWD1-IT2",-0.379965808161858,1.48335900893746,1.73869203679043,0.290853294431883,0.852659757308598,-0.5363260126788
"495","ANP32E","ANP32E",-0.0822999778776067,8.30664963578222,1.12849846824677,0.291071256717019,0.852770418561401,-0.536000679018492
"137","ACSF3","ACSF3",-0.125424014619852,4.98331964816843,1.12769721765198,0.291241488609739,0.853076502988067,-0.535746757824591
"9944","SLC35A2","SLC35A2",-0.126282952243037,3.47785113763429,1.39905663172067,0.291733803242962,0.854132843482496,-0.535013246190793
"2291","CREG2","CREG2",-0.379912693826162,1.47235848114729,2.07445255994327,0.291992727688681,0.854424629254234,-0.534627964866673
"4747","IFT46 /// VPS51","C11orf2",-0.0635482763087641,6.85314899681926,1.12381363848094,0.292068410198656,0.854424629254234,-0.534515413304822
"2349","CSRNP2","CSRNP2",-0.130341963555092,4.08339942490179,1.12368003830369,0.292096911334505,0.854424629254234,-0.534473035280723
"8774","RAD50","RAD50",-0.0983156852643952,6.29285813807312,1.11948630823983,0.292993397702364,0.855722719925184,-0.53314216590438
"3775","FSCN1","FSCN1",-0.35853435876403,1.52443359347373,1.89189412642251,0.29301078306965,0.855722719925184,-0.533116396910478
"1461","CASS4","CASS4",-0.135368492808776,4.85173336664096,1.11825691666733,0.293256877111969,0.855722719925184,-0.532751794534652
"11803","UBE2V1","UBE2V1",-0.398954147763506,1.43775650082722,3.74042040207265,0.293319194671955,0.855722719925184,-0.532659516060192
"2070","CLN6","CLN6",-0.11188839067125,4.01448623387229,1.11795290359931,0.293322079541699,0.855722719925184,-0.532655244683234
"10275","SNORD80","SNORD80",-0.180683670427631,2.57961787599885,2.09064516714992,0.293634323378359,0.855722719925184,-0.53219318042297
"2294","CREM","CREM",-0.242662159824182,7.1507463488217,1.11564379702515,0.293817932441683,0.855722719925184,-0.531921701660787
"12954","ZSCAN9","ZNF193",-0.319763382053043,1.64810786650622,1.34377544480561,0.293904470358897,0.855722719925184,-0.53179380815183
"3432","FAM207A","FAM207A",-0.144911984258284,3.05114334516915,1.35159434772411,0.293935006908681,0.855722719925184,-0.531748687483375
"11006","THEM5","THEM5",-0.348076485368488,1.57540862729274,2.75405562933925,0.293992338847244,0.855722719925184,-0.531663986729742
"7697","PC","PC",-0.224025749445926,2.28565712205714,1.11387884139892,0.294197667594668,0.855722719925184,-0.531360774690679
"573","APOOL","APOOL",-0.109200574589727,4.68689251550791,1.11355936281437,0.294266472249553,0.855722719925184,-0.531259217161312
"4554","HMOX2","HMOX2",-0.0946447417511757,6.91651397303666,1.11347825813193,0.294283942715439,0.855722719925184,-0.531233434061887
"12775","ZNF626","ZNF626",-0.151358372273645,3.85068347150277,1.11298428204331,0.294390377339057,0.855722719925184,-0.531076389772202
"1889","CERS5","CERS5",-0.0641791041045771,5.73415975636503,1.11199199089727,0.294604332270057,0.855722719925184,-0.530760870978975
"2448","CYBRD1","CYBRD1",-0.364122979965012,1.58928029535174,1.11122688295391,0.294769440236528,0.855722719925184,-0.530517543284472
"11348","TNK1","TNK1",-0.146497067356114,3.24824217620951,1.11028128792673,0.294973662533962,0.855722719925184,-0.530216759366913
"2252","CPM","CPM",-0.154154911095386,3.44595160995062,1.10867634559938,0.295320705680279,0.855722719925184,-0.529706102484826
"6356","MDFIC","MDFIC",-0.102373286596332,7.23601039641135,1.10842702424272,0.295374664950693,0.855722719925184,-0.52962675798809
"149","ACTL10","ACTL10",-0.243631378031295,2.1139900141388,1.46342732189775,0.295472318193257,0.855722719925184,-0.5294832004648
"8661","PXYLP1","ACPL2",-0.127174308817209,3.77263625858843,1.10780408572071,0.295509540062455,0.855722719925184,-0.529428494039571
"7454","NUP37","NUP37",-0.0786091773204438,4.6413825439809,1.21119710373782,0.29556798950342,0.855722719925184,-0.529342602532977
"1788","CDKN2A","CDKN2A",-0.203038826215619,2.39298629793089,1.65021557479196,0.295587681007637,0.855722719925184,-0.529313669674674
"3416","FAM172BP","FAM172BP",-0.192206048674143,2.58767875999558,1.1074374501577,0.295588959261155,0.855722719925184,-0.529311791594887
"905","AURKAIP1","AURKAIP1",-0.0757712375927759,6.06981560973881,1.10739039928439,0.295599153246693,0.855722719925184,-0.529296814325979
"10618","STMP1","C7orf73",-0.0678180126937841,6.79890514419018,1.1060865886409,0.295881816827711,0.855722719925184,-0.52888172322744
"1450","CASK","CASK",-0.112333536297094,4.85028214765763,1.10581447040537,0.295940855760002,0.855722719925184,-0.528795074696439
"4880","INTS4","INTS4",-0.0819291553544577,4.81939570856787,1.1051259678006,0.296090301983159,0.855722719925184,-0.528575817075998
"776","ATE1","ATE1",-0.0793913156647674,5.00576132493489,1.10451822641081,0.29622229959814,0.855722719925184,-0.528382250919861
"9408","RUVBL2","RUVBL2",-0.110481495134835,5.12592294234169,1.10451422429118,0.296223169086541,0.855722719925184,-0.528380976156074
"1412","CAP1","CAP1",-0.064970643718553,9.28210615454417,1.10363099052099,0.296415138862467,0.855722719925184,-0.528099619327889
"4015","GLUD1","GLUD1",-0.0539997662626371,6.8387512975766,1.10323264321269,0.296501772013422,0.855722719925184,-0.527972706774082
"670","ARL16","ARL16",-0.103452831406889,5.05872440400891,1.10311967011508,0.296526347550902,0.855722719925184,-0.527936711785071
"304","AIMP2","AIMP2",-0.145101201157933,3.08408205278721,1.69155339859439,0.296638468609772,0.855722719925184,-0.527772529566484
"549","APEX2","APEX2",-0.116188439537801,3.86356783365718,1.10253300803044,0.29665400929033,0.855722719925184,-0.52774977778026
"940","BABAM1","BABAM1",-0.0698461164287801,6.334106055013,1.10192751446233,0.296785843753538,0.855722719925184,-0.527556818104416
"2847","DPH5","DPH5",-0.103639014704242,5.01711928849265,1.10143028874442,0.296894161904205,0.855722719925184,-0.527398342241331
"4415","HDAC9","HDAC9",-0.285885207275242,2.00361793475686,1.09911038268984,0.297400221309115,0.856760714607824,-0.526658712635545
"11235","TMEM244","TMEM244",-0.295675915132573,1.76227257552018,1.77661334056836,0.297640727875218,0.856760714607824,-0.526307642073591
"2691","DHX58","DHX58",-0.136733511697463,3.97541608442156,1.09794766603089,0.297654275593656,0.856760714607824,-0.526287874733611
"8458","PRPF18","PRPF18",-0.0595088420352949,5.99092945828822,1.09766267929275,0.297716588410705,0.856760714607824,-0.526196966312218
"2511","DBT","DBT",-0.0820365021900793,4.84225672892569,1.0967690735362,0.297912086773818,0.856905319461237,-0.525911876399971
"9617","SEMA4C","SEMA4C",-0.137996960838745,3.93673453490976,1.09613018535016,0.298051961715362,0.856905319461237,-0.525708015390105
"3462","FAM41C","FAM41C",-0.199053838544892,2.43543400574122,1.93449057478082,0.298098742924941,0.856905319461237,-0.525639855372644
"2952","E2F4","E2F4",-0.0962083655149189,5.38568093827466,1.09571852585795,0.298142133606433,0.856905319461237,-0.525576644900793
"7610","PACSIN1","PACSIN1",-0.330615508285942,1.60643559411871,1.41170161089598,0.298216916673603,0.856905319461237,-0.525467724365197
"9154","RNF31","RNF31",-0.140563539524046,4.95998211232382,1.09416394755873,0.298482976175364,0.856905319461237,-0.525080433593019
"7380","NSRP1","NSRP1",-0.0613025345546184,6.00554294733986,1.09412463278037,0.298491602543258,0.856905319461237,-0.52506788235848
"3689","FLJ41484","FLJ41484",-0.331250794866608,1.82589555747711,1.09368756024037,0.298587525954699,0.856905319461237,-0.524928339686013
"8974","REV3L","REV3L",-0.0977608781895794,6.63348890923731,1.09321365169697,0.298691579018247,0.856905319461237,-0.524777021244082
"1030","BET1","BET1",-0.104063001476285,4.19633273897132,1.09139125818043,0.299092150246281,0.857383870185602,-0.524194984994294
"9787","SIMC1","C5orf25",-0.144668367593226,3.09689018433064,1.67636556989149,0.299098589228351,0.857383870185602,-0.524185635419993
"12218","XPNPEP2","XPNPEP2",-0.363165370037461,1.55056857564592,1.3103933002974,0.2991627358088,0.857383870185602,-0.524092503857371
"11265","TMEM50B","TMEM50B",-0.0816694943526229,6.70375395872006,1.0904119994296,0.299307685105064,0.857383870185602,-0.523882131954085
"3936","GET3","ASNA1",-0.0868670313517167,5.50056960798566,1.09000518469802,0.299397284492265,0.857383870185602,-0.523752142988868
"4849","ING5","ING5",-0.087495252919772,4.51736157934617,1.08991651901502,0.299416817405413,0.857383870185602,-0.523723810201208
"1390","CALML4","CALML4",-0.116805722136261,3.56888480658719,1.17001049038334,0.29946137167603,0.857383870185602,-0.523659190469641
"2662","DHDH","DHDH",-0.404401108439798,1.37660991547605,1.86673260614623,0.299617129635593,0.857383870185602,-0.523433360887284
"11446","TRABD","TRABD",-0.0639904293939188,6.82877304562532,1.08896748866724,0.299625991317837,0.857383870185602,-0.523420516085017
"4972","ITM2A","ITM2A",-0.0859367488985507,9.01166448154706,1.08825277480708,0.299783645661134,0.857383870185602,-0.523192063258447
"4088","GON7","C14orf142",-0.121233188678854,3.88181422677381,1.08535876435519,0.300423123735864,0.858834108467468,-0.522266642492143
"11809","UBE3C","UBE3C",-0.0686522396178568,5.61178975720617,1.08403522078773,0.300716174499311,0.858877083814987,-0.521843212049522
"4595","HPGDS","HPGDS",-0.363327309280045,1.80017197766244,1.08366955901044,0.300797202759774,0.858877083814987,-0.521726206749423
"7231","NKD1","NKD1",-0.255943296164118,1.99526752227841,2.04592119459468,0.301080441544888,0.858877083814987,-0.521317455729409
"360","ALG1","ALG1",-0.0926975563974037,4.4414968266348,1.08200503108276,0.30116641133696,0.858877083814987,-0.521193466018605
"10314","SNX13","SNX13",-0.0965159309428777,5.48840503666562,1.08152916525413,0.301272071686207,0.858989579337399,-0.521041126125328
"5013","JMJD8","JMJD8",-0.128369825212812,3.31606791879603,1.3321093237428,0.301595959591199,0.859535233694337,-0.520574480902399
"1187","C11orf68","C11orf68",-0.143690432842513,3.18195642107097,1.07774085165405,0.302114949740069,0.859556249507718,-0.519827783733748
"4751","IFT80","IFT80",-0.131879566401279,5.69712827897409,1.0774771980053,0.302173725691228,0.859556249507718,-0.519743300696499
"9432","S1PR1","S1PR1",-0.0651144744571066,9.44725665998722,1.07624336268871,0.302448981496496,0.859556249507718,-0.519347873650254
"9518","SCCPDH","SCCPDH",-0.151967368852553,3.70793470491304,1.07617836023274,0.302463491947389,0.859556249507718,-0.519327038210317
"3935","GET1","WRB",-0.102239487149443,4.03777285565654,1.09820643599156,0.302769683962397,0.859556249507718,-0.518887612484303
"8012","PISD","PISD",-0.100824216186304,4.86248751288767,1.07345731687217,0.30307172535294,0.859556249507718,-0.518454578630657
"5130","KHK","KHK",-0.17669884315603,2.69142451004914,1.23236245072921,0.303104118205706,0.859556249507718,-0.518408162933389
"9676","SETD4","SETD4",-0.116270243200334,3.57292347484886,1.26448945957689,0.303149045477256,0.859556249507718,-0.518343794886092
"6903","MYL6","MYL6",-0.0646825769856639,9.6673092071405,1.07285370298523,0.303206867439798,0.859556249507718,-0.518260966438951
"4571","HNRNPLL","HNRPLL",-0.068487761466879,7.6409947924893,1.07250427267939,0.30328513680156,0.859556249507718,-0.518148872786055
"7409","NUCB2","NUCB2",-0.112212711412374,6.5169796319401,1.07165736136244,0.303474947235664,0.859556249507718,-0.517877155417043
"4539","HMGB1","HMGB1",-0.0504065546847233,10.0090181191778,1.07160548590126,0.30348657865319,0.859556249507718,-0.517860510340762
"12959","ZSWIM6","ZSWIM6",-0.133735141133675,3.48102129543008,1.07134828182172,0.303544257076039,0.859556249507718,-0.517777979374066
"9780","SIK1","SIK1",-0.265302968888687,4.83333544764656,1.07090506712746,0.303643682316017,0.859556249507718,-0.517635750483572
"8211","POLR1E","POLR1E",-0.0893030286717617,4.5449990812819,1.07086162250366,0.303653430431468,0.859556249507718,-0.517621808205038
"2853","DPP3","DPP3",-0.0889737947530374,5.13202764782412,1.07014512633317,0.303814257080708,0.859681287757371,-0.517391849873507
"8473","PRPSAP1","PRPSAP1",-0.0939718312491729,5.55848759860183,1.06904418707767,0.304061594081161,0.859783919210067,-0.517038431983357
"6273","MARK3","MARK3",-0.103295309371389,5.63255396660412,1.06804458117264,0.304286393793959,0.859939229465856,-0.516717466742439
"8465","PRPF4","PRPF4",-0.0832391362688782,5.10052929087282,1.06781143785432,0.304338856286741,0.859939229465856,-0.516642595806094
"3083","EIF4E3","EIF4E3",-0.0944575368657172,6.47996143561001,1.06758781117587,0.304389188445788,0.859939229465856,-0.516570777268487
"199","ADCK2","ADCK2",-0.116309182981277,3.64741606717545,1.06462849742916,0.305056275337425,0.861125939320765,-0.51562003667263
"8269","PPA2","PPA2",-0.102029503181805,6.83607468254499,1.06437164227192,0.30511426574781,0.861125939320765,-0.51553748625889
"4003","GLMN","GLMN",-0.105463358598904,4.49616390416661,1.0641947663884,0.305154207564415,0.861125939320765,-0.515480637474028
"11854","UEVLD","UEVLD",-0.159611276667142,3.48754577796672,1.06415687928816,0.305162764056793,0.861125939320765,-0.515468460072457
"2442","CYB5R3","CYB5R3",-0.0689968609602761,6.25033771041055,1.06383974393795,0.305234398815113,0.861125939320765,-0.515366524538396
"11203","TMEM187","TMEM187",-0.156304667826009,3.45510925185537,1.06364439643524,0.305278535012237,0.861125939320765,-0.515303731087726
"6919","MYO1G","MYO1G",-0.0755129294632459,7.94483214592266,1.06329148944798,0.305358290900264,0.861125939320765,-0.515190283811714
"764","ASTN2","ASTN2",-0.114365823614001,3.5174291021792,1.29250523407773,0.305406648178127,0.861125939320765,-0.515121513331826
"4800","IL1R1","IL1R1",-0.288594533295551,2.36310553405854,1.06236311391809,0.305568231321533,0.861252402025905,-0.514891799569311
"12374","ZDHHC18","ZDHHC18",-0.144112718456365,4.30017193707726,1.06223286904637,0.305597699684944,0.861252402025905,-0.514849919133963
"2002","CIDEB","CIDEB",-0.127666176300509,4.30472266806781,1.06149402261101,0.305764936819712,0.861252402025905,-0.514612318200331
"9564","SDHD","SDHD",-0.0646207296453022,7.24990957447751,1.06128199447697,0.305812951321673,0.861252402025905,-0.514544125959572
"848","ATP5MF","ATP5J2",-0.0814125962928098,5.22421094521631,1.06111918054584,0.305849827806471,0.861252402025905,-0.514491759674012
"10525","SSH2","SSH2",-0.0745526980886702,6.50497224410422,1.05996785378223,0.306110763602885,0.861271798053088,-0.514121399278351
"3328","EXOSC7","EXOSC7",-0.0727763172548839,5.55340290985249,1.05947600506399,0.306222324794983,0.861271798053088,-0.51396315073168
"7082","NDUFAB1","NDUFAB1",-0.0523501557783946,6.52194009201092,1.05813716652579,0.306526270575867,0.861271798053088,-0.51353229870767
"12747","ZNF587B","ZNF587B",-0.121684326611324,4.35581930060361,1.05760586883174,0.306646996509672,0.861271798053088,-0.513361284704399
"11124","TMED1","TMED1",-0.101242909811684,3.96491835733272,1.05721731059148,0.306735327479258,0.861271798053088,-0.513236202348951
"1127","BRK1","BRK1",-0.0635906271464935,7.09118245093956,1.05690064595191,0.306807339564165,0.861271798053088,-0.513134255237759
"5544","LOC100130744","LOC100130744",-0.172965886562593,2.68093001193543,1.54962493902433,0.306850664479001,0.861271798053088,-0.513072931922982
"7050","NCOA5","NCOA5",-0.0885264392125439,4.59709104200056,1.05536258545025,0.307157422645022,0.861761419276434,-0.512638985228599
"1748","CDCA8","CDCA8",-0.314173682291046,1.69621144095037,1.82187329163118,0.307676940202074,0.86204036258303,-0.511905052073232
"7531","ORAI3","ORAI3",-0.160178907492726,3.59670446152041,1.05285602612126,0.30772907349055,0.86204036258303,-0.511831470733242
"6405","MEFV","MEFV",-0.180366569350862,2.60445039246552,2.02043691880902,0.307746445131121,0.86204036258303,-0.511806955029806
"3639","FGL2","FGL2",-0.272498148986009,4.83680075270623,1.05250086411418,0.30781018541061,0.86204036258303,-0.511717013502471
"9784","SIL1","SIL1",-0.0850138854216396,4.34453800874587,1.11001997382911,0.30787240754151,0.86204036258303,-0.511629232140764
"1274","C1RL","C1RL",-0.120502720866508,3.59810865079948,1.05200373113857,0.307923767841653,0.86204036258303,-0.511556787731772
"6527","MIOS","MIOS",-0.0908067849855531,4.92680108293007,1.05040887207204,0.308288525082698,0.862411192116807,-0.511042640002683
"12512","ZNF2","ZNF2",-0.206326947197411,2.40496159727593,1.12221462243848,0.308377950064632,0.862411192116807,-0.510916682850686
"4403","HCP5","HCP5",-0.111013370639492,5.78211588557972,1.04977788477118,0.308432993767775,0.862411192116807,-0.51083917068317
"12151","WDR62","WDR62",-0.289471995586508,1.74766041965276,1.63164611113113,0.308586149928437,0.862411192116807,-0.510623569992363
"1387","CALM1","CALM1",-0.0410477465010587,10.744934766862,1.04861187605965,0.308700193362165,0.862411192116807,-0.510463098486499
"2540","DCTD","DCTD",-0.0606213331822503,6.25945185476702,1.04788003859941,0.308868054838361,0.862411192116807,-0.510227006961898
"515","AP1M1","AP1M1",-0.0871281909749953,6.57913738084366,1.0477913124772,0.308888414096077,0.862411192116807,-0.510198381075389
"4946","ISYNA1","ISYNA1",-0.104476223740037,4.81475118252184,1.04705561749773,0.309057296011935,0.862411192116807,-0.509960999425912
"5561","LOC100131289","LOC100131289",-0.279499981654177,1.83026828012361,1.40163051954741,0.309100245055504,0.862411192116807,-0.509900650626728
"11328","TNFRSF13C","TNFRSF13C",-0.397165406171567,1.37405647419389,1.96537678991323,0.309142587233263,0.862411192116807,-0.50984116275814
"1730","CDC42BPA","CDC42BPA",-0.46397315109453,1.55570346380789,1.04648120425378,0.309189239452826,0.862411192116807,-0.509775629008496
"7986","PIK3IP1","PIK3IP1",-0.0821110427389655,9.93897629847053,1.04606670425295,0.30928449665074,0.862411192116807,-0.509641849113482
"9272","RPP21","RPP21",-0.346460960913615,1.51968477457521,3.31948289206972,0.30941138609155,0.862411192116807,-0.509463708652989
"1747","CDCA7L","CDCA7L",-0.198389760705824,3.47681330541726,1.04388802704681,0.309785818856666,0.862742916129941,-0.508938466929495
"6236","MAP6D1","MAP6D1",-0.202629233847957,2.32709136259161,1.0490631366806,0.31119762889737,0.865086834606776,-0.506963720682063
"4922","IRF2BP2","IRF2BP2",-0.0918817553968169,6.9402278922763,1.03748928913341,0.311264393194448,0.865086834606776,-0.506870557196128
"4813","IL2RG","IL2RG",-0.078177155496385,9.51815787536405,1.0367368938813,0.311438861793857,0.865159818854754,-0.506627196489839
"12580","ZNF302","ZNF302",-0.124303543573153,4.96126713043284,1.0361697244704,0.311570464681383,0.865340106681993,-0.50644371798871
"1325","C5orf30","C5orf30",-0.16732651620568,3.1404760641567,1.03397430796106,0.312080569081067,0.866528744941038,-0.505733270756565
"5185","KIF5C","KIF5C",-0.14674229114219,4.0848558152336,1.03281384398915,0.312350647717102,0.866528744941038,-0.505357589126726
"11743","TYW1B","TYW1B",-0.164086102036086,2.83678358292154,1.2164603075249,0.312519106428728,0.866528744941038,-0.505123426118597
"5604","LOC100286844","LOC100286844",-0.270071231543414,1.82716343013981,1.87406541235846,0.312629714536489,0.866528744941038,-0.504969745939591
"835","ATP2C2","ATP2C2",-0.37630690897625,1.4429097156112,2.1992302370924,0.31263540193329,0.866528744941038,-0.504961845274794
"2190","COPB2","COPB2",-0.11656073484342,5.72752252743847,1.03144510503425,0.312669595513708,0.866528744941038,-0.504914348186597
"12610","ZNF362","ZNF362",-0.0988173862780278,5.36705035087069,1.03054829544345,0.31287880604237,0.866528744941038,-0.504623854337311
"12664","ZNF470","ZNF470",-0.246468649437193,2.23830255313477,1.02986049050604,0.313039384580163,0.866528744941038,-0.504401018907856
"2303","CRLF3","CRLF3",-0.058547133734648,7.74813851250536,1.02886922983166,0.313271001013486,0.866668052413729,-0.504079805190793
"752","ASL","ASL",-0.0956213109113085,4.15038918084553,1.02791453036779,0.313494288676851,0.866668052413729,-0.503770366854707
"2800","DNAL4","DNAL4",-0.144297646485224,3.0413785195127,1.23379570080113,0.313735997313,0.866668052413729,-0.503435648540083
"2990","EDF1","EDF1",-0.0705813058792029,7.35375521818034,1.02686137336409,0.31374084786499,0.866668052413729,-0.50342893413148
"6692","MRPL24","MRPL24",-0.118230430142162,4.96377863379634,1.02641018197686,0.313846556670803,0.866668052413729,-0.503282631796043
"10131","SMYD2","SMYD2",-0.0707506551908063,6.16686134075154,1.02551450457234,0.314056542833476,0.866668052413729,-0.502992154379394
"10299","SNRPD2","SNRPD2",-0.0589262981811934,7.86665549439903,1.02314720852429,0.314612436225962,0.866668052413729,-0.502224114269748
"5506","LOC100128071","LOC100128071",-0.281836368153936,1.76250037469442,1.93350349654472,0.314838177761106,0.866668052413729,-0.501912609903643
"6580","MLLT6","MLLT6",-0.0713593681287338,6.91245836499436,1.02169688491538,0.314953647340602,0.866668052413729,-0.501753357910313
"12916","ZNF90","ZNF90",-0.230296671761021,2.17286002829017,1.02740743617696,0.315011456895304,0.866668052413729,-0.501673650731265
"6821","MTHFD2L","MTHFD2L",-0.1860892365111,2.48409618874271,1.44429226439606,0.315086900675299,0.866668052413729,-0.501569651674266
"7571","OTUD6B","OTUD6B",-0.0782554351294286,4.80720045464291,1.02093530006733,0.315133018087895,0.866668052413729,-0.501506091201962
"7485","OAZ1","OAZ1",-0.0849511107354561,9.10907327366601,1.02043090584141,0.315251888964054,0.866668052413729,-0.501342302489354
"6918","MYO1F","MYO1F",-0.0828297464224638,7.21717959517315,1.02035214063755,0.315270456962649,0.866668052413729,-0.501316723762814
"110","ACCS","ACCS",-0.198238166748618,3.6968607879687,1.01992483002469,0.315371215804263,0.866668052413729,-0.501177947620424
"10979","TGFBI","TGFBI",-0.17345606056993,3.71460254062047,1.0192670932013,0.315526391943714,0.8668354942282,-0.500964308698298
"1303","C2orf81","C2orf81",-0.284911940455313,1.74782993327024,1.21113347332087,0.31577873875535,0.8668354942282,-0.500617114201288
"12110","WDCP","C2orf44",-0.140389588461953,3.53104719511423,1.01817654862382,0.315783900849647,0.8668354942282,-0.500610014765926
"7991","PIK3R5","PIK3R5",-0.0767958615556801,7.33509414616318,1.01697219763999,0.316068606277386,0.866985651583195,-0.500218638603901
"11353","TNNC1","TNNC1",-0.375542179076645,1.41502934999654,2.60344212601927,0.316086902739511,0.866985651583195,-0.500193499053812
"3214","EPRS1 /// QARS1","QARS",-0.0592366542058641,7.1551662649057,1.01610313955948,0.31627426061514,0.866985651583195,-0.49993615088437
"2304","CRLS1","CRLS1",-0.121369727275866,5.01232521567207,1.01524357936464,0.316477841839836,0.866985651583195,-0.499656691661042
"12154","WDR7","WDR7",-0.082635747917813,5.73800125749833,1.01468404327273,0.316610457655843,0.866985651583195,-0.499474744472971
"5985","LPAR2","LPAR2",-0.113509621956303,5.50005861649638,1.01457785589418,0.316635633474517,0.866985651583195,-0.499440212182014
"6010","LRMP","LRMP",-0.0714682397182506,5.67834854526022,1.01443090881346,0.316670477332393,0.866985651583195,-0.499392423300899
"11152","TMEM126B","TMEM126B",-0.0871386465966924,5.79388924302879,1.01377852721,0.316825230419521,0.866985651583195,-0.499180240606332
"4866","INPPL1","INPPL1",-0.104588465540392,3.69939900522818,1.0731778206668,0.316866136272646,0.866985651583195,-0.499124171714602
"4590","HPCAL1","HPCAL1",-0.0852446466016144,6.55980419852911,1.01343026973003,0.316907882510407,0.866985651583195,-0.499066958385596
"7378","NSMCE4A","NSMCE4A",-0.0701250949031138,6.10081596618025,1.01262947310556,0.317098044404506,0.867322987573194,-0.498806436329741
"7079","NDUFA7","NDUFA7",-0.0710401244654331,5.51455326414307,1.01175477325935,0.317305928781217,0.867342986531548,-0.498521813140963
"4488","HINT2","HINT2",-0.0913372032901841,4.80484823223197,1.0107452119588,0.317546089661767,0.867633829229592,-0.49819323089774
"4905","IQCG","IQCG",-0.119232983811751,3.47010659722435,1.00918502758901,0.31791771094986,0.868466301148143,-0.497685277201496
"12198","WSB2","WSB2",-0.0884853581898276,5.13036472093994,1.00837236077082,0.318111509257289,0.868669628862615,-0.497420617857399
"8280","PPFIA1","PPFIA1",-0.0979012275813576,4.47551145769287,1.00824287793496,0.318142401777966,0.868669628862615,-0.497378444595937
"3406","FAM160B1","FAM160B1",-0.113211346087531,6.88235929822038,1.00755419471657,0.318306777470827,0.868669628862615,-0.497154114169304
"7887","PGRMC1","PGRMC1",-0.0708644715524505,5.38698148245142,1.00600392311652,0.318677211035343,0.868669628862615,-0.496648992301189
"12239","XYLT2","XYLT2",-0.0931693443769513,4.41268659349732,1.005754993873,0.318736745416595,0.868669628862615,-0.496567866203856
"5783","LOC254100","LOC254100",-0.242796524728694,1.97326022903257,2.26006180417838,0.31882412182729,0.868669628862615,-0.496448827865084
"6451","MFN1","MFN1",-0.0900372581627311,4.35982990240129,1.00488061366201,0.318945980979051,0.868669628862615,-0.496282866000174
"12405","ZFP2","ZFP2",-0.329360950161544,1.56179860587447,1.00376538744641,0.319213114970195,0.868811481969534,-0.495919273830774
"2670","DHRS13","DHRS13",-0.119244898591624,4.05435416200836,1.00297725486062,0.319402078484895,0.868811481969534,-0.49566226204981
"297","AIDA","AIDA",-0.0855956881565165,5.77045597043632,1.00254502142572,0.319505774390785,0.868811481969534,-0.495521288480878
"432","ANKDD1A","ANKDD1A",-0.223442045498766,2.79850790878983,1.00165957478324,0.319718339237074,0.868811481969534,-0.495232451619989
"2835","DONSON","DONSON",-0.156024966752686,2.81891563135328,1.21514170088846,0.319790966351706,0.868826849524751,-0.495133808629241
"10110","SMIM15","C5orf43",-0.0753997280585863,5.73898035089139,1.0008056915665,0.319923505003196,0.869004947740046,-0.494953850824995
"10778","TAF4B","TAF4B",-0.0979832019900755,4.02378907713917,1.00040802547069,0.320019113527051,0.869055043013868,-0.494824082144368
"7655","PARG","PARG",-0.112161510649292,4.07106838047683,0.999682238402355,0.320193708284074,0.869055043013868,-0.494587206096776
"6047","LRRC47","LRRC47",-0.0691385828032637,5.63806571711952,0.999561359108539,0.32022279922303,0.869055043013868,-0.49454775041716
"6120","LYPLA1","LYPLA1",-0.0711537427253243,6.91678329631731,0.998082656989214,0.320578950135149,0.869055043013868,-0.494064997703268
"7921","PHKB","PHKB",-0.0855956359109264,5.65448011108401,0.997654667649968,0.320682131351237,0.869055043013868,-0.493925238611493
"8342","PPP2R1A","PPP2R1A",-0.0528040246455997,7.39556555187246,0.995457977464489,0.321212413949084,0.869774294752968,-0.493207678818621
"4419","HDGFL2","HDGFRP2",-0.166063230900556,2.71406685011492,1.228316453023,0.321417924604441,0.869857773735165,-0.49292990747394
"2425","CXorf21","CXorf21",-0.198368347539404,2.34561980581448,0.993874356522376,0.321595426012538,0.869857773735165,-0.492690136763267
"6655","MPV17L2","MPV17L2",-0.137472644577488,3.16006318026495,0.993503338566089,0.32168524781832,0.869857773735165,-0.492568854976185
"4236","GSTP1","GSTP1",-0.0860177856469453,6.50775626514223,0.993251295339143,0.3217462854429,0.869857773735165,-0.492486458319344
"3370","FAM104B","FAM104B",-0.111055736236552,3.53780003189073,0.991599550549255,0.322146672940937,0.870219979941707,-0.491946349591121
"6988","NAP1L5","NAP1L5",-0.121613369286003,3.90867444965556,0.990838362502555,0.322331410673905,0.870219979941707,-0.491697371131605
"8529","PSMB5","PSMB5",-0.064709090349944,5.16285536633525,0.989757079272885,0.322594077428703,0.870219979941707,-0.49134361017596
"4358","HACE1","HACE1",-0.108869889247553,3.80407553768658,0.989506089703714,0.322655088979792,0.870219979941707,-0.49126148072449
"306","AIRE","AIRE",-0.241216289850998,2.1301933858695,1.2211202839407,0.322778989355669,0.870219979941707,-0.491094742549311
"11655","TTC39B","TTC39B",-0.0880949271905659,5.17613566680105,0.988238057995541,0.322963562729713,0.870219979941707,-0.490846472709332
"9677","SETD5","SETD5",-0.0966497807754193,5.38608521376484,0.987923589187603,0.323040124381299,0.870219979941707,-0.49074353118244
"11932","USP19","USP19",-0.0761984424204972,5.15603401555647,0.987169220872494,0.323223884267811,0.870219979941707,-0.490496555006171
"6524","MINDY3","FAM188A",-0.101980780761132,4.40444046867339,0.987121064742511,0.323235619568796,0.870219979941707,-0.490480787347311
"5174","KIF21B","KIF21B",-0.0969968315799426,5.42018033877703,0.987040602895417,0.323255228808994,0.870219979941707,-0.490454441468366
"12961","ZSWIM8","KIAA0913",-0.102425190986119,3.69817953164148,1.29210470925763,0.323772804731563,0.871071048482489,-0.489759632577778
"2619","DENND1B","DENND1B",-0.0697301162999849,6.12925771743794,0.983562129220735,0.324104483804924,0.87153221743211,-0.489314960704085
"148","ACTG1","ACTG1",-0.075048257411503,10.5722391727537,0.982894217734798,0.324267892677034,0.87153221743211,-0.489096050782787
"9886","SLC25A24","SLC25A24",-0.0925914655744644,5.62508325060144,0.982775157598151,0.324297033074109,0.87153221743211,-0.489057024578451
"6607","MOB3B","MOB3B",-0.33973839682852,1.50145907694567,1.1486827582642,0.324358962563441,0.87153221743211,-0.488974097308076
"7309","NOTCH2NLA","NOTCH2NL",-0.103669939589326,5.95288600614469,0.982482170239396,0.324368757692007,0.87153221743211,-0.488960982498415
"6648","MPP5","MPP5",-0.0997551720897659,4.35690302912419,0.98156340753987,0.324593812481087,0.87153221743211,-0.488659763101693
"10989","THADA","THADA",-0.0793797763553263,5.89890214343325,0.981472778992421,0.324616023636164,0.87153221743211,-0.488630046416721
"763","ASTL","ASTL",-0.369547457585737,1.4189429664902,1.53427291922696,0.324731526129886,0.871661926025866,-0.488475546422945
"5866","LOC400752","LOC400752",-0.304021768279202,1.62953976917439,2.22051216420543,0.325001303917771,0.871957328061504,-0.488114896611412
"2682","DHX32","DHX32",-0.163985977458538,3.38974565684592,0.977635754726769,0.325558265774062,0.872351096927779,-0.487371273640716
"3227","ERC1","ERC1",-0.0904307415837289,5.38775087719005,0.97627627116792,0.325892986547171,0.872504612668451,-0.486924985765717
"4948","ITFG1","ITFG1",-0.0788088643598192,6.19791121762721,0.976013486698959,0.325957740293303,0.872504612668451,-0.486838701610274
"2851","DPM2","DPM2",-0.111134472400897,4.59216681930095,0.97589460908132,0.325987039050642,0.872504612668451,-0.486799666743976
"9607","SELENOS","SELS",-0.0640115671389771,5.22605279708485,0.974430772382226,0.326348107744036,0.873110744847058,-0.486318901119394
"12065","VPS52","VPS52",-0.0763420442696091,5.23674930308674,0.971815647614449,0.32699448694384,0.873780943231211,-0.485459569388803
"6926","MYO9B","MYO9B",-0.0935225560469206,5.24018976229227,0.971794020719502,0.326999839604313,0.873780943231211,-0.485452460364114
"10788","TAFA2","FAM19A2",-0.297690019226369,1.85876785599045,0.971649730583887,0.327035554445692,0.873780943231211,-0.485405029418665
"12481","ZNF134","ZNF134",-0.0854895420817968,5.06609367230947,0.96720710358089,0.328137763056935,0.875148955440167,-0.48394378685408
"7780","PDIA3P1","PDIA3P",-0.232479079564904,2.0319607684666,1.66697466010895,0.328233244555883,0.875148955440167,-0.483817434264072
"7173","NFE2L2","NFE2L2",-0.119656417772654,7.0207721990858,0.966728705511415,0.328256749955435,0.875148955440167,-0.483786334733508
"5968","LOC81691","LOC81691",-0.365388979194052,1.42768963473353,1.56126177108081,0.328376208184176,0.875287558819254,-0.48362831631701
"845","ATP5MC3","ATP5G3",-0.0452979044286299,7.87538457057659,0.965937021198732,0.328453784503472,0.875314491857753,-0.483525729748405
"5327","LANCL1","LANCL1",-0.0742337272199012,5.73857050362018,0.965036344642357,0.328678138213245,0.875732488609658,-0.483229181738588
"6502","MICOS10","MINOS1",-0.068922626236196,6.64637404837741,0.964168727062618,0.328894451775607,0.875891163706494,-0.482943452706345
"12785","ZNF649","ZNF649",-0.117069455931288,3.54382052931303,0.962858706138324,0.329221427452268,0.875891163706494,-0.482511906383708
"5535","LOC100130093","LOC100130093",-0.184282271379353,2.42969208867165,1.99594588413681,0.32939687082147,0.875891163706494,-0.482280530823288
"1932","CHCHD6","CHCHD6",-0.110243629850667,3.51529400213458,1.05487492296484,0.330033499364704,0.876057555164026,-0.481441975725594
"8928","RCCD1","RCCD1",-0.194712081513438,2.34204673905864,0.997491080475692,0.330094421579109,0.876057555164026,-0.481361814954395
"3790","FUBP3","FUBP3",-0.0802101835356331,4.76287319861933,0.958832663796254,0.330229049603369,0.876057555164026,-0.481184725356925
"6544","MIR4461","MIR4461",-0.0891520543998114,6.91677030374798,0.95831549819716,0.330358784264222,0.876057555164026,-0.481014140780111
"9376","RSRC1","RSRC1",-0.0697795030538017,5.15834698980987,0.956197727619631,0.330890758134259,0.876057555164026,-0.480315362629646
"7550","OSBPL7","OSBPL7",-0.109738931096478,4.13733803662097,0.955222018215901,0.331136239747638,0.876057555164026,-0.479993287199711
"8337","PPP1R7","PPP1R7",-0.0544355225190886,6.22066477434235,0.955106700324271,0.33116526911985,0.876057555164026,-0.479955216031205
"11741","TYSND1","TYSND1",-0.100504198394597,4.50974632847395,0.954922937430584,0.331211535472123,0.876057555164026,-0.479894545967329
"2443","CYB5R4","CYB5R4",-0.0783078262753955,5.99623404857471,0.953236234322931,0.331636607090909,0.876951019932808,-0.479337536686004
"1804","CDT1","CDT1",-0.245880429030956,1.8969831468439,1.28837573461473,0.33172042331921,0.876993896824967,-0.479227789072064
"2200","COPS7A","COPS7A",-0.0847098201674794,4.93580096973448,0.952301916907626,0.331872383881764,0.877151530136862,-0.479028885062793
"732","ASAP1-IT1","ASAP1-IT1",-0.300979215850314,1.66111991721287,1.38981254580162,0.331915274912654,0.877151530136862,-0.478972760674768
"8379","PRC1","PRC1",-0.160312559274558,3.33683671751648,0.949183735352156,0.33266090041032,0.877870191420481,-0.477998241313102
"3589","FCGBP","FCGBP",-0.213768780773673,2.15257529484758,0.963039870971278,0.333021028542813,0.877937369768618,-0.477528342194092
"4030","GMPR2","GMPR2",-0.0892050478536899,6.12485121407929,0.947288075199013,0.333141504789528,0.877937369768618,-0.477371256897033
"12607","ZNF354A","ZNF354A",-0.120161065304309,4.59629003972583,0.947287058796214,0.333141762728118,0.877937369768618,-0.477370920639733
"4219","GSK3A","GSK3A",-0.230423892897382,2.03206172715944,1.13685630068985,0.333155837377642,0.877937369768618,-0.47735257285453
"9954","SLC35D1","SLC35D1",-0.0974748770554126,5.13331656239047,0.946948284115242,0.333227750615946,0.877937369768618,-0.477258838485151
"7494","OCM","OCM",-0.334490571797062,1.50411828818855,2.24233009593865,0.333648896206603,0.878128153081516,-0.476710307564819
"2974","ECI1","ECI1",-0.145129819765239,3.63517173230445,0.944280605454928,0.333905909726903,0.878128153081516,-0.476375894395552
"2360","CTBP1","CTBP1",-0.0714676064450445,6.53697790216721,0.943942708772051,0.333991940477245,0.878128153081516,-0.476264012974335
"11678","TTYH2","TTYH2",-0.0954908745684068,4.71742431722078,0.943369252137295,0.334138014912193,0.878128153081516,-0.476074111828476
"7159","NEURL1","NEURL",-0.176158325983402,2.50764119101128,1.07441875803169,0.334160329899652,0.878128153081516,-0.47604510898567
"12778","ZNF629","ZNF629",-0.269691469047218,1.76586813791772,1.13246272103089,0.334169040100762,0.878128153081516,-0.476033788841896
"1944","CHEK1","CHEK1",-0.119797121121195,3.4614785038477,1.33448135479476,0.334186035073962,0.878128153081516,-0.476011702309283
"8361","PPP4R2","PPP4R2",-0.106833193309433,5.79860959391863,0.943138655124386,0.334196778349219,0.878128153081516,-0.475997741013246
"3815","FYN","FYN",-0.0537508627966342,7.87815999583239,0.941963145948489,0.33449655254875,0.878128153081516,-0.475608353880522
"9231","RPL23AP82","RPL23AP82",-0.195501811397202,2.3184667827269,2.19439808933135,0.334679715363707,0.878128153081516,-0.475370609042199
"7218","NIPAL3","NIPAL3",-0.0723979855824966,6.98895887955929,0.940988619653482,0.334745348424683,0.878128153081516,-0.475285449170406
"6608","MOB3C","MOB3C",-0.118163109406827,3.61680393542237,0.940238048314672,0.334937139344402,0.878128153081516,-0.475036693254247
"543","APBB1IP","APBB1IP",-0.070248621261688,7.17612049989396,0.9394498217184,0.335138712193066,0.878128153081516,-0.47477540349633
"6734","MRPS18A","MRPS18A",-0.0873401548256517,5.15505883664391,0.937942774485172,0.335524565797054,0.878128153081516,-0.474275676986699
"7582","OXR1","OXR1",-0.0838257719519758,6.35621848945631,0.937143246524581,0.335729515299713,0.878128153081516,-0.474010476540711
"4405","HDAC1","HDAC1",-0.0650253989322986,7.59797675494757,0.937034242623411,0.335757470279874,0.878128153081516,-0.473974315918411
"4263","GTF3C6","GTF3C6",-0.0742450109102279,6.45551349883474,0.936731839572802,0.335835040618925,0.878128153081516,-0.473873992076758
"10443","SPOUT1","C9orf114",-0.0938518558745614,4.81080625394297,0.936599654777503,0.335868955368209,0.878128153081516,-0.473830136483909
"6108","LY6G5C","LY6G5C",-0.204067008674888,2.26592784385764,1.667152620064,0.335947676305421,0.878128153081516,-0.473728358507044
"5037","KAT2B","KAT2B",-0.122579132880531,5.52563100970896,0.935460943283345,0.336161307525884,0.878128153081516,-0.473452275712242
"691","ARMC5","ARMC5",-0.115082167366151,3.49961150055742,0.935323136342925,0.336196711374002,0.878128153081516,-0.473406539079503
"12962","ZUP1","ZUFSP",-0.120504121812505,4.77916745482823,0.934663327539384,0.336366292206315,0.878128153081516,-0.473187532024762
"1937","CHD3","CHD3",-0.0799619737021034,6.02618121063801,0.934174455564723,0.336492014423312,0.878128153081516,-0.473025237927499
"5358","LCORL","LCORL",-0.11782382413012,4.34848436303617,0.933589067002555,0.336642641382255,0.878128153081516,-0.472830874266017
"6306","MBNL3","MBNL3",-0.0743245542245052,5.3358990501233,0.933080940607604,0.336773462006057,0.878128153081516,-0.472662138545367
"5515","LOC100128420","LOC100128420",-0.134470159595559,5.31736456284141,0.93270516813161,0.336870251520792,0.878128153081516,-0.472537339184516
"9323","RPS6KB2","RPS6KB2",-0.0644102696025294,5.8744543877785,0.932637536295701,0.336887675779442,0.878128153081516,-0.472514876341177
"11764","UBALD1","FAM100A",-0.223155966713808,2.05538993029296,1.91417704583691,0.33716456966869,0.878295564633354,-0.47215806870275
"36","ABCC2","ABCC2",-0.218220359164121,2.07330803645077,1.472636281671,0.337258510897559,0.878295564633354,-0.472037081865969
"10342","SOCS3","SOCS3",-0.156754594675069,7.8826583716907,0.931093205809306,0.337285880435437,0.878295564633354,-0.472001838998541
"5481","LMAN2","LMAN2",-0.0728572310577567,7.06199305280818,0.931075649118189,0.33729041108482,0.878295564633354,-0.471996005303965
"6422","METRN","METRN",-0.27121515496418,1.75749357737905,1.28201690880808,0.337529356682271,0.878388835353881,-0.471688448342117
"9403","RUNX1-IT1","RUNX1-IT1",-0.133779045273221,4.24674466881863,0.929240775821422,0.337764370737088,0.878647920908811,-0.471386164144432
"4544","HMGCS1","HMGCS1",-0.105366116788657,4.95119534125813,0.927448393656501,0.338228227458919,0.879325610185283,-0.470790150380847
"5412","LIMK1","LIMK1",-0.164596077114962,2.62095983903792,1.26665808695963,0.338320810185199,0.879390076243755,-0.470671287844191
"10301","SNRPE","SNRPE",-0.0924494934004174,7.50259517112888,0.926567371147794,0.338456547253397,0.879390504209557,-0.470497080300599
"2836","DOP1A","DOPEY1",-0.112906196717422,4.33642262831513,0.925865242765607,0.338638655920964,0.879460718725802,-0.470263468273908
"9104","RNF103","RNF103",-0.134681461673876,4.59700428587785,0.924231341069489,0.339062950940967,0.879607556625782,-0.469719662539654
"898","ATXN7L1","ATXN7L1",-0.0827253769447263,5.79939412999039,0.924156092224022,0.339082509110116,0.879607556625782,-0.46969461185233
"8306","PPM1M","PPM1M",-0.0918815435857016,6.29138606790715,0.923480621906139,0.339258141427461,0.879816056528785,-0.469469721458659
"8381","PRCP","PRCP",-0.0909138211364862,5.14952275914329,0.922830638296936,0.339427263555488,0.879816056528785,-0.469253277115077
"1753","CDH4","CDH4",-0.349541835163681,1.48210275558511,1.1613936374779,0.339434160404422,0.879816056528785,-0.469244452741415
"12492","ZNF148","ZNF148",-0.0758939180121956,7.00497856566448,0.921077495101256,0.339883993481619,0.880656425517448,-0.468669287627276
"8635","PUDP","HDHD1",-0.130480841094452,4.59832169473432,0.920344370926678,0.340075235236864,0.880656425517448,-0.468424992858723
"9160","RNF41","RNF41",-0.0604164899538087,5.5101174553347,0.920242245399971,0.340101887172823,0.880656425517448,-0.468390958227615
"4175","GPX4","GPX4",-0.0638137205257667,7.34552609009964,0.919756462055117,0.340228702089411,0.880656425517448,-0.468229051589859
"7715","PCGF1","PCGF1",-0.116203967857042,3.41482084351411,1.16608063552925,0.340286440815619,0.880656425517448,-0.468155355624365
"1444","CARNS1","CARNS1",-0.171298239005338,2.59317642251361,1.16083487737691,0.340384552352316,0.880656425517448,-0.468030157695494
"2257","CPNE7","CPNE7",-0.198832385759605,2.41522919926453,0.917916255465612,0.340709676363448,0.880656425517448,-0.467615532027736
"7840","PEX19","PEX19",-0.0717800938280449,5.98782360247148,0.917296534239604,0.340871861014548,0.880656425517448,-0.467408848317896
"2558","DDB2","DDB2",-0.0736961496826222,5.61887479445857,0.917183491802411,0.340901456211516,0.880656425517448,-0.467371143613364
"6315","MC1R","MC1R",-0.199566531207047,2.29578209604475,1.02902633758597,0.341046827802238,0.880656425517448,-0.467185985641382
"1566","CCDC7","C10orf68",-0.157005600034773,3.20000525724118,0.915861677824689,0.341247774927466,0.880656425517448,-0.466930171716385
"5270","KPNA3","KPNA3",-0.0553370442011662,6.52550391119631,0.915837665830024,0.341254070562709,0.880656425517448,-0.466922159548612
"5414","LIMS1","LIMS1",-0.117943050478186,7.3545836493785,0.914670982098976,0.34156015067325,0.880656425517448,-0.466532803534053
"779","ATF3","ATF3",-0.42028110164902,1.64139895350104,0.914222548299147,0.341677897031283,0.880656425517448,-0.466383114580881
"1805","CDV3","CDV3",-0.0911786811828884,8.01881137980969,0.913587791738497,0.341844661190138,0.880656425517448,-0.466171198369672
"6324","MCF2L-AS1","MCF2L-AS1",-0.203086605887318,2.22569415931873,1.14155394400742,0.341904963366085,0.880656425517448,-0.466094594591365
"3084","EIF4EBP1","EIF4EBP1",-0.108000442068092,3.49942511295779,1.04066826350398,0.341951752915858,0.880656425517448,-0.466035165641338
"3138","EMC4","TMEM85",-0.053342641022567,6.84922958979602,0.912142049053704,0.342224903110836,0.880656425517448,-0.465688390791107
"8367","PPP6R1","PPP6R1",-0.0713510111659931,5.28138881696319,0.91189104609797,0.342290977639246,0.880656425517448,-0.465604548168959
"12734","ZNF575","ZNF575",-0.207944600485103,2.23990312331264,1.49691973885347,0.342499132848873,0.880656425517448,-0.465340523731924
"6679","MRPL12","MRPL12",-0.0846190482156974,4.49009717739696,0.910934474961966,0.342542946913834,0.880656425517448,-0.465284970336796
"5452","LINC01006","C7orf13",-0.295938771650878,1.72461895495121,1.19191139554639,0.342633940325478,0.880656425517448,-0.465169619286477
"5169","KIF19","KIF19",-0.223156038157974,2.08095380145526,1.19813421617841,0.342781069426954,0.880656425517448,-0.464983170618237
"10031","SLC7A5","SLC7A5",-0.202093645928314,4.56875332165916,0.909816984340624,0.342837624325888,0.880656425517448,-0.464911522978488
"6144","MACROH2A1","H2AFY",-0.0780071384164709,6.82719861881545,0.909495042788829,0.342922583081381,0.880656425517448,-0.464803913588237
"10177","SNORA26","SNORA26",-0.278872422112996,1.71475958877178,2.7686647284891,0.343081674952949,0.880656425517448,-0.464602478327838
"1402","CAMKMT","CAMKMT",-0.100440442172347,4.08324373239823,0.907899742316179,0.343343999075728,0.880656425517448,-0.46427053874909
"3165","ENKD1","C16orf48",-0.337428078601179,1.4811514996937,2.71587596151584,0.343582569191287,0.880656425517448,-0.463968877134337
"6134","LZIC","LZIC",-0.0716373028845555,4.85107196646246,0.906792856943669,0.343636810441115,0.880656425517448,-0.463900320640621
"7092","NDUFB10","NDUFB10",-0.0555770329938646,6.58900609444714,0.906701259641881,0.343661056527364,0.880656425517448,-0.463869679074639
"1568","CCDC71L","CCDC71L",-0.156442037857972,2.75278430465753,1.24825496094182,0.343675595479808,0.880656425517448,-0.463851306165813
"3453","FAM234A","ITFG3",-0.0888258860573239,4.6176694584249,0.906505917748977,0.343712771929485,0.880656425517448,-0.463804329732307
"11973","UTP11","UTP11L",-0.0895296489846208,4.33231643470313,0.906393374452511,0.343742571807366,0.880656425517448,-0.463766678057471
"3210","EPN2","EPN2",-0.164671792841966,2.62625213458396,1.47486343802553,0.343820099316483,0.880656425517448,-0.463668738564937
"6156","MAFG","MAFG",-0.178214688966924,2.44620992163945,1.02312643350188,0.343883638123286,0.880656425517448,-0.463588487283003
"12662","ZNF467","ZNF467",-0.262234092980211,1.78400242919868,1.40568486486195,0.343944481726846,0.880656425517448,-0.463511654014367
"1296","C2orf27A","C2orf27A",-0.243146141674244,1.89844721920722,1.05457810735683,0.344000465759813,0.880656425517448,-0.463440969414575
"10838","TBC1D19","TBC1D19",-0.0947734136044855,4.67194149415416,0.90444997321474,0.344257714218991,0.880656425517448,-0.463116319175024
"7644","PAPPA","PAPPA",-0.207912764487955,2.16043902878518,1.04035293846933,0.344281970655106,0.880656425517448,-0.463085719816436
"7178","NFKB1","NFKB1",-0.126433957463351,5.97935066962502,0.904078715616993,0.344356244425827,0.880656425517448,-0.462992037275465
"7838","PEX14","PEX14",-0.1127508625348,3.36535965863954,1.20680215593494,0.344529332035821,0.880656425517448,-0.462773797852093
"4000","GLIPR1","GLIPR1",-0.0806905161150832,7.23619064772878,0.903270529192806,0.344570867034668,0.880656425517448,-0.462721444302199
"9816","SKP1P2","SKP1P2",-0.309513264047805,1.57638369949461,2.74787934481603,0.344578125023246,0.880656425517448,-0.462712296485325
"11901","UQCR10","UQCR10",-0.0532227451742294,6.98566032615646,0.901262718642735,0.345104854961448,0.881188508918701,-0.462048930977607
"5789","LOC257396","LOC257396",-0.247929170050241,1.91901774559025,1.8109975512817,0.345155961586945,0.881188508918701,-0.461984621009692
"7751","PDCD5","PDCD5",-0.085778069933362,6.46656202328907,0.899948055871276,0.34545510993997,0.881681908568017,-0.461608378888849
"11377","TOMM40L","TOMM40L",-0.142534167084175,2.89939000338975,0.958986913690962,0.346001921587591,0.881721742459141,-0.46092148926338
"3865","GAPDH","GAPDH",-0.0503777258277928,10.5711870150195,0.897598070944367,0.346082410591378,0.881721742459141,-0.460820472873524
"2236","COX6B1","COX6B1",-0.0545016973409372,7.74283297351461,0.896321133066499,0.346423928232784,0.882303609261767,-0.46039211798103
"8218","POLR2G","POLR2G",-0.0656207951879867,6.74015923644306,0.896235605153065,0.346446819207542,0.882303609261767,-0.460363421650399
"10361","SOX30","SOX30",-0.315347257964564,1.569630369169,1.94695078521386,0.346813427219417,0.882544250944977,-0.45990409673673
"8931","RCL1","RCL1",-0.0757239498169051,5.42708062595043,0.893827715078133,0.347092126470266,0.882907089548776,-0.459555237867914
"7114","NDUFV3","NDUFV3",-0.0800692961030639,4.1726910111754,0.957790304737571,0.347250760271916,0.883036009677739,-0.459356794743589
"7974","PIGY","PIGY",-0.0569757636565401,7.90426978830391,0.893131777606296,0.347278942524923,0.883036009677739,-0.459321549607418
"6965","NACC1","NACC1",-0.235174845063618,1.92773130976543,1.66465381243762,0.347499173787923,0.883115541699952,-0.459046223648752
"11658","TTC5","TTC5",-0.0801885924046654,5.05508567245532,0.891473633104592,0.34772460757774,0.883180881912548,-0.458764574323722
"6370","MEAF6","MEAF6",-0.0529373211597302,6.91325242023367,0.891160500131429,0.347808857442216,0.883180881912548,-0.458659362272074
"10932","TENT4A","PAPD7",-0.107290879429022,4.02168320211199,0.891011714588326,0.347848898692636,0.883180881912548,-0.458609367302647
"2508","DBNL","DBNL",-0.0924344980150152,7.24333049127507,0.890270189540682,0.348048552699703,0.883291935242055,-0.45836016783866
"1546","CCDC25","CCDC25",-0.0463880690038996,6.26750046274796,0.889893287375114,0.348150093082186,0.883291935242055,-0.458233484374444
"8914","RBPMS","RBPMS",-0.285457825112022,1.67271909332474,1.54763623201509,0.348392335985329,0.883291935242055,-0.457931407269111
"11420","TPI1","TPI1",-0.073605496578376,8.23010677019711,0.888370294470108,0.348560813722835,0.883352107135444,-0.457721439201163
"7630","PALLD","PALLD",-0.240149467445391,1.882414885606,1.27432619995391,0.349180565432099,0.884295052036856,-0.456949936101856
"1225","C16orf86","C16orf86",-0.218556186855742,2.10859711893598,1.54298661772441,0.349273710524694,0.884295052036856,-0.45683410203408
"7389","NT5C2","NT5C2",-0.0603591839879266,6.06629122575085,0.883450509530626,0.349892138645045,0.885037177871347,-0.456065815109067
"11385","TOP2A","TOP2A",-0.167579206261993,3.89265774143266,0.883277928041194,0.349938967119334,0.885037177871347,-0.456007694377243
"6163","MAGEH1","MAGEH1",-0.075396971852749,5.57076567052896,0.882638288730799,0.350112602854833,0.885037177871347,-0.455792255839371
"2930","DYM","DYM",-0.0617522111651553,6.44881248849651,0.881398971376764,0.35044936400471,0.885322850599392,-0.45537472383708
"5482","LMAN2L","LMAN2L",-0.144171855850826,3.21445027899442,0.880386183570672,0.350724901151496,0.885549657967762,-0.455033398507516
"8760","RABL2A","RABL2A",-0.159383348248714,2.63910568135803,1.30347101324176,0.351033283970431,0.885829317533042,-0.454651703023124
"10749","SYTL1","SYTL1",-0.0829424225732526,7.19152220720131,0.879213902423242,0.351044202342748,0.885829317533042,-0.454638195144174
"7938","PI4K2A","PI4K2A",-0.12915691214951,4.23637390129188,0.878718457624112,0.351179269955717,0.885829317533042,-0.454471128328456
"8025","PKD1","PKD1",-0.0986045792418671,3.88571304265406,0.878645723493002,0.351199104680038,0.885829317533042,-0.454446599921444
"887","ATRAID","C2orf28",-0.0470129751439439,7.32278986291242,0.878235059885144,0.351311122323922,0.885829317533042,-0.454308100457217
"12419","ZFP69B","ZNF643",-0.193935668714771,2.23605975780782,0.931946020195368,0.351511808179496,0.885834659197929,-0.454060081338154
"1075","BMP2K","BMP2K",-0.217165735835473,2.08997248355537,1.0046690207515,0.351559299506092,0.885834659197929,-0.454001409545543
"2014","CISD3","CISD3",-0.11115839346006,3.98393731355278,0.876717656743882,0.351725455139793,0.885834659197929,-0.453796199704951
"2764","DNAJB1","DNAJB1",-0.0861522843653175,9.78624976391173,0.875759613624431,0.351987399484213,0.88594248781734,-0.453472883204892
"5860","LOC399815","LOC399815",-0.191002520524165,2.28988553738992,1.44801824435313,0.352139860316092,0.88594248781734,-0.453284812375068
"12794","ZNF669","ZNF669",-0.0990625474469409,4.89657674652315,0.875135041983546,0.352158312240454,0.88594248781734,-0.453262056192403
"3058","EIF2B2","EIF2B2",-0.069232371505572,4.58173907223383,0.916805462000873,0.352178016624838,0.88594248781734,-0.453237756706323
"12461","ZMYM3","ZMYM3",-0.0832935347432149,4.37163859052544,0.874106950557243,0.352439896731567,0.886137248125797,-0.452914934682205
"130","ACOX3","ACOX3",-0.108677480316397,3.67833416300378,0.873149096674932,0.352702523420481,0.886137248125797,-0.452591433148869
"3366","FAIM","FAIM",-0.130706427863316,3.05840809941523,0.899200572958463,0.353060512249437,0.886137248125797,-0.4521508530151
"4501","HK2","HK2",-0.139715455241742,2.91413753083026,0.981445422155727,0.353244326937471,0.886137248125797,-0.451924804141925
"10182","SNORA31","SNORA31",-0.262886761124598,1.73821049503582,2.10684912369056,0.353482394100257,0.886137248125797,-0.451632212236304
"7422","NUDT16","NUDT16",-0.117430875143844,3.51772591377236,0.869863019972193,0.353605563746075,0.886137248125797,-0.451480910273191
"338","AKT1","AKT1",-0.112889454589611,3.70867122729062,0.869745901145685,0.353637807844855,0.886137248125797,-0.451441310229568
"1942","CHD9","CHD9",-0.0809201621811811,6.33353927892587,0.869187182947045,0.353791685026819,0.886137248125797,-0.451252378292901
"9620","SEMA5A","SEMA5A",-0.16648836063609,4.40791060596251,0.868712506625036,0.353922488845573,0.886137248125797,-0.451091840665026
"1098","BORCS6","C17orf59",-0.103323201073327,4.31020382294739,0.868178064909946,0.354069841871591,0.886137248125797,-0.450911062980751
"7066","NDRG3","NDRG3",-0.0935137338976276,6.10056372973343,0.867340747350826,0.354300872549006,0.886137248125797,-0.450627778113473
"1108","BRCA1","BRCA1",-0.182782130730845,2.3936647910311,1.38115500994364,0.354338888080394,0.886137248125797,-0.450581181982571
"6572","MLH1","MLH1",-0.0690300522078783,4.98539623245992,0.866961171144838,0.354405672975409,0.886137248125797,-0.450499334972918
"12714","ZNF552","ZNF552",-0.092211800297382,4.05670489394847,0.866401115827882,0.354560381717701,0.886137248125797,-0.450309793728449
"11706","TUSC2","TUSC2",-0.0718013082172106,4.8945759638313,0.866370458978308,0.354568853010484,0.886137248125797,-0.450299417521885
"6834","MTMR2","MTMR2",-0.0845825757234205,5.03352292538777,0.865886897038623,0.354702510917077,0.886137248125797,-0.450135737173473
"10808","TARBP1","TARBP1",-0.0909173394590644,4.20940758509317,0.865528267726095,0.354801682102276,0.886137248125797,-0.450014329860591
"6321","MCEE","MCEE",-0.107206233258821,3.53129964162033,0.882793844415038,0.354860892185002,0.886137248125797,-0.449941859891925
"7783","PDIA6","PDIA6",-0.0644331491810777,6.73823391451531,0.864532605845442,0.355077212052305,0.886137248125797,-0.4496771987136
"8832","RASA4","RASA4",-0.0820489653112477,5.20383686391867,0.864106274250988,0.355195281521298,0.886137248125797,-0.449532812101978
"5852","LOC389641","LOC389641",-0.117499750277213,3.70206435406492,0.863803460630703,0.35527917658277,0.886137248125797,-0.449430246381255
"12899","ZNF839","ZNF839",-0.101174431379843,3.69112202378027,0.948648959417788,0.355986135003187,0.887434306186847,-0.448566916658779
"9400","RUNDC1","RUNDC1",-0.12207417282829,4.52419538816787,0.85922504637361,0.356550985539831,0.88825593418696,-0.44787835878445
"7480","OAS1","OAS1",-0.234159089046747,4.80906369137156,0.859085123338653,0.356589953159006,0.88825593418696,-0.447830897136747
"4333","H2BC9","HIST1H2BH",-0.359723331471159,1.38755979710687,1.88383473159712,0.356934067739682,0.88825593418696,-0.447411998625304
"9110","RNF121","RNF121",-0.108706624350342,3.45435882633843,0.915365086806153,0.356984474055534,0.88825593418696,-0.447350671783143
"7202","NHP2","NHP2",-0.0595112438533554,6.5186907543215,0.85701550627725,0.357167017832323,0.88825593418696,-0.447128652344432
"11080","TLE2","TLE2",-0.160856563182849,2.53862255036091,0.938451046163524,0.357244170488703,0.88825593418696,-0.447034849297649
"12230","XRCC4","XRCC4",-0.116273113221049,3.99181019372038,0.85549609472183,0.357591495435698,0.88825593418696,-0.446612818537383
"2951","E2F3","E2F3",-0.0940399785509417,4.39649318203238,0.8550737729666,0.357709603692959,0.88825593418696,-0.446469399870966
"4727","IFITM1","IFITM1",-0.0788075980533193,10.4429748884943,0.854652144098255,0.357827572202141,0.88825593418696,-0.446326198162471
"451","ANKRD17","ANKRD17",-0.0572916323723524,6.84557781572643,0.853917780384605,0.358033170522973,0.88825593418696,-0.446076735624991
"5913","LOC644656","LOC644656",-0.187398105185224,2.30546638373327,1.46270834323776,0.358149912269158,0.88825593418696,-0.44593515088823
"12581","ZNF304","ZNF304",-0.134246321093662,3.57187010155997,0.853346227736276,0.358193300503586,0.88825593418696,-0.445882541271838
"7616","PAFAH1B3","PAFAH1B3",-0.0936829050552315,4.42496799562114,0.8527895531248,0.358349357798025,0.88825593418696,-0.445693369497842
"10202","SNORA67","SNORA67",-0.151070796889124,3.15655656856118,0.852735042133644,0.358364644401492,0.88825593418696,-0.445674843593469
"11564","TROAP","TROAP",-0.320186296789061,1.49346935970697,1.46573227024234,0.358390062766581,0.88825593418696,-0.445644040710442
"250","AFF3","AFF3",-0.14112970860499,3.38939791068283,0.852312138352003,0.358483270763443,0.88825593418696,-0.445531106620022
"3193","EPB41L4A","EPB41L4A",-0.101014110070942,3.75846329393015,1.04256994882316,0.358518913349982,0.88825593418696,-0.445487928568378
"5320","LAMP2","LAMP2",-0.0648062578243769,7.0552607272064,0.851975044152048,0.358577866244146,0.88825593418696,-0.445416521423865
"8844","RASL11B","RASL11B",-0.361715914701998,1.36640195377863,1.34794012675343,0.358845364954383,0.88825593418696,-0.445092658983665
"7147","NELFE","RDBP",-0.0592477887729647,6.04421285875194,0.850958494098721,0.358863340972001,0.88825593418696,-0.445070903959112
"3169","ENO3","ENO3",-0.218390809577728,2.10017017635556,1.03653846335712,0.359117069288462,0.88825593418696,-0.444763951817371
"12796","ZNF671","ZNF671",-0.100906365177164,4.33169865459205,0.849826515672187,0.359181603034167,0.88825593418696,-0.444685915616522
"2307","CROCCP2","CROCCP2",-0.118482147121195,4.2926238537304,0.847723094841814,0.359774034831388,0.888846447858222,-0.443970183226037
"11134","TMEM101","TMEM101",-0.093303644482556,4.53207557457616,0.847128540504138,0.359941738451794,0.888846447858222,-0.44376779011209
"8256","POPDC2","POPDC2",-0.213604175716613,2.11358924331251,1.43219497926699,0.360013479969162,0.888846447858222,-0.443681237658765
"11778","UBE2D2","UBE2D2",-0.054902576512566,8.04046679296655,0.845007627649152,0.360540863381274,0.889020106407042,-0.443045505604022
"5494","LMNTD2","C11orf35",-0.27908518094233,1.67165069341922,1.21741075276552,0.360801981069892,0.889020106407042,-0.442731086525438
"2310","CRPPA","ISPD",-0.244097069528482,1.87523959737968,1.33428032015745,0.361203745179016,0.889020106407042,-0.442247755307181
"12966","ZXDA","ZXDA",-0.102921614694444,3.80221906931394,0.842458460668543,0.361262803208298,0.889020106407042,-0.442176752500632
"9665","SERTAD3","SERTAD3",-0.147161570628619,3.16280722559699,0.842390063083278,0.361282201570795,0.889020106407042,-0.442153433256193
"5203","KLF13","KLF13",-0.0862033479151884,5.30832690163703,0.841588592718073,0.361509616278172,0.889209715967986,-0.441880145835562
"12329","ZBTB8OS","ZBTB8OS",-0.0749525901517279,5.33464757432841,0.841557246402261,0.36151851475279,0.889209715967986,-0.441869455910071
"851","ATP5PB","ATP5F1",-0.0489884055206148,8.09531917018866,0.841152542550498,0.361633428000238,0.889209715967986,-0.441731431833155
"11581","TSC22D1","TSC22D1",-0.118335010225478,3.84663289385238,0.840364326854515,0.361857383435994,0.889506123851965,-0.441462561485363
"9823","SLAMF6","SLAMF6",-0.125090634327459,6.65114173060468,0.839861522372418,0.362000346177766,0.889506123851965,-0.441291014154619
"10785","TAF9","TAF9",-0.060223296989715,7.30911743050273,0.839763457610238,0.362028238182253,0.889506123851965,-0.441257553200437
"7266","NMT1","NMT1",-0.0711035955898475,4.87842375740239,0.839334638945211,0.362150239879539,0.889637391016334,-0.441111222797034
"4319","H2AZ2","H2AFV",-0.0520257559353601,7.28104411353485,0.838357321182691,0.362428507635758,0.889994669010198,-0.440777649234815
"2970","ECH1","ECH1",-0.0914739524297433,6.95321805997619,0.83826239860121,0.362455550461029,0.889994669010198,-0.440745245294724
"4290","GZF1","GZF1",-0.117362706552586,3.84682128747966,0.837043901513064,0.362802942699848,0.890061001445752,-0.440329199028913
"6862","MTUS2","MTUS2",-0.332497753972183,1.52158299492085,0.835027804035664,0.363378752093979,0.890736440125326,-0.439640470858812
"7696","PBXIP1","PBXIP1",-0.0632183906530811,8.91472465699599,0.833377159385542,0.363851137358665,0.890736440125326,-0.43907626318359
"115","ACER3","ACER3",-0.105930061684993,3.5259172336117,0.833001475630489,0.363958771338432,0.890736440125326,-0.438947809741942
"9709","SFXN4","SFXN4",-0.108942319126959,3.68449526090318,0.832974219783544,0.363966581913411,0.890736440125326,-0.438938489858801
"10719","SWT1","SWT1",-0.109059273483693,4.31475146122726,0.832096194389291,0.364218318845695,0.890736440125326,-0.438638214572061
"2470","CYP4F35P","CYP4F35P",-0.34480462116676,1.40017489330736,1.58657835173088,0.364242302843205,0.890736440125326,-0.438609616958226
"9734","SH3BGRL","SH3BGRL",-0.0691389072504703,8.58080571344209,0.830657647182463,0.364631288699891,0.890736440125326,-0.438146067642966
"102","ACAP3","ACAP3",-0.101322086031714,4.15011959125561,0.829843314745885,0.364865353124889,0.890736440125326,-0.437867374402046
"3374","FAM110B","FAM110B",-0.359661477726533,1.3813902002612,0.943997783649553,0.365119084966663,0.890736440125326,-0.437565465655906
"2668","DHRS11","DHRS11",-0.236123483588782,1.89319649549488,1.04841295129531,0.365206236150952,0.890736440125326,-0.437461815193534
"8991","RFT1","RFT1",-0.0651306891091361,5.04085824570431,0.827661030425087,0.365493647794338,0.890736440125326,-0.437120166590771
"10267","SNORD69","SNORD69",-0.362631762376283,1.37045858569641,1.54990671530165,0.365495349294923,0.890736440125326,-0.43711814480298
"1414","CAPN1","CAPN1",-0.0813684537451239,6.6710044951352,0.827589405434616,0.365514294802701,0.890736440125326,-0.437095633664986
"6934","MZF1","MZF1",-0.107203230176356,4.08572407584113,0.827391435668269,0.365571371144156,0.890736440125326,-0.43702782234999
"6","AAAS","AAAS",-0.0901381815218628,5.01382287940763,0.827387800932871,0.365572419185565,0.890736440125326,-0.437026577290928
"9690","SF3B1","SF3B1",-0.048436985798315,9.81873381941821,0.827382446380932,0.365573963127399,0.890736440125326,-0.43702474311535
"11481","TRAPPC8","TRAPPC8",-0.078929375201148,6.44462748826918,0.827195745348843,0.365627802577679,0.890736440125326,-0.43696078764559
"12086","VWA8","KIAA0564",-0.0788057357804262,4.63980644704009,0.826608723970387,0.365797155840194,0.890736440125326,-0.436759675589267
"9351","RRN3P3","RRN3P3",-0.112645739272795,3.34630074860871,1.43760110037993,0.366166088467753,0.891299882390582,-0.436321879240455
"5161","KIAA2026","KIAA2026",-0.083814247457124,6.11113176637663,0.825236356488204,0.36619350752654,0.891299882390582,-0.436289359844243
"3209","EPN1","EPN1",-0.095931442701657,3.77695776333482,0.82475281036018,0.366333303338851,0.891472883927015,-0.436123597855149
"11192","TMEM177","TMEM177",-0.158454807261349,2.84705520536814,0.824021358180092,0.366544912440584,0.891552360340216,-0.435872804023983
"8563","PSMG3","PSMG3",-0.067886966306666,5.12159479906167,0.823636228483697,0.366656399377047,0.891590153536726,-0.435740730715048
"1896","CETN2","CETN2",-0.0851908162992984,4.24258876518745,0.822918530535539,0.366864284813452,0.891761357857395,-0.435494565876723
"11111","TMBIM6","TMBIM6",-0.0417045303953734,9.48192985590315,0.821206769098708,0.367360774958867,0.892426406956933,-0.43490721745959
"3041","EI24","EI24",-0.0849399561834865,5.47523178706255,0.819773108601367,0.367777329356773,0.892426406956933,-0.434415045186863
"5218","KLHDC4","KLHDC4",-0.0869719434245463,4.79818876435846,0.819184416365279,0.367948567874621,0.892426406956933,-0.434212883090861
"155","ACTR1B","ACTR1B",-0.0637956301537342,6.61910061234055,0.819138963772253,0.367961793762401,0.892426406956933,-0.434197272683993
"6756","MRS2","MRS2",-0.100442812929666,4.85400284339104,0.818531153944498,0.368138719729221,0.892426406956933,-0.433988502356662
"12203","WWOX","WWOX",-0.0928879369890761,3.91931761376879,0.817231768576079,0.368517356176116,0.892633098698781,-0.433542053221459
"8937","RCSD1","RCSD1",-0.07565170731974,7.99171036153195,0.817230827493206,0.368517630602851,0.892633098698781,-0.433541729812073
"3778","FSIP1","FSIP1",-0.269532409842631,1.67248228399088,1.28253822181504,0.368530245635602,0.892633098698781,-0.433526863371804
"10269","SNORD73A","SNORD73A",-0.168430551904018,2.45425175494744,1.39676942079345,0.368928160338363,0.89280067949838,-0.433058193749088
"6157","MAFK","MAFK",-0.230369474416632,1.88622331418998,1.34462702109015,0.369149304010932,0.89280067949838,-0.432797946053643
"4513","HLA-DQA1","HLA-DQA1",-0.249223533362331,2.54010522215281,0.815028644285092,0.369160591810225,0.89280067949838,-0.432784666456623
"11676","TTPAL","TTPAL",-0.0642150909737245,5.15686464653157,0.814169756904787,0.369411785119256,0.89280067949838,-0.432489253642342
"5444","LINC00536","LINC00536",-0.337872813874876,1.41276852308417,1.44293209220011,0.369517946691986,0.89280067949838,-0.432364464007932
"5335","LARP1B","LARP1B",-0.0731052083793574,4.48232340799958,0.813358611336789,0.369649236695003,0.89280067949838,-0.43221018625935
"4383","HAX1","HAX1",-0.0713280852954357,6.35375277512611,0.81276304067656,0.369823718589542,0.89280067949838,-0.432005238871201
"6384","MED18","MED18",-0.113866962800747,3.33639529611356,1.29141582640559,0.370064628969498,0.893181103557452,-0.431722423085032
"4995","JAG1","JAG1",-0.277104196894779,1.65066063310283,0.913850872339561,0.370251312267006,0.893243339315444,-0.431503393551361
"11783","UBE2E3","UBE2E3",-0.0832025919859144,5.74507986532898,0.810080121222804,0.370611163039544,0.893243339315444,-0.431081503599255
"7954","PIFO","C1orf88",-0.371790090250918,1.32542110499558,0.991284481333624,0.370713161954931,0.893243339315444,-0.430961994324032
"9557","SDHAF3","ACN9",-0.103506173674162,5.1504197430449,0.808248670580108,0.371150057201765,0.893243339315444,-0.430450468177687
"9117","RNF135","RNF135",-0.102454587016418,3.77028292375863,0.807763909657353,0.3712928804136,0.893243339315444,-0.430283378343815
"8642","PUS1","PUS1",-0.103321643477422,3.50442408612777,0.807273365809739,0.371437486391149,0.893243339315444,-0.430114268309541
"8611","PTPN14","PTPN14",-0.1437820896758,2.75775318584468,1.15896607654834,0.371483088870068,0.893243339315444,-0.430060951964187
"5019","JPX","JPX",-0.099365052244551,3.62064640929776,0.867270322246381,0.371570506929105,0.893243339315444,-0.429958765039723
"8796","RALGDS","RALGDS",-0.08489309884116,6.33324489038791,0.806423602387762,0.371688173840885,0.893243339315444,-0.429821256814827
"3975","GINS1","GINS1",-0.286432932095454,1.65055906349257,1.14079532869983,0.371999609105305,0.893243339315444,-0.429457516471592
"5160","KIAA2013","KIAA2013",-0.0953538921279941,4.05775246336165,0.805274628531095,0.372027510945379,0.893243339315444,-0.429424943424566
"1706","CD84","CD84",-0.0693952037894465,7.77449962419917,0.804890716606847,0.372140992739197,0.893243339315444,-0.429292488162111
"7447","NUP160","NUP160",-0.0605399638342215,6.0678564509767,0.803926050943251,0.372426357364211,0.893243339315444,-0.428959590706897
"7184","NFKBIL1","NFKBIL1",-0.127731481384031,3.0559337849468,1.29088461258358,0.372553003953027,0.893243339315444,-0.428811930468077
"12144","WDR54","WDR54",-0.0775801469498325,5.63969962305439,0.803128671245087,0.372662469430091,0.893243339315444,-0.428684342529587
"6493","MIB2","MIB2",-0.100416050198434,4.20205057954669,0.803095878337561,0.372672184265566,0.893243339315444,-0.428673021173686
"11362","TNRC6C","TNRC6C",-0.0775928202417798,5.73906649596482,0.802995290454029,0.372701985464976,0.893243339315444,-0.428638293658325
"8281","PPFIBP1","PPFIBP1",-0.163456216060235,2.52859010738232,1.72777360244614,0.372864851172057,0.893243339315444,-0.428448554320345
"7948","PIAS4","PIAS4",-0.0727149003938146,4.50354423953419,0.801906500379615,0.373024777317809,0.893243339315444,-0.428262320215396
"339","AKT1S1","AKT1S1",-0.111402714634007,3.22840842708814,1.02919124892593,0.373028358994735,0.893243339315444,-0.428258150264357
"5126","KEAP1","KEAP1",-0.0798002257000982,4.86335629907447,0.801691537127578,0.373088553855999,0.893243339315444,-0.428188074661748
"6879","MX2","MX2",-0.102308928503992,6.09027965659068,0.800722320066871,0.373376298387418,0.893243339315444,-0.427853254159464
"5961","LOC729799","LOC729799",-0.144805050294631,2.72151581488999,0.979523696990434,0.373626226824023,0.893243339315444,-0.427562645918461
"8542","PSMD10","PSMD10",-0.0489221445779391,6.33216911932578,0.799122044632315,0.373852081393297,0.893243339315444,-0.427300197108762
"1395","CAMK1D","CAMK1D",-0.0558050851947544,5.62085904637791,0.79821599328514,0.374121842996851,0.893243339315444,-0.426986934902388
"10631","STRC","STRC",-0.3220056865484,1.44629131333833,1.37048038179247,0.374303014863285,0.893243339315444,-0.426776674800578
"6479","MGC27345","MGC27345",-0.101531829927338,3.86014839160164,0.796611124564868,0.374600342804599,0.893243339315444,-0.426431829528647
"8395","PREB","PREB",-0.0868617255031426,5.26030792690678,0.796361693214557,0.374674789876579,0.893243339315444,-0.426345527578265
"6570","MLF1","MLF1",-0.121263892440562,3.26346472211128,0.796164217362021,0.374733744808952,0.893243339315444,-0.426277196886318
"4431","HEATR6","HEATR6",-0.0946316751660559,4.61837875553347,0.795976165502244,0.374789898500473,0.893243339315444,-0.426212122919328
"4673","HYOU1","HYOU1",-0.0678257454679543,4.98168299088999,0.795767657278301,0.374852174558978,0.893243339315444,-0.426139965420175
"8698","RAB11FIP5","RAB11FIP5",-0.100198738703098,3.83660250194414,0.795694010631045,0.374874174428746,0.893243339315444,-0.426114477661719
"5413","LIMK2","LIMK2",-0.0606273089851142,5.78998933357713,0.795573693115801,0.37491011984857,0.893243339315444,-0.426072836625462
"8210","POLR1D","POLR1D",-0.0554677747572666,7.28984265674526,0.795490464151388,0.374934987749381,0.893243339315444,-0.42604403069743
"8616","PTPN4","PTPN4",-0.0668190692341589,7.23722946652495,0.795102712315134,0.37505087457035,0.893243339315444,-0.425909817481418
"230","ADORA2B","ADORA2B",-0.332666801450365,1.49502670533974,1.72914408973788,0.375121529569538,0.893243339315444,-0.425828009416532
"8584","PTER","PTER",-0.0736548334456637,5.5655141844247,0.79477020409573,0.375150291262251,0.893243339315444,-0.425794712032584
"9093","RNASE6","RNASE6",-0.192706891142672,2.83618864388135,0.794590481726905,0.375204042042464,0.893243339315444,-0.425732491648831
"1745","CDCA5","CDCA5",-0.320017004599948,1.45059290037841,0.84197443107889,0.375383327795915,0.893243339315444,-0.425525019959279
"5292","KRTAP16-1","KRTAP16-1",-0.237612462381698,2.11277825560332,0.793026437242258,0.375672272844971,0.893243339315444,-0.425190857624393
"10085","SMARCD2","SMARCD2",-0.0755369559347204,4.39901902495913,0.792466731814152,0.375840034275988,0.893243339315444,-0.42499696095953
"9911","SLC25A53","MCART6",-0.15433707366096,2.65767810193751,1.19469409241565,0.375912755359348,0.893243339315444,-0.42491293768551
"2463","CYP2E1","CYP2E1",-0.330300795422903,1.47972088570393,1.07943154433187,0.375999079655194,0.893243339315444,-0.424813218107339
"11093","TLR5","TLR5",-0.200890036781149,2.63102557020445,0.791812696756736,0.376036204020772,0.893243339315444,-0.42477034004702
"7583","OXSM","OXSM",-0.10331222391536,3.61894026061809,0.841540783021449,0.376049733895223,0.893243339315444,-0.424754714306611
"9389","RTN3","RTN3",-0.0693767389391173,6.72131021586676,0.79038695274486,0.376464342455737,0.893243339315444,-0.424276152552459
"8414","PRKAB1","PRKAB1",-0.078674965709259,5.02141014241673,0.786705311231857,0.377573115245298,0.894147135354988,-0.422998936821772
"921","B3GALNT2","B3GALNT2",-0.0908000810722298,3.82715236790379,0.813596042241323,0.377798010310811,0.894147135354988,-0.422740333638406
"7262","NMNAT1","NMNAT1",-0.115636497697101,3.1853895196406,1.1393492835444,0.378156083362567,0.894147135354988,-0.422328908755792
"11609","TSPAN33","TSPAN33",-0.27949331149311,1.60184121917113,0.813306674844327,0.37824643126347,0.894147135354988,-0.422225160832584
"5079","KCNK6","KCNK6",-0.113299127637436,3.32722518137187,0.7928360884327,0.378277179732418,0.894147135354988,-0.422189857531526
"8116","PLP2","PLP2",-0.0799256244458337,7.76876700583632,0.783885118365011,0.378425595638198,0.894147135354988,-0.422019496824967
"85","ABTB1","ABTB1",-0.0624521393494195,6.20152113941821,0.783719269737664,0.378475813176153,0.894147135354988,-0.421961869241226
"2146","COA4","CHCHD8",-0.0837846057388112,4.55599638206404,0.783500865021754,0.378541958722084,0.894147135354988,-0.421885974997418
"2396","CTU1","CTU1",-0.229984831518281,1.88934173356514,1.15514047564883,0.378778797537537,0.894147135354988,-0.421614338988092
"6979","NAMPT","NAMPT",-0.161221414645095,6.33756954914557,0.782321515251253,0.378899418485594,0.894147135354988,-0.421476061256259
"4472","HGSNAT","HGSNAT",-0.083523114918074,4.55369158137943,0.781481065354002,0.379154451539526,0.894147135354988,-0.421183840725281
"2526","DCAKD","DCAKD",-0.082964068954208,4.67512824995468,0.781313979681905,0.37920518254196,0.894147135354988,-0.421125735854026
"7584","OXSR1","OXSR1",-0.0808560189148967,4.95595762650863,0.780819237705502,0.379355454179631,0.894147135354988,-0.420953667490019
"3220","EPSTI1","EPSTI1",-0.14536325720904,5.21251381538457,0.780792724647312,0.379363509582826,0.894147135354988,-0.420944445584875
"8771","RAD21","RAD21",-0.0774027516823545,7.90697550114449,0.78077108469738,0.379370084581156,0.894147135354988,-0.420936918606987
"12715","ZNF554","ZNF554",-0.15088382707833,2.6388248622797,1.03720864346795,0.379409981861954,0.894147135354988,-0.420891247483889
"3582","FBXW5","FBXW5",-0.0653111825579332,6.67999755639462,0.780208820499477,0.379540977712076,0.894147135354988,-0.420741327980639
"179","ADAM22","ADAM22",-0.154429073771532,2.74183855092774,0.77975807208317,0.379678056296694,0.894147135354988,-0.420584502424726
"6629","MOSPD1","MOSPD1",-0.0995489124630358,4.19280912419113,0.779677157805643,0.379702670877627,0.894147135354988,-0.420556347965982
"6785","MST1","MST1",-0.290131179383994,1.56104039944108,1.78396640090112,0.379770517564886,0.894147135354988,-0.420478753542851
"12296","ZBTB16","ZBTB16",-0.138491634829603,4.23853355589928,0.779257866417178,0.379830258147809,0.894147135354988,-0.42041044132835
"12303","ZBTB22","ZBTB22",-0.12846962112844,2.91808381829167,0.810690114620895,0.380197978271506,0.894147135354988,-0.419990196854751
"2639","DESI2","PPPDE1",-0.0529223541377071,5.40264777224215,0.776441774625822,0.380688761143409,0.894147135354988,-0.419429944424006
"4912","IRAK1","IRAK1",-0.0777082985195108,4.81530123547284,0.776353501200446,0.380715716594473,0.894147135354988,-0.419399194398227
"6729","MRPS12","MRPS12",-0.0576426765013268,5.28135378368621,0.776340616956465,0.380719651195692,0.894147135354988,-0.419394706097132
"9522","SCFD2","SCFD2",-0.0861748709351401,4.51160713135579,0.776252832474072,0.380746460439993,0.894147135354988,-0.419364125335385
"7748","PDCD2","PDCD2",-0.0641876444698792,6.89233872226137,0.775429382892468,0.380998071967182,0.894338999646738,-0.419077222057012
"8769","RAD17","RAD17",-0.0830699193810796,5.79104899222515,0.775303493911569,0.381036559267303,0.894338999646738,-0.419033353126664
"7111","NDUFS8","NDUFS8",-0.0579750937134011,6.17497725693613,0.77499714855421,0.381130239642017,0.894338999646738,-0.418926592060546
"10851","TBC1D7","TBC1D7",-0.1048606771173,3.54134894010676,0.999187357319254,0.381167124743995,0.894338999646738,-0.418884563852095
"4768","IGSF9B","IGSF9B",-0.179209574665967,2.51405321329743,0.774623656625736,0.38124449794957,0.894338999646738,-0.418796415257966
"10847","TBC1D31","WDR67",-0.151593014002043,3.52612780941628,0.773206770404805,0.381678395840192,0.8945242203176,-0.418302421745758
"9796","SIRPB2","SIRPB2",-0.311216190863646,1.47562008416523,1.89756438529051,0.38183436352813,0.8945242203176,-0.418124989459688
"9756","SHISA2","SHISA2",-0.250416540565382,1.72823356459835,1.38651299718582,0.381860412558303,0.8945242203176,-0.418095362570984
"12217","XPNPEP1","XPNPEP1",-0.0637668391318244,5.32758650138144,0.772300131474656,0.381956409431131,0.894587560850346,-0.417986197883409
"4321","H2BC11","HIST1H2BJ",-0.23048141949383,1.85881024866868,1.18994907612852,0.38227417240667,0.894685700637152,-0.417625043231757
"10547","ST6GALNAC2","ST6GALNAC2",-0.177315143086828,2.27992648762869,0.900918328048212,0.382420518598168,0.894866772686514,-0.417458813898825
"4032","GNA12","GNA12",-0.110206566697291,3.290203352358,0.769464825542181,0.382827705207342,0.895470685458189,-0.416996639904408
"8519","PSMA4","PSMA4",-0.052212225659538,7.49781981395168,0.769276504634815,0.382885677348075,0.895470685458189,-0.416930879055908
"10428","SPIN3","SPIN3",-0.114865930244451,3.98333100394343,0.7689923179367,0.382973184324178,0.895513900547506,-0.416831634145606
"12571","ZNF284","ZNF284",-0.257185062177547,1.70998696214998,1.08563493827786,0.383277828137963,0.89594805955237,-0.41648630309327
"12363","ZCRB1","ZCRB1",-0.0542771792547162,6.40742503463578,0.767717618729082,0.383366043210915,0.89594805955237,-0.416386357548788
"8721","RAB33A","RAB33A",-0.146944323569873,3.27349579613002,0.7666539172834,0.383694315215723,0.895996101100435,-0.416014635226316
"8792","RALBP1","RALBP1",-0.0828494146944404,4.65701669927897,0.766040931062898,0.38388367368385,0.895996101100435,-0.415800357743983
"7841","PEX2","PEX2",-0.0572314741441222,5.95296441757746,0.765861493263492,0.383939129423982,0.895996101100435,-0.415737624202147
"8505","PSAP","PSAP",-0.0405001635370121,8.79818308625894,0.764403611980791,0.384390117728182,0.896228170661499,-0.415227786121306
"9149","RNF220","RNF220",-0.0762661510473368,4.98410222102819,0.764181242511399,0.384458973394231,0.896228170661499,-0.41514999807099
"8794","RALGAPA2","RALGAPA2",-0.0758016235280703,5.6036722323659,0.764163393630038,0.384464500984004,0.896228170661499,-0.415143754012078
"12149","WDR60","WDR60",-0.0983273187872389,3.87885197458489,0.763751752019558,0.384592013221317,0.896228170661499,-0.414999738948101
"6687","MRPL2","MRPL2",-0.0635838599601816,4.70882594480861,0.814567233637323,0.384606577936805,0.896228170661499,-0.414983292283637
"8727","RAB39B","RAB39B",-0.087032827623156,4.06799334096879,0.875459631579118,0.384806934121579,0.896228170661499,-0.414757110689304
"6957","NAAA","NAAA",-0.0629473668055596,6.68557484103435,0.763053579315328,0.384808421606576,0.896228170661499,-0.414755431911661
"183","ADAMTS10","ADAMTS10",-0.167819782473417,2.37384912474921,0.85118812028301,0.385018848883795,0.896412318784952,-0.414518008762035
"4763","IGHMBP2","IGHMBP2",-0.0789214217734853,4.5805233088536,0.761549928459076,0.385275093221463,0.896461634650215,-0.414229065801717
"8040","PLA2G15","PLA2G15",-0.121036598273034,3.09207075160678,0.873370840983678,0.38544751353333,0.896546276865972,-0.414034751555308
"8106","PLIN3","PLIN3",-0.0622984979295836,5.16608913256543,0.760648510282441,0.385555246235518,0.896546276865972,-0.413913383070455
"2533","DCLRE1A","DCLRE1A",-0.162369716551573,2.85842558417853,0.760479971801075,0.385607659017202,0.896546276865972,-0.413854348638829
"12290","ZBED6CL","C7orf29",-0.086838635159048,3.83330941464751,0.760420475224458,0.385626163949135,0.896546276865972,-0.413833507774259
"6106","LY6E","LY6E",-0.0816344875136504,7.6426137730619,0.757899985914703,0.386411273381245,0.897655324265815,-0.412950211718636
"5683","LOC100506314","LOC100506314",-0.343439848585222,1.38524186453742,0.874985859357482,0.386485341439385,0.897655324265815,-0.412866973292133
"310","AK3","AK3",-0.0669503003361629,6.429224971553,0.755576325682481,0.387137110621404,0.897981280831798,-0.412135195600204
"1971","CHPF2","CHPF2",-0.0689179254014924,4.75751304432909,0.755390843747503,0.387195133799864,0.897981280831798,-0.41207010946578
"8033","PKN1","PKN1",-0.0609449749455737,6.25389690457768,0.755110758235313,0.387282774967313,0.897981280831798,-0.411971818539357
"1418","CAPN2","CAPN2",-0.044093520539561,8.44826355511921,0.754163998212715,0.387579235902394,0.897981280831798,-0.41163949780952
"12094","WASF2","WASF2",-0.0374566375346844,7.80324624934936,0.753978792474497,0.387637267982646,0.897981280831798,-0.411574475942345
"8173","POC1A","POC1A",-0.285508532099365,1.66351511096648,0.869120537001231,0.387638195814141,0.897981280831798,-0.411573436435441
"7408","NUCB1","NUCB1",-0.0547400880622593,6.72359355821011,0.753922875655657,0.387654791332409,0.897981280831798,-0.411554843872039
"4967","ITGB7","ITGB7",-0.0775720023225503,8.26207161015456,0.753715731337104,0.387719716671957,0.897981280831798,-0.411482113297391
"713","ARPC5","ARPC5",-0.0935995228999946,8.26328466074164,0.753234617171415,0.38787057297058,0.897981280831798,-0.411313168276409
"12156","WDR73","WDR73",-0.062371222049047,5.11622771032301,0.753209523387153,0.387878443601124,0.897981280831798,-0.411304355705999
"3418","FAM174B","FAM174B",-0.206178289885044,2.03015769703701,0.780229834168872,0.387951304828931,0.897981280831798,-0.411222783094641
"7292","NOMO1","NOMO1",-0.132192421367725,2.92148297047467,1.18072736250325,0.388105954992784,0.897981280831798,-0.411049693511816
"11922","USO1","USO1",-0.0808290373390769,5.75308389856969,0.752464215401349,0.388112313391189,0.897981280831798,-0.41104257845809
"11692","TUBD1","TUBD1",-0.0701546950631914,4.53671772200891,0.751857340206625,0.388302894592087,0.898101881180807,-0.410829372006913
"2278","CRB2","CRB2",-0.342632922819822,1.42628928745415,1.28703260866404,0.388571716415269,0.898288012687794,-0.410528814265861
"1873","CEP70","CEP70",-0.116065531028069,3.71852808090091,0.749432975630684,0.389065582535592,0.89922462181262,-0.409977185993964
"134","ACP5","ACP5",-0.0876003421373091,5.17732857624703,0.748255799515147,0.38943669361925,0.89966042448999,-0.409563130665031
"9083","RMDN1","FAM82B",-0.074550714964011,5.75125056133845,0.747584992203812,0.389648397860326,0.89966042448999,-0.409327105134666
"6672","MRO","MRO",-0.264943963035328,1.67253763395429,2.50793225095708,0.389670232421896,0.89966042448999,-0.40930276944131
"7014","NBPF14","NBPF14",-0.133343733046351,2.80591011542431,0.952598184942996,0.389999835447262,0.899873847041165,-0.408935576215453
"6005","LRFN4","LRFN4",-0.278106180332897,1.5713637008347,1.42773697383417,0.39017681783428,0.900029135448812,-0.40873853757024
"4355","HACD2","PTPLB",-0.0848653774283896,4.64507943237496,0.745027179621839,0.390457161286188,0.900088738069021,-0.4084266074655
"7524","OPN3","OPN3",-0.216206235956621,1.96743674048821,1.41462827192061,0.390464313007447,0.900088738069021,-0.408418652880612
"10999","THAP7-AS1","THAP7-AS1",-0.1415593777444,2.85925636033175,0.74472174759562,0.390553899001284,0.900088738069021,-0.408319022161759
"8950","REEP4","REEP4",-0.0947934118272086,4.39046472284038,0.743815269764506,0.390841206631329,0.900088738069021,-0.407999654602222
"8071","PLD3","PLD3",-0.0611553355947097,6.06399016070138,0.743489028604906,0.390944683394199,0.900088738069021,-0.407884688630194
"1683","CD46","CD46",-0.0550355613744848,7.84563893640075,0.743099304005345,0.391068347717332,0.900088738069021,-0.407747333544138
"10388","SPATA2","SPATA2",-0.12641636343487,3.64487824563246,0.742932922294406,0.391121159884527,0.900088738069021,-0.407688687825672
"4784","IL12RB1","IL12RB1",-0.0583985104469375,5.65390373587912,0.742475992413098,0.391266249706523,0.900088738069021,-0.40752761235584
"11554","TRMT2B","TRMT2B",-0.0573877102324882,5.86602601213107,0.742358864566404,0.391303454079319,0.900088738069021,-0.407486318516475
"273","AGMAT","AGMAT",-0.0825937320418387,4.25690590108192,0.741437997332781,0.391596135914894,0.900159219708095,-0.407161602259908
"6885","MYADM","MYADM",-0.108843422052449,5.96046234748632,0.740996377537051,0.391736609644161,0.900159219708095,-0.407005839676324
"2778","DNAJC14","DNAJC14",-0.0609821731475071,5.14260658131872,0.740959192116385,0.391748441191837,0.900159219708095,-0.406992722959259
"1579","CCDC88C","CCDC88C",-0.0675293334477634,6.81554171393217,0.740923719517934,0.391759728241109,0.900159219708095,-0.406980210254459
"11703","TUG1","TUG1",-0.0793635877565013,6.52282281336292,0.740474870044903,0.391902588643653,0.90032801177158,-0.406821867856572
"9855","SLC18A2","SLC18A2",-0.120837154060747,3.59107078369257,0.738585264906876,0.39250484314519,0.901073319788099,-0.406154980095151
"572","APOO","APOO",-0.0892006957558687,3.68195237399475,0.736692821429208,0.393109347941136,0.902300658303829,-0.405486628754364
"726","ARSD","ARSD",-0.176244677410555,2.27644773039144,0.840509426566787,0.39329864365512,0.902300658303829,-0.405277551312381
"5353","LCK","LCK",-0.0665196528376281,9.36746688260349,0.735726109601707,0.393418666782856,0.902300658303829,-0.40514503768445
"9044","RHOU","RHOU",-0.20706759594281,2.00594840481407,0.735473912550908,0.393499420382341,0.902300658303829,-0.405055903012505
"11021","THRB","THRB",-0.346779951911361,1.3615731331024,1.04004110998144,0.393713635449072,0.902300658303829,-0.404819544067417
"9776","SIGIRR","SIGIRR",-0.0552712915248069,7.13152944132688,0.734604189995388,0.393778090555995,0.902300658303829,-0.404748451263759
"6776","MSL3P1","MSL3P1",-0.192236126162739,2.14231381006606,0.734590008136546,0.393782636978006,0.902300658303829,-0.404743437082826
"9795","SIRPB1","SIRPB1",-0.231416182331197,2.22574915489636,0.733046076960223,0.394278046928395,0.902429270077994,-0.404197403406815
"2634","DEPTOR","DEPTOR",-0.294151944612273,1.52457501685836,0.858608527220346,0.394641053086859,0.902876317544793,-0.403797738643621
"1240","C19orf12","C19orf12",-0.0778401755572546,5.0874576390391,0.731788771408429,0.394682154998576,0.902876317544793,-0.403752509177953
"3037","EHD4","EHD4",-0.062652077073332,5.4983135177176,0.731143864789358,0.394889666805187,0.90299987924779,-0.403524230427046
"9145","RNF214","RNF214",-0.0862292524594962,5.9991711173879,0.730891203934548,0.394971008823996,0.90299987924779,-0.403434780752869
"12056","VPS37A","VPS37A",-0.0655547469748845,5.39161248124604,0.730419734835015,0.395122859478894,0.90299987924779,-0.403267843873712
"3869","GAREM2","FAM59B",-0.164736703118112,2.41462375199176,0.930246847071567,0.395123193492548,0.90299987924779,-0.403267476746825
"9729","SH2D2A","SH2D2A",-0.0900515865799392,5.15485842746329,0.728915937040036,0.39560777023062,0.903020350407649,-0.402735186905139
"1869","CEP57","CEP57",-0.0564152153483438,6.95341772132766,0.727860590378748,0.395948591992729,0.903020350407649,-0.402361197062325
"8726","RAB37","RAB37",-0.0885274959151381,6.31132978623857,0.727429171203272,0.396088040940782,0.903020350407649,-0.402208270021442
"1149","BTBD3","BTBD3",-0.317688243174075,1.49190713590739,1.01463098787779,0.396097544330394,0.903020350407649,-0.402197850064945
"7956","PIGB","PIGB",-0.0576233232747081,4.87633213774543,0.79184661615685,0.396299125466454,0.903020350407649,-0.401976886044595
"6472","MGAT4A","MGAT4A",-0.0570916247207383,8.38349472942767,0.726770609327865,0.396301047908063,0.903020350407649,-0.401974779293144
"5311","LACTB2","LACTB2",-0.111167298862088,3.37508507544528,0.726064964221989,0.39652946886606,0.903020350407649,-0.401724531699857
"4872","INTS1","INTS1",-0.0716880082253604,4.86244255127248,0.726022220822805,0.396543311286893,0.903020350407649,-0.401709371207314
"10326","SNX27","SNX27",-0.0698280088235483,5.51577663168339,0.72564437430978,0.39666570726029,0.903020350407649,-0.401575343744104
"12635","ZNF420","ZNF420",-0.0933388505472703,4.60946012734883,0.724259134414466,0.397114899972349,0.903020350407649,-0.401083817659429
"7733","PCNX4","C14orf135",-0.0829935313421436,4.69216377629477,0.723792105641692,0.397266510935627,0.903020350407649,-0.400918043877105
"4357","HACD4","PTPLAD2",-0.0759034941203248,5.99726401450471,0.723693542399791,0.397298518186663,0.903020350407649,-0.400883054739642
"3344","F2R","F2R",-0.109178818109912,4.65795221088914,0.72325669142844,0.397440425691252,0.903020350407649,-0.400727960674319
"6333","MCM4","MCM4",-0.0913078016697167,4.5807732755046,0.723194456942988,0.397460648078604,0.903020350407649,-0.400705863657395
"5590","LOC100134868","LOC100134868",-0.221164913473201,1.87696784160815,0.955209564131606,0.397543012808898,0.903020350407649,-0.400615875271786
"3683","FLJ22447","FLJ22447",-0.231877377926547,1.79527178935181,1.39710376384153,0.39758375125537,0.903020350407649,-0.400571372977764
"10224","SNORD17","SNORD17",-0.275006397770186,1.56319595446383,1.84762161805243,0.398388562964737,0.903428061283878,-0.399693137900449
"8958","RELL2","RELL2",-0.105792819769369,3.22269108665943,0.832957917316315,0.398689838261159,0.903428061283878,-0.39936483342049
"177","ADAM19","ADAM19",-0.075570037802866,7.57564020980531,0.719312942515713,0.398724876643252,0.903428061283878,-0.399326667643704
"9461","SAP30L","SAP30L",-0.120764148584625,3.08005842734188,0.787468326520044,0.398939450621596,0.903428061283878,-0.399093014730273
"8102","PLEKHO1","PLEKHO1",-0.0807456823185885,4.28243485931327,0.718407306604249,0.399020691975036,0.903428061283878,-0.399004582564956
"1386","CALHM6","FAM26F",-0.250070415014033,3.10293040401923,0.718231074838937,0.399078293304464,0.903428061283878,-0.398941893750596
"9636","SEPTIN2 /// SEPTIN6","SEPT2",-0.0514150606721013,7.63593210911656,0.718041585650902,0.399140241387636,0.903428061283878,-0.398874484364393
"11801","UBE2S","UBE2S",-0.127714602095753,2.8934859313069,0.71719295820807,0.399417848523967,0.903428061283878,-0.398572531998434
"3065","EIF2S3","EIF2S3",-0.0699294273277141,8.82239713102054,0.716931917485442,0.399503298238719,0.903428061283878,-0.398479630865727
"11945","USP32P2","USP32P2",-0.259524914345288,1.73007326498023,0.939115825739222,0.399534578954706,0.903428061283878,-0.398445627365424
"3769","FRMD8","FRMD8",-0.0641683255231416,5.94604022472654,0.716599381152762,0.399612190247904,0.903428061283878,-0.398361272005997
"5538","LOC100130298","LOC100130298",-0.232465338096737,1.83720967095338,1.13322808932275,0.39971802949454,0.903428061283878,-0.398246262214259
"2091","CMAHP","CMAHP",-0.0866659677032906,4.8844522552372,0.715727231715665,0.39989798985377,0.903428061283878,-0.398050778906263
"1906","CFAP97","KIAA1430",-0.0933296773063202,6.44097763634002,0.714649047985632,0.40025171981186,0.903428061283878,-0.39766679331698
"11120","TMCO1","TMCO1",-0.055919303800652,6.77436462539081,0.714435110916842,0.400321962651439,0.903428061283878,-0.397590582773543
"11243","TMEM258","C11orf10",-0.0518797482449056,6.47471915279308,0.712298740412706,0.401024397799135,0.903428061283878,-0.39682920466857
"4328","H2BC3","HIST1H2BB",-0.177462570113537,2.23382059677221,0.782503221906441,0.401132408059479,0.903428061283878,-0.396712249330169
"4230","GSTM1","GSTM1",-0.389279362104131,3.49900090892358,0.711881408652009,0.401161826710941,0.903428061283878,-0.396680399773119
"5006","JCHAIN","IGJ",-0.391214403649272,1.57940614199969,0.711511530563234,0.401283686686896,0.903428061283878,-0.396548495202291
"6323","MCF2L","MCF2L",-0.21398794283495,2.0768784707088,0.711372809928819,0.401329403563566,0.903428061283878,-0.396499020336928
"8416","PRKACA","PRKACA",-0.139948458897974,2.63822706285793,1.23099871252766,0.401437245726798,0.903428061283878,-0.396382335726945
"4608","HS2ST1","HS2ST1",-0.113127363460614,4.53991251228709,0.710623547583183,0.401576463148884,0.903428061283878,-0.396231749608342
"8472","PRPS2","PRPS2",-0.0698071911908832,6.19608544901401,0.710275917696664,0.401691165401056,0.903428061283878,-0.396107719823627
"3477","FAM83D","FAM83D",-0.137765082762856,2.74074526017076,0.709705027548713,0.401879637850005,0.903428061283878,-0.395903997772654
"7110","NDUFS7","NDUFS7",-0.071464956431312,6.21202795024968,0.709540339691476,0.401934031667344,0.903428061283878,-0.395845220631503
"4179","GRAMD1B","GRAMD1B",-0.215956370028224,1.8867594812368,1.28517709278287,0.40225105350321,0.903463108915711,-0.395502809801881
"8891","RBM38","RBM38",-0.129051992988683,6.72610331455966,0.708062389110961,0.402422659707899,0.903491761290347,-0.395317572909802
"858","ATP6V0A2","ATP6V0A2",-0.0731760216993544,5.11175364008199,0.707874309167294,0.402484903738969,0.903491761290347,-0.39525040435404
"9361","RRP9","RRP9",-0.0739376374532263,4.18542051287377,0.707609297250074,0.402572631993183,0.903491761290347,-0.395155752990201
"10225","SNORD18C","SNORD18C",-0.177208509010865,2.22004815565137,1.03282392952604,0.403137632829108,0.903491761290347,-0.394546658638925
"7201","NHLRC4","NHLRC4",-0.197632061334281,2.02453236834945,0.842100598051666,0.40344005898577,0.903491761290347,-0.394220981352015
"3562","FBXO34","FBXO34",-0.058901564381608,6.4488622267777,0.703712869422845,0.403865737878345,0.903491761290347,-0.393762988824378
"4979","ITPKC","ITPKC",-0.239733171068887,1.73968751504286,1.09134654350011,0.40390029064413,0.903491761290347,-0.393725834314298
"11636","TTC19","TTC19",-0.0794089350413423,6.40103932465024,0.703490365242083,0.403939764571677,0.903491761290347,-0.39368339197979
"253","AFG3L1P","AFG3L1P",-0.0731763322638695,4.37960278567459,0.703451072157083,0.403952839376784,0.903491761290347,-0.393669334874471
"4686","ICE1","KIAA0947",-0.0673375661870805,5.69372448881947,0.703086069709115,0.404074324006228,0.903491761290347,-0.393538744946329
"2779","DNAJC15","DNAJC15",-0.0841066033766113,6.33784453582325,0.702009911654051,0.404432817500001,0.903491761290347,-0.393153611041248
"6886","MYB","MYB",-0.2194143933382,1.87145434751196,0.810277630565571,0.404718011853678,0.903491761290347,-0.392847467032721
"9228","RPL23AP53","RPL23AP53",-0.103715370123779,3.34077809275964,0.97164591854048,0.40471920730912,0.903491761290347,-0.392846184216241
"2652","DGKD","DGKD",-0.0592502828852179,5.74351497679961,0.700808172006264,0.404833699086267,0.903491761290347,-0.392723343208627
"5724","LOC100507300","LOC100507300",-0.276208382448597,1.54897253081228,1.62828715443308,0.404840638894688,0.903491761290347,-0.392715898436423
"5472","LIPE","LIPE",-0.13685380276418,2.70682713471937,1.05623253973917,0.405028023897032,0.903599063459363,-0.3925149269019
"1996","CIAO2B","FAM96B",-0.0579196342329717,6.02190104920807,0.699857363160068,0.405151289131574,0.903666846047221,-0.39238277489376
"309","AK2","AK2",-0.0726872621001544,6.73869902794878,0.699204995201789,0.405369406183244,0.903666846047221,-0.392149031240369
"135","ACP6","ACP6",-0.0970756523379267,3.85045527902043,0.69894557807968,0.405456189555124,0.903666846047221,-0.392056065404385
"1895","CES4A","CES4A",-0.0935197874902353,3.76292748927469,0.698740175402052,0.405524922797028,0.903666846047221,-0.391982449712727
"2918","DUSP4","DUSP4",-0.192753989252304,6.16045969337095,0.69817377949965,0.405714543116034,0.903666846047221,-0.391779424433112
"8514","PSKH1","PSKH1",-0.0908235225377683,5.18674686641927,0.698053039825026,0.405754981748637,0.903666846047221,-0.391736139320187
"11915","UROD","UROD",-0.0610911696932392,5.64533971139074,0.697639190244395,0.405893635105797,0.903769654398747,-0.391587758882526
"12098","WASHC1","WASH1",-0.129309760170874,2.78183237837692,1.22932406623407,0.406042172350535,0.903769654398747,-0.391428857388408
"8393","PRDX5","PRDX5",-0.060013149202668,6.40890315203312,0.696876124611987,0.406149470835173,0.903769654398747,-0.391314108263723
"6195","MANEA","MANEA",-0.0886040512499479,4.48950769544645,0.695091952641984,0.406748586495121,0.904136602895057,-0.390673947618972
"12838","ZNF738","ZNF738",-0.0834569183966384,4.02259767420627,0.923474875116155,0.406919136748598,0.904136602895057,-0.390491885499655
"4093","GOSR1","GOSR1",-0.0568282170918798,6.13739899199008,0.692859546659902,0.407500057697389,0.904226655298845,-0.389872325432824
"8925","RCC1","RCC1",-0.0896423309495404,3.98352698784761,0.69240770494511,0.407652406168395,0.904226655298845,-0.389709989909134
"12598","ZNF33B","ZNF33B",-0.0896760742127906,5.09777107536082,0.692158900192956,0.407736332190759,0.904226655298845,-0.389620588113856
"6280","MAST2","MAST2",-0.135860290866858,2.7451128897981,0.691197035562612,0.408061025870944,0.904226655298845,-0.389274882946596
"9986","SLC39A4","SLC39A4",-0.12122575830103,3.29355454665076,0.691100155158337,0.408093750700861,0.904226655298845,-0.389240055696987
"4216","GSE1","KIAA0182",-0.104501100885704,3.79516734132372,0.690933141946782,0.408150174522401,0.904226655298845,-0.389180013462982
"4465","HEXA-AS1","C15orf34",-0.260386789733228,1.60922051095722,1.08139486195674,0.408176111283852,0.904226655298845,-0.389152416183374
"5132","KHSRP","KHSRP",-0.0861602475282843,3.78364850709612,0.750022452944272,0.408179665760078,0.904226655298845,-0.38914863427981
"8558","PSME3IP1","FAM192A",-0.0572988259088482,5.6058254980153,0.690019393939123,0.40845908012745,0.904226655298845,-0.388851445043418
"880","ATP8B3","ATP8B3",-0.229184718202313,1.80938199353154,1.25165293890878,0.408637028614687,0.904226655298845,-0.388662282357499
"2818","DNTTIP1","DNTTIP1",-0.098518281953116,4.50615370609508,0.689004153926636,0.408802702792575,0.904226655298845,-0.388486241532784
"400","AMIGO1","AMIGO1",-0.165172748809931,2.44548418868654,0.688805035901178,0.408870147399794,0.904226655298845,-0.388414597180623
"6353","MCUB","CCDC109B",-0.044741893874676,8.6542234160148,0.68857749850326,0.408947238311752,0.904226655298845,-0.388332720325589
"2336","CSK","CSK",-0.079398417634579,6.39217530130006,0.687189665767042,0.409417910399501,0.904226655298845,-0.387833162607727
"4502","HK3","HK3",-0.34640062116562,1.30701939371792,0.889464061433763,0.4095622372199,0.904226655298845,-0.387680093348304
"1738","CDC45","CDC45",-0.30976529590351,1.41523877131795,0.899822514980566,0.409708362430741,0.904226655298845,-0.387525171705968
"4434","HEBP2","HEBP2",-0.103222759330784,5.57183884554631,0.686138888478692,0.409774807422311,0.904226655298845,-0.3874547451388
"12513","ZNF200","ZNF200",-0.0879111541796694,4.18460593160236,0.686017103906715,0.409816201453533,0.904226655298845,-0.387410876430715
"3804","FUT7","FUT7",-0.139085189076158,3.74323965822229,0.684937471882627,0.410183435033658,0.904226655298845,-0.387021882287344
"8276","PPBP","PPBP",-0.263853098369045,2.02672535199438,0.684855409265844,0.410211368356683,0.904226655298845,-0.386992308018941
"3758","FPGT","FPGT",-0.169033396983594,3.07594786753034,0.684476543111107,0.410340367363565,0.904226655298845,-0.386855757074295
"2256","CPNE5","CPNE5",-0.302208016947259,1.43415656063593,1.3316856951698,0.410500419136794,0.904226655298845,-0.386686395112862
"6575","MLLT1","MLLT1",-0.12090146751899,2.86463161453876,0.818348327777168,0.410568614805982,0.904226655298845,-0.386614252572682
"7812","PEBP1","PEBP1",-0.0334516498660284,8.32276923986919,0.683352041831685,0.410723600379922,0.904226655298845,-0.386450341655006
"6109","LY75","LY75",-0.106679860918284,4.40030183209545,0.683162245091182,0.410788336046493,0.904226655298845,-0.386381896288393
"11759","UBA6-AS1","LOC550112",-0.0912737457929385,3.66664001863313,0.682027526563836,0.411175681076972,0.904226655298845,-0.385972579534187
"7417","NUDT11","NUDT11",-0.265260083058054,1.6305887852217,0.681577056924417,0.41132960295193,0.904226655298845,-0.385810033656326
"12488","ZNF141","ZNF141",-0.0941404458611761,4.23150724350724,0.681505959326629,0.411353904259738,0.904226655298845,-0.385784376343898
"12886","ZNF815P","ZNF815",-0.071359339595541,5.28021482053349,0.68148788736877,0.41136008163304,0.904226655298845,-0.38577785451691
"4160","GPR75","GPR75",-0.196903583482538,2.01621894451755,0.989671507199391,0.411956935977889,0.904226655298845,-0.385148180677231
"9981","SLC39A10","SLC39A10",-0.0698915886571059,6.03332072021,0.679445565766469,0.412059079742179,0.904226655298845,-0.385040511717957
"1563","CCDC65","CCDC65",-0.0815966791867745,4.74747863908975,0.679117051237417,0.412171680998328,0.904226655298845,-0.384921850520548
"7567","OTUD1","OTUD1",-0.10978894998479,4.53721916033482,0.678827907248496,0.412270825555427,0.904226655298845,-0.384817397065216
"11302","TMPRSS13","TMPRSS13",-0.228514122744486,1.7844972522571,0.924810564127446,0.412357332100106,0.904226655298845,-0.384726278868992
"4643","HSPA2","HSPA2",-0.316604044872768,1.52581617806131,0.678467785408677,0.41239435735665,0.904226655298845,-0.384687285642729
"11961","USP49","USP49",-0.212779203085669,1.89963998898229,1.35419660088761,0.412421263650572,0.904226655298845,-0.384658951419454
"9932","SLC2A8","SLC2A8",-0.23152212252645,1.7574515866039,1.17950425062755,0.412462920505496,0.904226655298845,-0.384615087462332
"11222","TMEM219","TMEM219",-0.0431888755215749,6.9654908283156,0.677977997490669,0.412562456702201,0.904226655298845,-0.384510295482879
"3914","GCNT7","GCNT7",-0.193204971986692,2.0236928922442,1.06017842186712,0.412631269602842,0.904226655298845,-0.384437863853435
"1410","CANT1","CANT1",-0.0890432396382607,4.37935870974558,0.677458655619608,0.41274081071038,0.904226655298845,-0.384322587119562
"810","ATMIN","ATMIN",-0.0717240300978379,5.74140240721134,0.676515586066596,0.413064976418543,0.904226655298845,-0.38398162708343
"464","ANKRD35","ANKRD35",-0.310090334184021,1.41575439354585,1.09422975650416,0.413214753599662,0.904226655298845,-0.383824180636121
"1104","BPTF","BPTF",-0.0713233143669872,6.95122945627603,0.675837584543519,0.413298263558201,0.904226655298845,-0.383736419370301
"469","ANKRD37","ANKRD37",-0.149224325367118,2.44504510974027,0.986082047867681,0.413367142925223,0.904226655298845,-0.383664046850902
"11772","UBB","UBB",-0.0414264206449073,9.57969985251039,0.675562565517666,0.413392948254423,0.904226655298845,-0.383636935933966
"11912","URGCP","URGCP",-0.0836061176024343,4.47485031578595,0.675442708212157,0.413434223346515,0.904226655298845,-0.383593576099248
"5277","KRBA1","KRBA1",-0.12421155696447,2.87393216429766,0.927856877865761,0.413573288628736,0.904226655298845,-0.383447518694962
"6229","MAP3K9","MAP3K9",-0.161149186037012,2.63892527287008,0.674999991943276,0.413586734210711,0.904226655298845,-0.383433399680751
"3787","FTSJ3","FTSJ3",-0.0728405964260162,5.18125943298445,0.674686941083238,0.413694627422192,0.904226655298845,-0.383320119172282
"12621","ZNF396","ZNF396",-0.300662053646382,1.44574662200206,0.935632953158737,0.413884620316838,0.904226655298845,-0.383120711399743
"9979","SLC38A9","SLC38A9",-0.0986122725624212,3.91804279139152,0.673501393521638,0.414103608129928,0.904226655298845,-0.382890985425922
"8219","POLR2H","POLR2H",-0.0677844760861878,4.60936881823685,0.673428781466329,0.414128676861594,0.904226655298845,-0.382864695188191
"9859","SLC1A1","SLC1A1",-0.265267844333274,1.70935094086947,0.673199684419086,0.414207785635408,0.904226655298845,-0.382781742171881
"4028","GMPPA","GMPPA",-0.0806561636891999,4.60749950181967,0.67252045542792,0.414442460678892,0.904226655298845,-0.382535756414673
"12353","ZCCHC14","ZCCHC14",-0.119415395006922,3.23255007177549,0.671629905483417,0.414750448483484,0.904226655298845,-0.382213135686249
"12453","ZMAT2","ZMAT2",-0.0532527247751789,6.35568934477749,0.67162349117967,0.414752668046253,0.904226655298845,-0.382210811538591
"7277","NOD1","NOD1",-0.074230490592028,4.00675050720927,0.743912537345107,0.414777402113929,0.904226655298845,-0.382184912853308
"6642","MPI","MPI",-0.0790980388952115,5.76782107454186,0.670898242943715,0.415003742581461,0.904226655298845,-0.381947986721287
"5246","KLHL7-DT","KLHL7-AS1",-0.305294693231508,1.41292561459634,0.879497957772105,0.415039954967842,0.904226655298845,-0.381910092717301
"2530","DCDC2B","DCDC2B",-0.169362379464339,2.3016607627177,0.822317481995057,0.41510861392709,0.904226655298845,-0.381838254474557
"7556","OSGIN1","OSGIN1",-0.300350349094854,1.44693000645582,1.01209976954617,0.415168982388294,0.904226655298845,-0.381775100440907
"10670","SUFU","SUFU",-0.0908433368411276,3.56872926424236,0.670404062766509,0.415174953525189,0.904226655298845,-0.381768854277861
"10289","SNRNP35","SNRNP35",-0.0704407095594806,4.86083699433741,0.66986743916359,0.415360988783289,0.904226655298845,-0.381574295359294
"2216","CORO1A","CORO1A",-0.0664472556554509,9.90509162689143,0.669705823687989,0.415417041630525,0.904226655298845,-0.381515691396754
"10877","TC2N","TC2N",-0.0613090238996283,8.39992257667571,0.668259786444153,0.415919072343335,0.90465366103611,-0.380991164214168
"12520","ZNF212","ZNF212",-0.121900004554947,3.47079096133246,0.667951686677415,0.416026154754026,0.90465366103611,-0.380879365266798
"2565","DDOST","DDOST",-0.0491487637882301,7.86649645403052,0.667924484711123,0.416035610985723,0.90465366103611,-0.380869493910093
"6826","MTIF3","MTIF3",-0.0915856431469123,5.67479292185809,0.66684437218599,0.416411351150209,0.90465366103611,-0.380477440365375
"1294","C2orf15","C2orf15",-0.193068079030411,2.43079810608536,0.666700950007531,0.416461281817979,0.90465366103611,-0.380425368505505
"6274","MARK4","MARK4",-0.185113082231662,2.06411701641988,1.26658793208312,0.416670028609889,0.904830981110828,-0.380207737549608
"2643","DFFB","DFFB",-0.0871981849035648,3.89378228549622,0.665333866816824,0.41693766544622,0.904890701789137,-0.37992886966968
"11637","TTC21A","TTC21A",-0.129275148114494,2.71846875955075,0.761603657414574,0.417069579291396,0.904890701789137,-0.379791486077665
"9800","SIRT3","SIRT3",-0.0834915564870385,3.75020777423137,0.664914038498952,0.417084125701719,0.904890701789137,-0.379776339167214
"5066","KCNE3","KCNE3",-0.281292910563395,1.50759014566139,2.41920294535949,0.417185792600079,0.904890701789137,-0.379670490035657
"753","ASNS","ASNS",-0.069841216857075,5.19069161027809,0.66390992311528,0.417434731817726,0.904941196589085,-0.379411419167888
"2160","COG8","COG8",-0.0715184146079149,4.62118396924133,0.662837906353562,0.417809535000478,0.904941196589085,-0.379021653032493
"2838","DOT1L","DOT1L",-0.125889849504267,2.83957781515536,1.10184834221384,0.418346760763208,0.905894262624119,-0.378463589384402
"7236","NKRF","NKRF",-0.0892245688898596,4.34429928426245,0.661020698709563,0.418446029511146,0.905958000809094,-0.378360548655184
"10829","TAZ","TAZ",-0.0524832532811527,6.04556442467078,0.660375819312924,0.41867225474829,0.906006024283494,-0.37812581868596
"2147","COA5","COA5",-0.0726560887850019,5.0682550807937,0.65948680829428,0.418984423278046,0.906006024283494,-0.377802122642629
"10397","SPATA5L1","SPATA5L1",-0.0860912222166576,3.76952508452373,0.696541451962212,0.419046972687334,0.906006024283494,-0.377737292462086
"8645","PUS7","PUS7",-0.114884361668536,3.3642844289809,0.658951429610834,0.419172585639747,0.906006024283494,-0.377607128444903
"4305","H2AC12","HIST1H2AH",-0.285701200566958,1.46869970331461,1.34618357765024,0.419972877635258,0.906466465226331,-0.376778755968027
"5301","KYAT3","CCBL2",-0.0685674790766644,5.55225904470942,0.656030326356765,0.42020146817227,0.906466465226331,-0.376542434514546
"11422","TPK1","TPK1",-0.075646234504553,5.13827970207805,0.655587313482067,0.420357839728791,0.906466465226331,-0.376380848522294
"4894","IPO4","IPO4",-0.0758574844478564,4.58241331426247,0.654476050113461,0.420750471428879,0.906594086849845,-0.375975388747633
"2742","DMC1","DMC1",-0.284078487163497,1.47605828034212,1.49303025415051,0.420766437749396,0.906594086849845,-0.375958908781936
"10722","SYCE1L","SYCE1L",-0.21335198438677,1.87562188923926,2.39816708033867,0.42118344776902,0.906978183370518,-0.375528704637141
"12137","WDR45","WDR45",-0.0539789284507813,5.80002559157495,0.653194314821004,0.421204020820196,0.906978183370518,-0.37550749168482
"11347","TNIP3","TNIP3",-0.209212982615447,1.87819186704917,0.76731627203561,0.421278690751385,0.906978183370518,-0.37543050793496
"643","ARHGEF3","ARHGEF3",-0.0654621263140297,7.76607864439325,0.651891011222121,0.421665958428719,0.907385282243343,-0.375031458656262
"10251","SNORD46","SNORD46",-0.17617262639658,2.19475822733032,1.51673143460791,0.421693198693064,0.907385282243343,-0.375003403476225
"11908","UQCRQ","UQCRQ",-0.0491664155938065,6.82928542330912,0.651173101717266,0.421920737801448,0.907454565563481,-0.374769128110895
"4042","GNB1L","GNB1L",-0.106651872858176,3.17513139267942,0.649572462515423,0.422489626854535,0.908074694306703,-0.37418394956669
"436","ANKHD1","ANKHD1",-0.0985185163099765,3.9119235248913,0.649533263691427,0.422503573177774,0.908074694306703,-0.374169613803453
"11304","TMSB10","TMSB10",-0.0505982071088986,11.3288590861755,0.648535627031676,0.422858750759087,0.908386844266938,-0.373804677566366
"5418","LIN52","LIN52",-0.0811909982104119,3.74638337640269,0.648093904603922,0.423016156432788,0.908386844266938,-0.373643045117605
"3707","FLVCR1-DT","FLVCR1-AS1",-0.222487573008868,2.25893082859572,0.647748871815245,0.42313916882456,0.908386844266938,-0.37351677136683
"4372","HAT1","HAT1",-0.0622963620161044,6.45320301719737,0.647137961402486,0.423357105587562,0.908386844266938,-0.373293146671654
"8451","PROCA1","PROCA1",-0.199622392390886,1.98520794267715,1.4786983269964,0.42348978120444,0.908386844266938,-0.373157064719501
"545","APC","APC",-0.0651479616280739,5.60868988389581,0.645792011721524,0.423837860356678,0.908386844266938,-0.372800251472367
"12586","ZNF320","ZNF320",-0.12351672702353,3.33866949339908,0.645221519935375,0.424041881476649,0.908440045592851,-0.37259124719043
"11419","TPGS2","TPGS2",-0.073702847982949,5.75904742101163,0.64414705108835,0.424426540381362,0.908440045592851,-0.372197466474794
"12181","WHRN","DFNB31",-0.170065135469162,2.20306029100855,0.69749530503461,0.424574958885227,0.908440045592851,-0.372045623779691
"10401","SPATC1L","C21orf56",-0.219464306523165,2.70930278983047,0.643352014880562,0.424711502896308,0.908440045592851,-0.371905976408094
"5530","LOC100129716","LOC100129716",-0.141084038116533,2.53286704474427,1.32740622706247,0.424742911542541,0.908440045592851,-0.371873860260324
"2824","DOCK7","DOCK7",-0.10602394392765,3.6288091813337,0.642848597346545,0.424892091279262,0.908440045592851,-0.371721352567208
"2821","DOCK11","DOCK11",-0.0648463926741175,7.22353128821196,0.642619075041756,0.424974465257301,0.908440045592851,-0.371637163904996
"3656","FITM2","FITM2",-0.246587670103822,1.64501023237199,1.62017959643717,0.425111047669151,0.908440045592851,-0.371497608560504
"8629","PTRH1","PTRH1",-0.14439078446603,2.52421431610836,0.832789561684863,0.425189274355202,0.908440045592851,-0.371417699339479
"11008","THEMIS","THEMIS",-0.104756736143124,7.57478204479375,0.641507463718881,0.425373757661151,0.908440045592851,-0.371229306286836
"6625","MORN2","MORN2",-0.151719757513254,2.44751426738286,0.911796681479137,0.425491222183278,0.908440045592851,-0.371109394913558
"10305","SNTB1","SNTB1",-0.104674601014119,3.46485939825844,0.64098771166981,0.425560648555941,0.908440045592851,-0.371038537914944
"11412","TP73-AS1","TP73-AS1",-0.0725945460177823,4.09316333196405,0.64058158320937,0.425706769718426,0.908440045592851,-0.370889443485115
"11765","UBALD2","FAM100B",-0.119386370916781,3.8504830189587,0.640579506692083,0.425707517025196,0.908440045592851,-0.370888681103718
"6995","NARF","NARF",-0.0509571862578648,6.11819721516019,0.640414029118627,0.425767076269658,0.908440045592851,-0.370827924737146
"6653","MPST","MPST",-0.118811752832509,3.23907740867837,0.639867219268671,0.42596397586015,0.908440045592851,-0.370627128002193
"4416","HDDC2","HDDC2",-0.0586869655958951,5.75638833775146,0.639476348902006,0.426104808250404,0.908440045592851,-0.370483565107605
"12608","ZNF354B","ZNF354B",-0.113628241902814,3.10006739222129,0.724363284073101,0.426186359998215,0.908464615224588,-0.37040045389986
"11401","TP53","TP53",-0.103839046883251,5.41235734814769,0.638384710332865,0.426498505280548,0.908682067499515,-0.370082486535257
"12343","ZC3H4","ZC3H4",-0.079430491244614,5.11196456068816,0.637008510162152,0.426995616698814,0.909191931264815,-0.369576583179399
"8339","PPP1R9B","PPP1R9B",-0.121701104772543,2.83325951871821,0.734370548506972,0.427018148246089,0.909191931264815,-0.369553667092904
"4728","IFITM10","IFITM10",-0.310627291395481,1.39703904996566,1.20563555095618,0.427172435035694,0.909371184725641,-0.369396779617448
"6707","MRPL41","MRPL41",-0.0677605683778747,4.9446321041331,0.636277019847111,0.427260204361202,0.909408799208838,-0.369307556120768
"6945","NAA10","NAA10",-0.0611208679315893,5.85989453115669,0.635739245993987,0.427454881805198,0.909560177674457,-0.369109718636654
"5095","KCTD2","KCTD2",-0.107863416951347,3.17303474217182,0.77059566970034,0.427533439617619,0.909560177674457,-0.369029911173356
"5706","LOC100506930","LOC100506930",-0.164473163669894,2.32858992583572,0.995295696764019,0.427734288001788,0.909560177674457,-0.368825934468214
"8877","RBM15B","RBM15B",-0.066896555119187,5.10814745790426,0.634682263277408,0.427837909496534,0.909560177674457,-0.368720736464523
"11410","TP53TG1","TP53TG1",-0.0549565896493913,5.07425477005351,0.634673768848986,0.427840989808856,0.909560177674457,-0.368717609677957
"7805","PDZD11","PDZD11",-0.0751690650155261,4.82585121628108,0.634058886744907,0.428064052583255,0.909624530042337,-0.368491241262222
"6009","LRIG2","LRIG2",-0.066946431890331,4.56247858010603,0.633754096211439,0.428174688067505,0.909624530042337,-0.36837900999237
"2356","CSTF1","CSTF1",-0.0551162035796287,5.82861642541169,0.633558274318247,0.428245792152597,0.909624530042337,-0.368306895621964
"2140","CNTLN","CNTLN",-0.196535161797669,2.08948785387376,0.633483144180513,0.428273077121606,0.909624530042337,-0.368279226152186
"12544","ZNF251","ZNF251",-0.101515533901962,3.18410315434595,0.712305432071056,0.428589713963067,0.909941768233971,-0.367958256118935
"11834","UBTD2","UBTD2",-0.180074457881906,2.14532603459423,0.744125740520993,0.428651789659216,0.909941768233971,-0.367895358715505
"4399","HCG4B","HCG4B",-0.283128018505826,1.52647744901292,0.927149782030509,0.428744937181259,0.909941768233971,-0.367800995269229
"3485","FAM89B","FAM89B",-0.0951111099512195,4.71149477170876,0.631701021329599,0.428921066850065,0.909941768233971,-0.367622622466815
"10555","ST8SIA4","ST8SIA4",-0.0653714042415025,5.63673485572422,0.631502027762661,0.428993514725767,0.909941768233971,-0.367549273176819
"1610","CCNI","CCNI",-0.0510079635811086,9.01223397014685,0.63098412525756,0.429182155721883,0.910038559804544,-0.367358343166066
"6241","MAPK1","MAPK1",-0.0651432811677471,6.47803900660203,0.630633892868762,0.429309796192385,0.910038559804544,-0.367229201472212
"5537","LOC100130231","LOC100130231",-0.0873096972040623,7.58333357359491,0.630198663529209,0.429468494076465,0.910079545569079,-0.367068690623461
"1504","CCDC102A","CCDC102A",-0.196418120091865,1.9595784991369,0.630196084257757,0.429469434824166,0.910079545569079,-0.36706773930551
"9483","SBF1","SBF1",-0.073659832175924,5.31024591613215,0.629673702194029,0.429660030080719,0.910186082664462,-0.366875045484759
"2998","EEF1AKMT3","METTL21B",-0.154550915277647,2.96059988317891,0.627896142324867,0.430309554939872,0.910669797101951,-0.366219010385978
"520","AP2A2","AP2A2",-0.0815099065134064,4.04334133102406,0.627120896063444,0.430593301554409,0.910764517744118,-0.365932730482306
"6439","METTL4","METTL4",-0.0760733239735762,4.87441400525593,0.626969670825467,0.430648684574856,0.910764517744118,-0.365876875007093
"6542","MIR3939","MIR3939",-0.257928603534116,1.56073432266322,0.842368474862553,0.430892710857628,0.910764517744118,-0.365630852537497
"6523","MINDY2","FAM63B",-0.0662383524909662,5.26852245230424,0.626132809784999,0.430955364003452,0.910764517744118,-0.365567709354036
"2755","DNAH17","DNAH17",-0.201600251781502,1.93815563268171,0.933849421456665,0.431059051898204,0.910764517744118,-0.365463230635544
"1603","CCNDBP1","CCNDBP1",-0.0405428616323321,7.52971216300545,0.625638970443865,0.431136494999193,0.910764517744118,-0.365385213272469
"8170","PNPT1","PNPT1",-0.0673464176704229,5.99949411851324,0.62541517935734,0.431218615698961,0.910764517744118,-0.365302498932577
"3879","GATAD1","GATAD1",-0.0853916635374114,3.96117986712981,0.625092197228182,0.431337176984495,0.910764517744118,-0.365183108365993
"12073","VRK3","VRK3",-0.0615747741150728,5.92357875182889,0.623813991009614,0.431806874470252,0.911223592970379,-0.364710447873185
"3667","FKBP7","FKBP7",-0.245237147136061,1.62376818566429,1.00644140454056,0.431851423402987,0.911223592970379,-0.364665644608453
"12868","ZNF785","ZNF785",-0.0895811030371889,3.50044350260125,0.705659791410317,0.431976034592448,0.911223592970379,-0.364540346548427
"9150","RNF222","RNF222",-0.287514559837952,1.43525236021802,1.68102171062848,0.43212628288438,0.911324135509217,-0.364389318126354
"1787","CDKN1B","CDKN1B",-0.0919941460738838,7.67849812340203,0.621761508218198,0.432562732187303,0.911501542280671,-0.36395090029825
"986","BCAT1","BCAT1",-0.185242722914654,2.5413496682646,0.621583144662103,0.432628512957385,0.911501542280671,-0.363884861198392
"12516","ZNF205-AS1","MGC3771",-0.250478520073125,1.59241472919773,1.53849558450934,0.432809483686182,0.911501542280671,-0.363703231571884
"9873","SLC25A1","SLC25A1",-0.06624341708861,5.59101201936612,0.621090139143266,0.432810413971243,0.911501542280671,-0.363702298095956
"8147","PMS2CL","PMS2CL",-0.201471111124314,1.88559827925148,1.61616359929408,0.43310959330752,0.911983566625297,-0.36340219661101
"1441","CARMIL2","RLTPR",-0.0953409971769078,3.32841411886232,0.620036876193855,0.433199422549795,0.912024684962429,-0.363312130956239
"3497","FANCD2","FANCD2",-0.0653570446111546,4.89181792856975,0.618931625245247,0.433608209141086,0.912260767582922,-0.362902504258124
"6443","METTL8","METTL8",-0.0746003012915949,5.14837331247327,0.618749008559206,0.433675808474962,0.912260767582922,-0.362834803211763
"10511","SRSF6","SRSF6",-0.0842875776444175,8.81773758595333,0.618596183553214,0.433732392237267,0.912260767582922,-0.362778142424491
"11950","USP37","USP37",-0.0702515573667272,4.86001891684689,0.618104231246922,0.433914615538711,0.912260767582922,-0.362595721290676
"8140","PML","PML",-0.0702016340460929,5.33059026220064,0.617907496345817,0.433987520716022,0.912260767582922,-0.362522758418573
"12681","ZNF501","ZNF501",-0.178674961307754,2.06110620453001,0.737127899234333,0.434057403948721,0.912260767582922,-0.362452831387053
"8658","PXMP2","PXMP2",-0.11825662824458,2.93219902675355,0.706193803120392,0.434150465041007,0.912260767582922,-0.362359729445782
"11631","TTC12","TTC12",-0.101272490596754,4.16481149376881,0.617420869999862,0.434167933454726,0.912260767582922,-0.362342255588957
"6496","MICAL2","MICAL2",-0.11210892654473,2.98570931830559,0.766861894165663,0.434526118490803,0.912417158526448,-0.361984113863143
"4509","HLA-DOA","HLA-DOA",-0.186803641919777,2.60319135457001,0.616043650497815,0.434679151260557,0.912417158526448,-0.361831189598981
"5251","KLRA1P","KLRAP1",-0.194752546962697,2.03414436135196,0.615704505502306,0.43480518234444,0.912417158526448,-0.361705288297379
"10960","TFAP4","TFAP4",-0.188792465077324,2.02189150398145,0.885788851756032,0.434862814396749,0.912417158526448,-0.361647727751448
"12288","ZBED5","ZBED5",-0.0814070536270195,6.13498281940494,0.614957349973632,0.435083034234276,0.912475509768366,-0.361427851393771
"10710","SUZ12P1","SUZ12P",-0.207570387960907,1.85727408397747,1.43877124961963,0.435357909722094,0.912581496463249,-0.361153560731396
"10965","TFDP2","TFDP2",-0.0483950775819038,5.20139120319333,0.624685805267853,0.435607147838429,0.912581496463249,-0.360905002558783
"5969","LOC90784","LOC90784",-0.134924362765397,2.62806327866008,1.06038807041693,0.435716396285108,0.912581496463249,-0.360796096979178
"3749","FOXO3","FOXO3",-0.0856673750914944,4.19689292030478,0.612805694075276,0.43588471896522,0.912581496463249,-0.360628356000464
"5670","LOC100506023","LOC100506023",-0.104319321185101,3.17249102394549,0.905231270095913,0.435942813840761,0.912581496463249,-0.360570476929288
"3739","FOXD2-AS1","MGC12982",-0.161968890823708,2.24549933290625,0.734545090616261,0.436184312991251,0.912703042524212,-0.360329957518996
"10015","SLC4A8","SLC4A8",-0.284919258491365,1.49332451529513,0.783567815520967,0.436515070346241,0.912793719388625,-0.360000758017445
"3764","FRG1BP","FRG1B",-0.087240668146004,4.89226262298272,0.610513957358217,0.436741100802817,0.9129519695871,-0.359775935598851
"6092","LTB4R2","LTB4R2",-0.22240776345553,1.76488731440466,1.4625755303413,0.437135802555117,0.9129519695871,-0.359383622210045
"8818","RAPGEF1","RAPGEF1",-0.0658010178123659,5.7360976641859,0.608604073641833,0.43745677424056,0.9129519695871,-0.35906485381024
"12265","YPEL1","YPEL1",-0.0891491438924142,3.62237414483168,0.608557054202349,0.437474416226988,0.9129519695871,-0.359047339707553
"12019","VDAC3","VDAC3",-0.0413897736617357,7.21349697805503,0.608527129294461,0.437485644810614,0.9129519695871,-0.359036192885828
"10986","TGM1","TGM1",-0.276154771573742,1.48333773155099,1.26756149583462,0.437510398128652,0.9129519695871,-0.359011620821709
"9760","SHKBP1","SHKBP1",-0.0579105088254759,6.89393387376296,0.607596773852775,0.437834959811484,0.913482298751107,-0.358689564268665
"6320","MCCC2","MCCC2",-0.0591659866016264,5.46370252822811,0.607221065688341,0.43797614680962,0.913629932876862,-0.358549541530258
"4329","H2BC4","HIST1H2BC",-0.130283453113936,2.67483822081972,0.6108660129875,0.43817695983422,0.913696413055363,-0.358350462192768
"11225","TMEM223","TMEM223",-0.075078024509583,4.60740649728311,0.606459392138209,0.438262591266294,0.913696413055363,-0.358265597792254
"6644","MPLKIP","C7orf11",-0.0725233073276961,4.95319094057505,0.605926728352921,0.438463083508667,0.913696413055363,-0.358066966273753
"8525","PSMB10","PSMB10",-0.0657134863865223,7.66183281401836,0.605577538098225,0.438594594088837,0.913696413055363,-0.357936725535506
"3550","FBXO15","FBXO15",-0.286075019507819,1.50964586298146,0.71541471262214,0.438638120387681,0.913696413055363,-0.357893628119941
"4217","GSEC","FLJ39051",-0.299572006382491,1.41082800238624,1.3158630810152,0.438895433125563,0.913696413055363,-0.3576389381313
"2726","DLG4","DLG4",-0.231001155461434,1.70529611566351,0.915117938395774,0.439378830342047,0.913696413055363,-0.357160871601019
"8670","PYM1","WIBG",-0.0754582254849545,5.06496171531189,0.603009088886831,0.439563790361822,0.913696413055363,-0.356978090347148
"8735","RAB40C","RAB40C",-0.132261868576369,2.96484531958161,0.602950491776903,0.439585940458434,0.913696413055363,-0.356956206328084
"6618","MORC2","MORC2",-0.0834269176958256,4.31266445405668,0.602381533173838,0.439801100486341,0.913696413055363,-0.356743688266389
"7915","PHF6","PHF6",-0.0868190322935728,5.29093098882385,0.602200046088439,0.43986976679868,0.913696413055363,-0.356675886997276
"4815","IL4I1","IL4I1",-0.202093085511835,2.09899044634468,0.601501681548378,0.44013415059774,0.913696413055363,-0.356414932639639
"6118","LYN","LYN",-0.218736920443665,2.06221957122051,0.601283188580248,0.440216917283846,0.913696413055363,-0.356333271773926
"11378","TOMM5","TOMM5",-0.047861097988889,6.57930487468546,0.601175608870707,0.44025767810362,0.913696413055363,-0.356293061189292
"10935","TENT5C","FAM46C",-0.136167751039191,7.65691139431959,0.600800430872458,0.440399874884551,0.913696413055363,-0.356152813081205
"1529","CCDC146","CCDC146",-0.119036798427061,3.15291933665678,0.600246676241832,0.440609884408616,0.913696413055363,-0.355945764343744
"1623","CCR1","CCR1",-0.303066226897279,1.39409899586948,0.698523352548359,0.440620357612117,0.913696413055363,-0.355935441378708
"4797","IL18R1","IL18R1",-0.104971246500355,4.28403861770952,0.599586638502273,0.440860404379499,0.913696413055363,-0.355698905328133
"9547","SDC4","SDC4",-0.12922894533624,2.65344930153589,0.657793170127189,0.440910808692746,0.913696413055363,-0.355649254546147
"7959","PIGG","PIGG",-0.0486920684620033,5.10226634693784,0.598601003883024,0.441234917560966,0.913696413055363,-0.355330126549154
"11886","UNK","UNK",-0.0626756548406588,4.91568718686416,0.598595273086414,0.44123709654462,0.913696413055363,-0.355327981845273
"3979","GIPC1","GIPC1",-0.124275791096326,3.8721311156917,0.598342952966023,0.441333051149519,0.913696413055363,-0.355233547299318
"11206","TMEM191A","TMEM191A",-0.142413537195466,2.50057788370252,1.32977519288645,0.441370845603769,0.913696413055363,-0.355196357199676
"1372","CACNA2D2","CACNA2D2",-0.0884232455518511,3.42919312508856,0.642580956770487,0.441444187695266,0.913696413055363,-0.355124196974713
"2102","CMTM4","CMTM4",-0.274971346768693,1.49920493540436,0.846302074696833,0.441793702150012,0.913696413055363,-0.35478047936769
"94","ACAD9","ACAD9",-0.0936351884689592,4.53211691508538,0.596578908443128,0.442004804301665,0.913696413055363,-0.354573010129724
"7673","PARS2","PARS2",-0.278901492201352,1.44922000874883,0.908870620995159,0.442126323556843,0.913696413055363,-0.354453627063937
"4455","HERC2P9","HERC2P9",-0.131081631470106,2.64484609392194,0.669313003147522,0.442464211929255,0.913696413055363,-0.354121850819702
"6201","MAP1A","MAP1A",-0.182440481718345,2.34467341287976,0.595339795567126,0.442477612467518,0.913696413055363,-0.354108697910297
"10698","SURF1","SURF1",-0.0846483545673125,6.04260210976158,0.594738415253205,0.442707364608152,0.913696413055363,-0.353883253304463
"4516","HLA-DQB2","HLA-DQB2",-0.256141018483606,1.7291902608146,0.594693711363414,0.442724450751569,0.913696413055363,-0.353866492176898
"7509","OGFRL1","OGFRL1",-0.12057419380341,2.77454921013539,0.63923158783122,0.442874940638252,0.913696413055363,-0.353718892870409
"1516","CCDC125","CCDC125",-0.0903698676773698,3.420369052794,0.759859535261226,0.442878139324651,0.913696413055363,-0.353715756168129
"10786","TAF9B","TAF9B",-0.0571064147679182,6.38513686319048,0.594126560364108,0.442941308991045,0.913696413055363,-0.353653815244079
"7071","NDUFA11","NDUFA11",-0.0506235148699799,6.7327497765342,0.593796573277387,0.44306756031819,0.913696413055363,-0.35353004615557
"11084","TLK1","TLK1",-0.0691749788851692,8.27079689527236,0.593658976741709,0.443120220577816,0.913696413055363,-0.353478431676808
"8946","RECQL","RECQL",-0.0860821644040571,6.43177342398825,0.593614215628437,0.443137353427984,0.913696413055363,-0.353461640390603
"7334","NQO1","NQO1",-0.126407682271306,2.99942549993048,0.593331656912186,0.443245529953791,0.913696413055363,-0.353355635481566
"9960","SLC35E4","SLC35E4",-0.149840293309395,2.33609643237862,0.806751096836183,0.443394515534943,0.913696413055363,-0.35320968309262
"473","ANKRD44","ANKRD44",-0.0621036734143741,9.0520189695826,0.591634380648899,0.443896192033721,0.913696413055363,-0.352718580556601
"7313","NPAS2","NPAS2",-0.243731074008963,1.63012607776814,0.621206873237569,0.443932697413759,0.913696413055363,-0.352682866275826
"2179","COMMD4","COMMD4",-0.0786523637688066,4.67854177366995,0.59119071325962,0.444066520228231,0.913696413055363,-0.352551968614739
"1170","BUB3","BUB3",-0.0406400190683053,8.18100757149768,0.59112272595214,0.444092630213799,0.913696413055363,-0.35252643395093
"12831","ZNF718","ZNF718",-0.184394716828229,2.538529499887,0.590826901517071,0.444206267107715,0.913696413055363,-0.352415318477554
"667","ARL13B","ARL13B",-0.0939372802973029,3.39186225506783,0.590158690605887,0.444463118097072,0.913696413055363,-0.352164271300027
"8373","PPTC7","PPTC7",-0.076505352303108,4.91017512195535,0.58962325440563,0.444669099556341,0.913696413055363,-0.351963049004941
"11690","TUBB4A","TUBB4A",-0.22692949686758,1.74004737652603,0.85638914618914,0.444962122813502,0.913696413055363,-0.35167695655437
"4933","IRS1","IRS1",-0.339410804384326,1.85600135235613,0.588048700276043,0.445275692017345,0.913696413055363,-0.351371012730625
"2997","EEF1AKMT2","METTL10",-0.0558949568108781,5.35958731677017,0.587977048704342,0.445303326308137,0.913696413055363,-0.351344060781929
"11668","TTL","TTL",-0.0933800991063776,3.38016855291826,0.58752874531025,0.445476286990953,0.913696413055363,-0.351175408805715
"6817","MTG2","GTPBP5",-0.0727195590743765,3.97794937078281,0.587235735526748,0.445589390305685,0.913696413055363,-0.35106515846842
"1219","C16orf46","C16orf46",-0.26575079117299,1.49258223497467,1.25513246019752,0.445687177425753,0.913696413055363,-0.350969860536543
"10914","TDG","TDG",-0.0665783890605348,5.70575969629994,0.586602340223121,0.445834037612607,0.913696413055363,-0.350826777975494
"8549","PSMD4","PSMD4",-0.0558864390083391,6.75994984357021,0.586435651245748,0.445898455696205,0.913696413055363,-0.350764031762924
"1891","CERT1","COL4A3BP",-0.0594573296793009,5.80115975742488,0.585797987223658,0.446145019631648,0.913696413055363,-0.350523950730356
"10568","STAMBPL1","STAMBPL1",-0.0644390305869404,5.06433655222182,0.585188642566563,0.446380832665868,0.913696413055363,-0.350294462023353
"3270","ESR1","ESR1",-0.141896457235094,3.10140835930494,0.585089622321296,0.446419171371987,0.913696413055363,-0.350257162990096
"4148","GPR183","GPR183",-0.0717462732535019,9.93302529650994,0.584930973650458,0.446480607780487,0.913696413055363,-0.350197399299109
"283","AGPAT5","AGPAT5",-0.0599312837824834,4.92593095290927,0.584823753982699,0.446522135892892,0.913696413055363,-0.350157006522711
"1020","BDH2","BDH2",-0.0628240667799083,4.81187721232916,0.58461995917743,0.446601085962717,0.913696413055363,-0.350080225225526
"6874","MVB12B","FAM125B",-0.11879117549948,3.30213671372957,0.584609549104285,0.446605119409526,0.913696413055363,-0.350076302942671
"2174","COLQ","COLQ",-0.140838324730535,3.02016319219104,0.584482704949776,0.446654270536239,0.913696413055363,-0.350028509293094
"3367","FAM102A","FAM102A",-0.0568330492002902,7.73551583900261,0.584036271966244,0.446827327210343,0.913696413055363,-0.349860274021659
"6464","MFSD4B","KIAA1919",-0.0879388497725685,3.384564111224,0.625989358954404,0.446909987748101,0.913696413055363,-0.349779939420158
"10419","SPG21","SPG21",-0.055522570745244,6.82356251704554,0.58309019732528,0.44719441366938,0.913696413055363,-0.349503630273055
"4366","HAR1A","HAR1A",-0.142349537894575,2.56657718590036,0.582769226169338,0.447319061010122,0.913696413055363,-0.34938259542193
"2614","DEK","DEK",-0.0428111504520986,7.6406181407247,0.582438519040445,0.447447546201899,0.913696413055363,-0.349257869242547
"7427","NUDT19","NUDT19",-0.0738630494806886,5.71306552460868,0.582275733375555,0.447510812365221,0.913696413055363,-0.349196467177513
"7843","PEX3","PEX3",-0.0630228568698227,5.15135033625899,0.581883223820647,0.447663417699951,0.913696413055363,-0.349048393979696
"3008","EEFSEC","EEFSEC",-0.0664212077509735,4.75234440112661,0.58177628080856,0.447705010633926,0.913696413055363,-0.349008045043654
"9959","SLC35E3","SLC35E3",-0.0608511156876865,4.31094585825312,0.659790824192513,0.447712678531587,0.913696413055363,-0.349000606893431
"5578","LOC100132774","LOC100132774",-0.174207151285498,2.11436081587175,1.14199106377424,0.447801342672104,0.913696413055363,-0.348914608581438
"1089","BOD1","BOD1",-0.0934971383490475,4.17730005046271,0.58045988287839,0.448217488947882,0.913696413055363,-0.348511201782715
"4909","IQGAP1","IQGAP1",-0.0567909014556392,7.9686975135792,0.580166972626989,0.448331645076804,0.913696413055363,-0.348400605775753
"1216","C15orf41","C15orf41",-0.0971828540116576,3.46077349214608,0.580166654964592,0.448331768904366,0.913696413055363,-0.34840048582522
"1850","CEP120","CEP120",-0.067773846301015,5.62595791148414,0.579478162052365,0.448600275595012,0.913696413055363,-0.348140463946639
"247","AFDN","MLLT4",-0.118449386920816,3.27332168672179,0.578934242840722,0.44881257822763,0.913696413055363,-0.34793498023161
"10910","TCTEX1D4","TCTEX1D4",-0.227022663942653,1.66619012064466,1.51494462417468,0.448863741502472,0.913696413055363,-0.347885474797466
"3373","FAM110A","FAM110A",-0.0994290386550208,3.78806220887826,0.57875716116505,0.448881730816851,0.913696413055363,-0.347868069730641
"4709","IER3IP1","IER3IP1",-0.0524179791528634,6.41680002004868,0.57855631601447,0.448960183590976,0.913696413055363,-0.347792173057892
"11618","TSPYL5","TSPYL5",-0.171806577747188,2.40432455423203,0.57830752315723,0.449057395238322,0.913696413055363,-0.347698147098536
"11532","TRIO","TRIO",-0.291046510511546,1.46890319517891,1.14656240211934,0.449064151287889,0.913696413055363,-0.347691613205528
"4352","H6PD","H6PD",-0.0810894282480705,5.09346154495083,0.578169033990881,0.44911152188889,0.913696413055363,-0.347645803034416
"2187","COP1","RFWD2",-0.0728934887522523,6.35104937505357,0.578055484622968,0.449155908797644,0.913696413055363,-0.347602882654811
"7827","PERP","PERP",-0.0823726276041053,4.3808364150253,0.577901072941742,0.449216280010076,0.913696413055363,-0.347544512894947
"8237","POLR3K","POLR3K",-0.0745336746669677,4.44791835412236,0.577862453791209,0.449231381151889,0.913696413055363,-0.347529913619232
"10488","SRP14","SRP14",-0.0391295553908157,9.33954497296345,0.577293800014755,0.44945383268221,0.913696413055363,-0.347314911808597
"5000","JAKMIP1","JAKMIP1",-0.109763367023735,4.57066467045574,0.577223955510786,0.449481167073638,0.913696413055363,-0.347288500165107
"3242","ERGIC3","ERGIC3",-0.0437678291368843,7.24851141672948,0.577008837116324,0.449565372371548,0.913696413055363,-0.347207147543787
"12474","ZNF117","ZNF117",-0.121892409288996,2.72215713157372,0.613794826535207,0.449626384308403,0.913696413055363,-0.347148212066787
"7804","PDXP","PDXP",-0.161212297373443,2.2786237788508,0.576323815147723,0.449833680613832,0.913696413055363,-0.346948030543068
"11534","TRIP10","TRIP10",-0.211559635029764,1.7945431676145,1.12639918641607,0.449919059105791,0.913696413055363,-0.346865609214617
"7806","PDZD2","PDZD2",-0.194757533722232,1.95719130545143,0.857454044463321,0.450289159145112,0.913696413055363,-0.346508508689146
"12971","ZYX","ZYX",-0.0569155410094813,7.30726249005425,0.575099143313551,0.450313986066602,0.913696413055363,-0.346484564302396
"566","APOL2","APOL2",-0.0693793340230382,5.63550003526039,0.574977343120593,0.45036179914006,0.913696413055363,-0.346438454582726
"43","ABCD4","ABCD4",-0.0492940765263061,5.1324816588944,0.574743652942475,0.450453557377865,0.913696413055363,-0.34634997896739
"9813","SKIL","SKIL",-0.178474587792265,4.73218075195615,0.574511690887991,0.450544666177072,0.913696413055363,-0.346262147387152
"2167","COL6A1","COL6A1",-0.201717917970451,1.9291083422454,0.573668920150268,0.450875929449346,0.913897674278922,-0.345942949404811
"8155","PNKP","PNKP",-0.0712663363831153,4.63035882194379,0.572862629583297,0.451193212915334,0.913897674278922,-0.345637441860681
"233","ADPRHL2","ADPRHL2",-0.0684940427763488,5.11897458202279,0.571666896921579,0.45166439410838,0.914264078791897,-0.345184144664972
"7075","NDUFA3","NDUFA3",-0.0600977997848079,6.32859685455448,0.570460705101134,0.452140483494587,0.914264078791897,-0.344726605615183
"12957","ZSWIM4","ZSWIM4",-0.271894741024976,1.45665862087748,1.58788161804108,0.452159289398591,0.914264078791897,-0.344708542356556
"2072","CLNS1A","CLNS1A",-0.0517956449745779,6.58028537213814,0.570226184951557,0.452233141614495,0.914264078791897,-0.34463761383302
"10897","TCF7","TCF7",-0.0650939191400981,8.94461148061302,0.569939829907818,0.45234632017696,0.914348521604191,-0.344528938304819
"672","ARL2","ARL2",-0.0863228884224326,3.87512880627098,0.569540210176156,0.452504340082885,0.914525440706537,-0.344377251011245
"7499","ODF2L","ODF2L",-0.0611942737100801,6.6778242588355,0.568646517614858,0.452858044740788,0.914955211715036,-0.344037912882025
"11667","TTK","TTK",-0.235903241763618,1.84643358683391,0.567967951673044,0.453126898676167,0.915076321017838,-0.343780156315873
"7128","NEFH","NEFH",-0.199156934950499,1.84647786588251,0.735392770459269,0.453200135862145,0.915076321017838,-0.343709968614088
"12857","ZNF772","ZNF772",-0.139501406832599,2.45146411481982,0.683594848600589,0.453291587707081,0.915094733120541,-0.343622340606644
"4710","IER5","IER5",-0.11660991081045,3.67998593590407,0.567404509187629,0.453350331439584,0.915094733120541,-0.343566062425878
"3352","FAAP100","C17orf70",-0.0683539211369907,4.75707691816881,0.565909096791144,0.453944181965382,0.915495865548767,-0.342997545721658
"4097","GP1BA","GP1BA",-0.263037064344103,1.48770242906498,1.51681334072514,0.454035967035251,0.915495865548767,-0.342909742591722
"3183","ENTR1","SDCCAG3",-0.108480473893978,3.04375061759141,0.606676429974192,0.454236425109024,0.915495865548767,-0.342718042750443
"7412","NUDCD1","NUDCD1",-0.103113183010603,4.69471587014328,0.565110910096829,0.454261657843428,0.915495865548767,-0.34269391845668
"6997","NARS2","NARS2",-0.0790481786354272,4.33676661278673,0.564992833052716,0.454308652410305,0.915495865548767,-0.342648991870676
"10825","TATDN1","TATDN1",-0.0908007296180793,5.4187100522323,0.564990740418378,0.45430948534649,0.915495865548767,-0.342648195629496
"8750","RABAC1","RABAC1",-0.0438829866407645,6.54528612541396,0.56477655311585,0.454394751618049,0.915495865548767,-0.342566693486482
"8055","PLBD2","PLBD2",-0.0631650738014783,5.0847956965477,0.564767600536179,0.454398316121055,0.915495865548767,-0.342563286673554
"10334","SNX5","SNX5",-0.0421703550872274,6.42346601481373,0.564013791479527,0.454698606968418,0.915765903377753,-0.342276376313598
"3852","GALNT11","GALNT11",-0.0568124390913576,5.32966290396775,0.563817109710028,0.454777009748355,0.915765903377753,-0.342201498231875
"9913","SLC26A11","SLC26A11",-0.0668452088112349,4.30844043408189,0.563389754952052,0.454947439019001,0.915765903377753,-0.342038775348561
"3912","GCNT2","GCNT2",-0.128264160141062,2.76370815223191,0.56330963464962,0.454979402301263,0.915765903377753,-0.342008264154726
"2192","COPG1","COPG1",-0.0442167464066749,6.5552495105244,0.563277713695614,0.454992137873774,0.915765903377753,-0.341996107755056
"9606","SELENOO","SELO",-0.11305003067776,3.67995000519827,0.563082818671333,0.455069907826976,0.915765903377753,-0.341921881911278
"9072","RIPK3","RIPK3",-0.0821628133912709,4.48759834631862,0.562683443126919,0.455229338546784,0.915765903377753,-0.341769756370491
"11866","UHRF1","UHRF1",-0.236229417822792,1.60627425303683,0.767456227969081,0.455419831888606,0.91583925815242,-0.341588061353167
"808","ATL3","ATL3",-0.0580175910166377,4.61988477834723,0.668433153644254,0.455484074123134,0.91583925815242,-0.341526803414052
"748","ASF1A","ASF1A",-0.0631887228112217,6.61898704348434,0.561463196021036,0.455717010500045,0.916165624859304,-0.341304760251378
"509","AOAH","AOAH",-0.165697571779047,3.71488164200124,0.55996520596587,0.456316817188995,0.91718752202851,-0.340733525358841
"11965","USP54","USP54",-0.0751610770219919,3.65783210709442,0.57489206159893,0.456456655273473,0.91718752202851,-0.34060045639758
"8313","PPP1R10","PPP1R10",-0.067495917026001,5.15909194331948,0.559582788147345,0.456470141131408,0.91718752202851,-0.340587625503124
"11150","TMEM123","TMEM123",-0.0535474163357066,10.0378722563893,0.559424388163548,0.456533672896678,0.91718752202851,-0.340527184364318
"8930","RCHY1","RCHY1",-0.0785486676966666,5.42655846849009,0.559003102907601,0.456702712255925,0.91718752202851,-0.340366409206917
"10650","STX2","STX2",-0.08765450171584,4.75974098318534,0.558817779548875,0.456777104170498,0.91718752202851,-0.340295673110754
"8545","PSMD13","PSMD13",-0.0472916772429251,7.24112674916876,0.557962952370143,0.457120495719099,0.91718752202851,-0.339969305995388
"3762","FRAT2","FRAT2",-0.119918643404937,2.71660231276329,0.753530979903611,0.45715088855865,0.91718752202851,-0.339940431762336
"9392","RTN4R","RTN4R",-0.221982624516873,1.86244968114775,0.773412288945885,0.457321012504403,0.91718752202851,-0.339778843655262
"9579","SEC23B","SEC23B",-0.0505689493767542,5.81485574981901,0.557371882825425,0.457358173700043,0.91718752202851,-0.339743554993489
"12435","ZFYVE9","ZFYVE9",-0.112696877830421,3.28675440583728,0.557254361955748,0.457405454048718,0.91718752202851,-0.339698661222186
"7196","NGRN","NGRN",-0.0570896847462232,6.18472366215322,0.556859980720612,0.45756417619929,0.91718752202851,-0.339547984844387
"12769","ZNF619","ZNF619",-0.098003358632389,3.39894031205456,0.556854411886946,0.45756641805236,0.91718752202851,-0.339545857007282
"12041","VPS13C","VPS13C",-0.0825234851600642,7.86213851511619,0.556665449221971,0.457642499377498,0.91718752202851,-0.339473651199121
"5972","LOC92249","LOC92249",-0.0641502994643438,4.44724603666944,0.556359957385493,0.457765541008888,0.91718752202851,-0.33935690260282
"9187","RORA","RORA",-0.0625717750452452,8.95687479124125,0.556228047741314,0.457818685970951,0.91718752202851,-0.339306485474366
"11549","TRMT112","TRMT112",-0.062190170821594,6.71982779233061,0.55604880007906,0.457890918654294,0.91718752202851,-0.339237969744717
"3316","EXOC6","EXOC6",-0.0715126926824444,5.53209985388192,0.555735983764887,0.458017019916081,0.91718752202851,-0.339118383309892
"1360","CA6","CA6",-0.24220518396385,1.56978206063024,0.60025596146556,0.458063513082766,0.91718752202851,-0.339074300448118
"2697","DICER1","DICER1",-0.0583260753643673,6.51348080620836,0.555261464766037,0.458208411751116,0.917328795698624,-0.338936942332216
"6088","LTA","LTA",-0.0805141375869182,3.7979026223564,0.554844938050989,0.458376518104439,0.917389473830436,-0.338777638682196
"8492","PRRT2","PRRT2",-0.181272397196617,2.02853429086416,1.04388778967227,0.458616398046037,0.917431801823131,-0.338550420924029
"4274","GUF1","GUF1",-0.0581596572532572,5.60802766393449,0.553698472213811,0.458839729231426,0.917431801823131,-0.338338985193244
"6721","MRPL53","MRPL53",-0.0656147082163758,4.80656694734854,0.553496973914655,0.458921218511604,0.917431801823131,-0.338261861962198
"5151","KIAA1324","KIAA1324",-0.0631852774320899,5.0980724224777,0.552554882802516,0.459302522426816,0.917968205737649,-0.337901169489459
"12006","VASN","VASN",-0.246857371174827,1.53371020646101,1.70577958351664,0.459799417826295,0.918725240438854,-0.337431582947096
"2605","DDX60L","DDX60L",-0.0874480669317289,5.91736701302409,0.550800782446341,0.460013829568093,0.918725240438854,-0.337229111764454
"8003","PIP4K2A","PIP4K2A",-0.0771957984368042,8.81260977350492,0.550642897411496,0.460077940011984,0.918725240438854,-0.337168589949174
"2044","CLEC11A","CLEC11A",-0.235780117792696,1.58476756314783,0.862434617692428,0.46074213970117,0.919692457837858,-0.3365420651453
"1077","BMP8A","BMP8A",-0.135009536597647,2.50924320976427,0.621586131259001,0.460759437185923,0.919692457837858,-0.33652576088198
"5493","LMNB2","LMNB2",-0.0802142253706802,4.10742032229497,0.548859041956296,0.460803281889006,0.919692457837858,-0.33648443648326
"12763","ZNF611","ZNF611",-0.0805131109113822,5.13145919994309,0.548303667887984,0.461029478597802,0.919860877552951,-0.336271304582037
"2945","DYRK3","DYRK3",-0.294318753224952,1.417221387163,0.800575710238402,0.461180467305156,0.920016402741232,-0.336129094961959
"2846","DPH3","DPH3",-0.0658894135062992,5.06830541614474,0.546715079072962,0.461677472721914,0.920304525756206,-0.335661316073183
"3436","FAM20B","FAM20B",-0.0793256449501024,3.984836409651,0.546074670173074,0.461939111754288,0.920495467366992,-0.335415265075487
"12711","ZNF549","ZNF549",-0.0683834320139542,4.53393183349034,0.545959660540004,0.46198612410595,0.920495467366992,-0.335371068415122
"1897","CETN3","CETN3",-0.0955380700288398,3.76327596948448,0.544878012954747,0.462428643501089,0.921094241077788,-0.334955272924053
"4898","IPO9","IPO9",-0.0506572804832459,6.19895728958327,0.544251231746001,0.462685380973373,0.921201429651621,-0.334714222269921
"1540","CCDC18","CCDC18",-0.0838108790637527,4.2981927861496,0.54334569636821,0.463056703856532,0.921201429651621,-0.334365823962333
"9877","SLC25A13","SLC25A13",-0.0641979207184321,4.55258987702878,0.543098173439392,0.463158286115762,0.921201429651621,-0.334270561814134
"1611","CCNI2","CCNI2",-0.150278130472295,2.32506314545511,1.2328592872521,0.463368558019306,0.921269011982292,-0.334073438698804
"11626","TSTA3","TSTA3",-0.0509149187635162,5.6431113163083,0.542367204884652,0.463458481228455,0.921306600823896,-0.333989165901406
"6412","MELK","MELK",-0.170759496902205,2.09071615382699,0.599873578183723,0.463802133252627,0.921657418901343,-0.333667258160917
"7982","PIK3CB","PIK3CB",-0.0672139478060949,5.21675621727471,0.54080649432538,0.464100483386803,0.921657418901343,-0.333387979238561
"10363","SOX7","SOX7",-0.26522330833518,1.45136900571351,1.6645320012052,0.464318413550437,0.921657418901343,-0.333184093105788
"1856","CEP162","KIAA1009",-0.121654930691041,4.05064855583115,0.539985664601186,0.464438707821973,0.921657418901343,-0.333071591920231
"688","ARMC10","ARMC10",-0.0936854833806855,5.47314930550709,0.539748509928003,0.464536501706895,0.921657418901343,-0.33298015493826
"10599","STK16","STK16",-0.0649314721164991,4.72985861477689,0.539068402675011,0.464817136889932,0.921657418901343,-0.332717868742643
"3514","FASLG","FASLG",-0.247344965519431,1.56666413839701,0.539042043188938,0.464828019197003,0.921657418901343,-0.332707701151535
"7397","NTHL1","NTHL1",-0.0917548902047111,3.45063859817255,0.537807219939838,0.465338266561876,0.921657418901343,-0.33223123228658
"5355","LCMT1","LCMT1",-0.050755191814157,5.38956839990579,0.536352944127902,0.465940353570668,0.921657418901343,-0.331669675097736
"9651","SERP1","SERP1",-0.043933002360733,8.23966298387554,0.536337552273413,0.465946732694106,0.921657418901343,-0.33166372927415
"618","ARHGAP25","ARHGAP25",-0.0661449838383606,6.98413259667406,0.536090082887246,0.466049315235277,0.921657418901343,-0.331568125796326
"4708","IER3","IER3",-0.106753698289121,2.94182406994935,0.559337405192217,0.466219417282257,0.921657418901343,-0.331409642778272
"3122","ELOVL4","ELOVL4",-0.133206365961455,3.64362167094135,0.535542105986378,0.466276595743311,0.921657418901343,-0.331356382947016
"7171","NFATC3","NFATC3",-0.0539543303750361,7.28698774296343,0.535461234880798,0.466310153228321,0.921657418901343,-0.33132512830912
"11101","TM7SF2","TM7SF2",-0.102560123662204,3.16428520016467,0.53507648899802,0.466469857034093,0.921657418901343,-0.331176414825768
"4406","HDAC10","HDAC10",-0.101468294363474,3.8061553657591,0.534654951723259,0.466644933950679,0.921657418901343,-0.331013444652304
"12257","YIPF5","YIPF5",-0.0595679901467838,6.41208444783143,0.534434525054429,0.466736525933845,0.921657418901343,-0.330928210705172
"12623","ZNF398","ZNF398",-0.071940394155567,4.72732160085067,0.533896392248417,0.466960253625718,0.921657418901343,-0.330720083814266
"380","ALKBH6","ALKBH6",-0.0591248042590441,4.29339637241383,0.555688146248967,0.466996533412054,0.921657418901343,-0.33068634325745
"5622","LOC100288778","LOC100288778",-0.138462323676874,2.40751042902045,0.578623356335916,0.467088681715883,0.921657418901343,-0.330600656214445
"4699","IDH3G","IDH3G",-0.0549217280242716,6.16026130209673,0.533560404700306,0.467100027694221,0.921657418901343,-0.330590106963026
"9115","RNF13","RNF13",-0.057369193542661,7.00153455403001,0.533499528410102,0.467125360054943,0.921657418901343,-0.330566554392903
"3684","FLJ32224","FLJ32224",-0.284167126200122,1.40195076129061,0.906916734581893,0.467271140008639,0.921657418901343,-0.330431041406774
"12927","ZNRD2","SSSCA1",-0.0665519267448376,4.26302563906175,0.532956226836859,0.467351541724112,0.921657418901343,-0.330356320298173
"12124","WDR25","WDR25",-0.0913097343957509,3.22078062737293,0.607107926965405,0.467446272131492,0.921657418901343,-0.330268299353484
"524","AP3B1","AP3B1",-0.0440145177957854,6.94696582019281,0.532344788130914,0.467606301393825,0.921657418901343,-0.330119644982124
"10092","SMC4","SMC4",-0.0585791137050256,6.97177396558444,0.532039998478762,0.46773337776533,0.921657418901343,-0.330001637442203
"935","B4GALT4","B4GALT4",-0.0942638529622565,4.10224104771088,0.531467403916517,0.467972261549473,0.921657418901343,-0.329779888406685
"1017","BCS1L","BCS1L",-0.0769773952995719,4.02834039164278,0.531220513467313,0.468075324023964,0.921657418901343,-0.329684253388052
"11324","TNFRSF10A","TNFRSF10A",-0.0547236875245075,6.04606074753924,0.530964122880201,0.468182391152585,0.921657418901343,-0.329584924618629
"9693","SF3B3","SF3B3",-0.0472641206022692,6.60371583743305,0.530568864941482,0.468347526134251,0.921657418901343,-0.329431769421499
"884","ATPAF2","ATPAF2",-0.0767927726494506,3.79473145355317,0.628333360860866,0.468526587639619,0.921665505483994,-0.32926575901838
"10189","SNORA41","SNORA41",-0.228531039711775,1.59963151489061,1.52681465313395,0.468786075558156,0.921665505483994,-0.329025296729871
"12319","ZBTB44","ZBTB44",-0.0671356419751058,6.05562852329413,0.528988210971816,0.469008852318426,0.921665505483994,-0.328818960106318
"7448","NUP188","NUP188",-0.0513067393066689,5.48695268479701,0.527908481532279,0.469461468514423,0.921665505483994,-0.328400047057671
"4682","ICAM1","ICAM1",-0.0974793363223952,3.69985196326561,0.526993702605644,0.469845493235499,0.922133976360684,-0.32804493454736
"10148","SND1-IT1","SND1-IT1",-0.104571708364329,3.16629859010845,0.524847950972865,0.470748285387768,0.922827337288178,-0.327211253144515
"1203","C12orf65","C12orf65",-0.0474368299081812,5.66890774048185,0.524531205298294,0.470881790068357,0.922827337288178,-0.327088104260494
"4382","HAVCR2","HAVCR2",-0.147186266139802,2.29306821057758,0.730082084720924,0.470991742495774,0.922827337288178,-0.326986706926213
"5064","KCNC4","KCNC4",-0.138882107210883,2.66564399043626,0.524215480122822,0.471014925906206,0.922827337288178,-0.326965330374301
"7546","OSBPL1A","OSBPL1A",-0.118136366196781,3.23105969186696,0.52396735690053,0.471119598143405,0.922827337288178,-0.326868829133659
"9134","RNF170","RNF170",-0.093249455906065,4.73207647955917,0.523905636617716,0.471145641084082,0.922827337288178,-0.326844822505884
"2698","DICER1-AS1","DICER1-AS1",-0.162043954347165,2.14775905391733,0.724632742147387,0.471183418340055,0.922827337288178,-0.326810001434296
"4559","HNRNPA2B1","HNRNPA2B1",-0.0586122152738483,9.33796773747308,0.52380508995516,0.471188071874093,0.922827337288178,-0.326805712246486
"7676","PARVB","PARVB",-0.119516382732132,3.00799441219811,0.523789487307773,0.471194656763809,0.922827337288178,-0.32679964298995
"417","ANAPC11","ANAPC11",-0.0516743185537134,5.91304774056031,0.523101617324301,0.471485112039887,0.9228527342831,-0.326532016311608
"423","ANAPC5","ANAPC5",-0.0352785470943134,7.48608756933188,0.522779772959329,0.47162111193212,0.9228527342831,-0.326406762121477
"1042","BHLHE40 /// CENPX","STRA13",-0.0574707055448787,5.01471987450213,0.522450958743512,0.471760123008799,0.9228527342831,-0.326278771990391
"10652","STX4","STX4",-0.0741967745031962,3.86736945982877,0.522199562434888,0.471866449536365,0.9228527342831,-0.326180900595624
"11073","TKFC","DAK",-0.0761844000824419,4.49155947724246,0.521554666147776,0.472139383056482,0.923005457563554,-0.325929771797636
"8564","PSMG3-AS1","KIAA1908",-0.133696058282388,2.54766874188125,0.618180852797773,0.47239328843103,0.923223581020751,-0.325696281291535
"450","ANKRD16","ANKRD16",-0.148209390833197,2.29580194190026,0.88141346538167,0.473385142791388,0.923648348720786,-0.324785376539953
"1824","CELSR2","CELSR2",-0.194804084680937,1.8214898147847,0.593023214148825,0.47345985940322,0.923648348720786,-0.324716835200626
"6627","MORN4","MORN4",-0.173915525664918,2.00515937742153,0.856972106624054,0.47346508544406,0.923648348720786,-0.324712041492928
"2971","ECHDC1","ECHDC1",-0.0746018781189179,6.04310645264334,0.517939687151047,0.473674094828502,0.923648348720786,-0.324520366128434
"3358","FADS2","FADS2",-0.380480774347913,2.07795583356693,0.517835509580814,0.473718443303183,0.923648348720786,-0.32447970653471
"5310","LACTB","LACTB",-0.0903225769396415,3.27197075391617,0.527054464580345,0.473723530796979,0.923648348720786,-0.324475042459141
"5046","KATNB1","KATNB1",-0.0633564533796121,4.58512032522524,0.517765061580041,0.473748436918285,0.923648348720786,-0.324452209929166
"6064","LRRIQ3","LRRIQ3",-0.232299484079296,1.85551513663374,0.51770072549966,0.473775831061301,0.923648348720786,-0.324427097907124
"2099","CMPK2","CMPK2",-0.171938545433643,4.04957002823921,0.517381785889276,0.473911672985309,0.923648348720786,-0.324302594000171
"4632","HSH2D","HSH2D",-0.0743430847298473,5.31472568218873,0.517165411403229,0.474003866885231,0.923648348720786,-0.324218115372185
"11128","TMED3","TMED3",-0.0493065323463029,5.57925383458483,0.516847680576181,0.474139300335779,0.923648348720786,-0.32409404550031
"8895","RBM42","RBM42",-0.0466416180656524,5.373216018243,0.51581541902142,0.474579741088401,0.923648348720786,-0.323690804933063
"1711","CD93","CD93",-0.227567105007256,1.80490874210054,0.515598046420166,0.474672573971524,0.923648348720786,-0.323605860586089
"10526","SSH3","SSH3",-0.103514497461891,3.10431798719021,0.515551522931992,0.474692446525294,0.923648348720786,-0.323587678874612
"502","ANXA2P2","ANXA2P2",-0.209402100156842,1.7203600997762,1.93943794866766,0.474766640803958,0.923648348720786,-0.323519804089256
"12967","ZXDB","ZXDB",-0.076086598354302,5.17711920226895,0.515048170065758,0.474907541290254,0.923648348720786,-0.323390933987702
"10671","SUGCT","C7orf10",-0.247844111010131,1.59152325270212,0.836374946847642,0.474986450374272,0.923648348720786,-0.323318779031169
"8506","PSAT1","PSAT1",-0.114716180834618,3.5094621376186,0.514328886082137,0.475215185649788,0.923648348720786,-0.32310968978921
"1008","BCL9","BCL9",-0.09866787355344,4.26901192637135,0.513970992459856,0.475368381660857,0.923648348720786,-0.322969708024069
"8402","PREX1","PREX1",-0.0596634427185873,7.41284928555044,0.513967398545414,0.475369920442654,0.923648348720786,-0.322968302202001
"8044","PLAA","PLAA",-0.0570840083755893,5.43656073840791,0.513909981486616,0.475394505419209,0.923648348720786,-0.322945842128048
"12028","VIPAS39","C14orf133",-0.0692292416271023,4.23464575955297,0.513753327068877,0.475461592687307,0.923648348720786,-0.322884559184295
"12373","ZDHHC17","ZDHHC17",-0.0510829136809181,5.53129588973705,0.513462488848687,0.475586185324609,0.923648348720786,-0.322770769117325
"7693","PBX2","PBX2",-0.107989410352633,2.86975307686027,0.975224072048579,0.47569344638634,0.923648348720786,-0.322672831800311
"7726","PCMTD2","PCMTD2",-0.0572368695948382,7.19444337691343,0.513177402932273,0.47570836566381,0.923648348720786,-0.3226592111412
"8814","RAP1GDS1","RAP1GDS1",-0.0661301722927645,6.863432146915,0.5130455000008,0.475764913208356,0.923648348720786,-0.322607589541023
"6740","MRPS23","MRPS23",-0.0462660503444867,5.39406304029453,0.512819649344535,0.475861762274573,0.923648348720786,-0.322519191398633
"9138","RNF19A","RNF19A",-0.0657589953475494,7.85488930759334,0.51280858159554,0.475866509167124,0.923648348720786,-0.32251485917629
"3051","EIF1B-AS1","FLJ33065",-0.19976439115207,1.77032825927094,0.866753355797319,0.476175866549023,0.923648348720786,-0.322232619200317
"5435","LINC00324","LINC00324",-0.071826893411364,4.67830932070022,0.511846580113843,0.476279402881895,0.923648348720786,-0.322138199525897
"4757","IGF2BP3","IGF2BP3",-0.21046504494118,1.68983074621524,0.735268686073337,0.47629290113189,0.923648348720786,-0.322125891346321
"10677","SULT1A1","SULT1A1",-0.0899821199712199,3.70721851778692,0.511376337578612,0.476481446206991,0.923715123216701,-0.32195400576396
"11598","TSN","TSN",-0.0424763918504645,7.18649225248341,0.511357004092987,0.476489755998317,0.923715123216701,-0.321946431775343
"4963","ITGB1BP1","ITGB1BP1",-0.0605997654068822,6.13207987446655,0.510532800954169,0.476844230948729,0.923972317768015,-0.321623467265236
"193","ADARB1","ADARB1",-0.0662124591252598,4.31000699215344,0.510154208565242,0.477007201898153,0.923972317768015,-0.321475063892767
"5394","LGR6","LGR6",-0.26359851463655,1.53951694387015,0.509551182561094,0.477266972793676,0.923985628784483,-0.321238618074022
"11918","USE1","USE1",-0.06109344169415,4.30828607542411,0.509202210550939,0.477417408801434,0.924132504383916,-0.321101748696353
"6952","NAA38","LSMD1",-0.0534166416435608,5.30676926622418,0.508805296595352,0.477588606555684,0.924151481904682,-0.320946042366579
"4761","IGFL2","IGFL2",-0.2779546171308,1.37503533664524,0.599885107218442,0.477892312114935,0.924265987469304,-0.320669955946913
"7386","NSUN5P2","NSUN5P2",-0.105997363428141,3.42350519600111,0.508051902660431,0.477913839816858,0.924265987469304,-0.320650392645011
"5824","LOC286186","LOC286186",-0.213352467366111,1.68476556816533,1.64582271671365,0.478276219369984,0.924607804673583,-0.320321212381527
"12504","ZNF181","ZNF181",-0.122549853370184,3.84746730286679,0.506167141780186,0.478729072319686,0.924607804673583,-0.319910197826944
"3483","FAM86FP","FAM86FP",-0.218275602592843,1.67706796991377,0.749213455679457,0.478783782178123,0.924607804673583,-0.31986056885426
"5372","LEF1","LEF1",-0.0553026126108904,8.49610833942761,0.505791015877911,0.478892035574117,0.924607804673583,-0.319762385623868
"8474","PRPSAP2","PRPSAP2",-0.0632828355986577,5.7559152529329,0.505702381892365,0.478930451138276,0.924607804673583,-0.319727548965146
"14","AARS2","AARS2",-0.0650067335003915,4.33285510332229,0.505695351670584,0.478933498380283,0.924607804673583,-0.319724785732666
"1641","CCT5","CCT5",-0.0575521155377139,6.95274605748632,0.505615043133425,0.478968310296184,0.924607804673583,-0.319693219610021
"8471","PRPS1","PRPS1",-0.039096170445038,6.28199391686624,0.505445657233815,0.479041748890103,0.924607804673583,-0.319626635807786
"3023","EFNA3","EFNA3",-0.297838365342619,1.30351127434135,0.876681681497666,0.479198449753702,0.924607804673583,-0.319484595594751
"2572","DDX11L2","DDX11L2",-0.269204880221263,1.4549210120169,0.571402032635924,0.479230931829583,0.924607804673583,-0.319455158295368
"9453","SAMHD1","SAMHD1",-0.066525657924534,8.42138270543295,0.504781364789269,0.479329937359268,0.924614338843618,-0.319365445567142
"6002","LRCH4","LRCH4",-0.0958252734716006,6.97003623208983,0.50393448188394,0.479697753477815,0.925095727050348,-0.319032315418766
"680","ARL6","ARL6",-0.138658387302637,2.35624196892074,0.707026183518644,0.480174817902819,0.925230394588497,-0.318600619648872
"9912","SLC26A1","SLC26A1",-0.196184532958441,1.8072805688012,0.933386442570693,0.480218837997976,0.925230394588497,-0.318560807464951
"11907","UQCRH","UQCRH",-0.0360005089325035,6.70294003158761,0.502727065504581,0.480222961698125,0.925230394588497,-0.318557078139092
"904","AURKA","AURKA",-0.164721193929553,2.04436956362372,0.947070410237653,0.480316665093756,0.925230394588497,-0.318472344794101
"9917","SLC27A2","SLC27A2",-0.18875245423163,1.82322623109076,0.5209431892397,0.480475115531506,0.925230394588497,-0.318329100122817
"11210","TMEM200A","TMEM200A",-0.157227088765759,3.19871035129276,0.501951203455823,0.480560951581239,0.925230394588497,-0.318251521093014
"3644","FHL1","FHL1",-0.0775062832133854,5.75268802937935,0.501835583834536,0.480611352772938,0.925230394588497,-0.318205974713124
"2135","CNPY2","CNPY2",-0.0480360968790457,6.24541410567885,0.501479957697137,0.480766432979704,0.925230394588497,-0.318065862304386
"12036","VNN2","VNN2",-0.105940320519376,4.00350708253005,0.500477952279653,0.481203829294484,0.925523688278331,-0.317670925316301
"12157","WDR74","WDR74",-0.0778399405346914,5.64372319795493,0.500151869866816,0.481346313066225,0.925636377514719,-0.317542350370319
"3757","FPGS","FPGS",-0.0538356857344499,5.80403268542375,0.499848886205371,0.48147876627605,0.925636377514719,-0.317422860964124
"12307","ZBTB3","ZBTB3",-0.0806221624470106,3.51700343789536,0.498543590923701,0.482050083493226,0.926118419445504,-0.316907837581122
"12084","VWA5A","VWA5A",-0.0964836867511873,3.79251182551454,0.49833465428237,0.482141637630387,0.926118419445504,-0.316825361335345
"12486","ZNF14","ZNF14",-0.0811639030940256,5.9986983265246,0.497970263407527,0.482301379365097,0.926261405551947,-0.316681496009294
"9000","RFX8","RFX8",-0.258111411473426,1.43021773499573,1.0798687001206,0.482453343639567,0.926279003557216,-0.31654467937638
"12903","ZNF845","ZNF845",-0.0860744120377137,4.82705466441284,0.495981216765682,0.483174887028724,0.927200854840007,-0.315895646216963
"5570","LOC100132215","LOC100132215",-0.176470246489343,2.00961635407694,0.947876886697712,0.483333246829899,0.927200854840007,-0.315753330211517
"6137","LZTS1","LZTS1",-0.200583011705264,1.89342308490175,0.495555193582646,0.483362320302395,0.927200854840007,-0.315727207305593
"7561","OSTC","OSTC",-0.0493879152387021,6.8413195946632,0.495219137667183,0.483510256748493,0.927224800626737,-0.315594308753625
"11","AAMP","AAMP",-0.0540598424010129,6.07725036134619,0.494857019932996,0.483669750161085,0.927299297099838,-0.315451073556202
"6159","MAGED1","MAGED1",-0.0496521504437948,5.64734106869134,0.493676697914582,0.484190225994119,0.927675377109508,-0.314983981601562
"6716","MRPL48","MRPL48",-0.0631294678770245,5.57540895344444,0.493533874639962,0.48425326861833,0.927675377109508,-0.314927439193027
"4068","GNRHR2","GNRHR2",-0.181441136270511,1.89163163721269,0.968907501312828,0.484358828928877,0.927707385267666,-0.314832779502782
"12574","ZNF287","ZNF287",-0.0761070989298086,4.07172058102685,0.492834990117161,0.484561955305909,0.927707385267666,-0.314650686874775
"5836","LOC339803","LOC339803",-0.114220390663621,2.73635318007389,0.508006712897538,0.484912905698201,0.927707385267666,-0.314336257214796
"7888","PGRMC2","PGRMC2",-0.0992341934808587,4.318505968315,0.491835735303108,0.485003880118652,0.927707385267666,-0.314254786949532
"3142","EMC9","FAM158A",-0.085443069871186,3.3369586556369,0.651069198664042,0.485109895925773,0.927707385267666,-0.314159865959134
"6755","MRRF","MRRF",-0.0650534464706449,4.32152225391213,0.490815991963397,0.48545555841126,0.927707385267666,-0.313850521925253
"7562","OSTF1","OSTF1",-0.0649138346787634,7.14271218411734,0.490775683878854,0.485473426601541,0.927707385267666,-0.313834537117793
"93","ACAD8","ACAD8",-0.0556041452918905,4.84893958750636,0.490771437362895,0.485475309105468,0.927707385267666,-0.313832853071998
"187","ADAMTS6","ADAMTS6",-0.211545412603879,1.65329927627672,0.702103095582521,0.485479950193859,0.927707385267666,-0.313828701286302
"12021","VEGFB","VEGFB",-0.110881626166438,2.77103497553679,0.660391336371231,0.485494929793054,0.927707385267666,-0.313815301233622
"4899","IPP","IPP",-0.0640899687346615,4.43678567547857,0.490495015565014,0.485597874587462,0.927707385267666,-0.313723222791442
"12597","ZNF33A","ZNF33A",-0.0679059060944241,6.46977979882845,0.490170170859336,0.485741976733517,0.927707385267666,-0.313594364148947
"11102","TM7SF3","TM7SF3",-0.0642820552694393,5.44011228057127,0.49002963212909,0.485804342257296,0.927707385267666,-0.313538607666017
"2570","DDX10","DDX10",-0.056071713781566,5.33119527559441,0.489671693669012,0.485963241497672,0.927707385267666,-0.313396579746908
"10467","SQOR","SQRDL",-0.0503490857815437,6.79461542178021,0.489583686067777,0.486002323895264,0.927707385267666,-0.31336165408652
"5239","KLHL34","KLHL34",-0.18123267915925,1.93211326609426,0.691493718714282,0.486125947706733,0.927707385267666,-0.313251197182816
"6350","MCTS1","MCTS1",-0.0648992825536008,5.97932851675348,0.489223071533675,0.486162520294664,0.927707385267666,-0.313218525247156
"4696","IDH2","IDH2",-0.046978451857142,7.11675426128061,0.488915119854768,0.486299391939518,0.927759119357554,-0.313096273465911
"11352","TNKS2","TNKS2",-0.0635938538528872,7.36726043689858,0.488427148851589,0.486516406379137,0.927837942584245,-0.31290250980511
"631","ARHGAP9","ARHGAP9",-0.0568540287739186,7.12814091225922,0.487509110853168,0.48692512224341,0.928231687889199,-0.312537818039388
"2053","CLHC1","C2orf63",-0.145665987583879,2.50141587721039,0.487125769238368,0.487095957944709,0.928323176497239,-0.312385474307499
"11046","TIMM13","TIMM13",-0.0659476164224624,4.89910884964663,0.486586079936772,0.487336639631411,0.928645450343462,-0.312170935650202
"3641","FH","FH",-0.0475983808734715,5.28209865113625,0.486172083319563,0.487521401763732,0.92865221070733,-0.312006314398521
"11920","USF2","USF2",-0.0712398658194098,4.24201849070475,0.485980631588169,0.487606884178589,0.92865221070733,-0.311930171512088
"2229","COX18","COX18",-0.0534508063729907,4.40061420005883,0.600363750409232,0.487857476667795,0.928819349106444,-0.311707034835791
"7918","PHGDH","PHGDH",-0.145825724830426,2.43408542472595,0.484394510383392,0.488316046442281,0.929233614529526,-0.311299004229426
"1592","CCL4","CCL4",-0.208172567413444,2.23943758551177,0.48383352309208,0.488567279974814,0.929233614529526,-0.311075621689662
"9781","SIK2","SIK2",-0.0857637513635139,3.64132277834861,0.483823593312892,0.488571728894678,0.929233614529526,-0.311071666998815
"5206","KLF3","KLF3",-0.0563198381160344,8.25693768079342,0.483444230503136,0.488741748754263,0.92941171307374,-0.310920561566903
"5010","JMJD4","JMJD4",-0.0882564844392055,3.16975403782077,0.638652103318439,0.489154380216507,0.929931970051374,-0.310554053156779
"10864","TBKBP1","TBKBP1",-0.239476822080198,1.50337703779738,1.01451151645739,0.489158696032573,0.929931970051374,-0.310550221387281
"558","APOBEC3A","APOBEC3A",-0.240090688853692,1.48889628792007,0.691107381662423,0.489304382950221,0.930072638829776,-0.310420894024304
"3469","FAM53B","FAM53B",-0.0629427763177703,6.6330149731025,0.4815651189335,0.48958537878489,0.930470424696218,-0.310171560649788
"10658","STXBP2","STXBP2",-0.0517934492990067,6.26556630137324,0.481174501675083,0.48976105374477,0.93057818588402,-0.310015753339997
"2432","CXXC5","CXXC5",-0.213075730548783,1.62823821677193,0.98121949505751,0.489899614100247,0.93057818588402,-0.309892902642464
"12858","ZNF773","ZNF773",-0.0855147021859814,3.67138083944424,0.480765180619399,0.489945254072241,0.93057818588402,-0.309852444833989
"11716","TWNK","C10orf2",-0.106744363893014,2.88050151870946,0.600143463157915,0.490027597506847,0.93057818588402,-0.309779460568564
"6227","MAP3K7CL","C21orf7",-0.103442754516623,3.08124723336669,0.480019122368568,0.49028129041576,0.93057818588402,-0.309554679513826
"422","ANAPC4","ANAPC4",-0.062737356741296,6.07452144291238,0.479669426974463,0.490438932027919,0.93057818588402,-0.309415061952564
"5217","KLHDC3","KLHDC3",-0.0528779724897126,6.45776203991736,0.479651609197327,0.490446966508082,0.93057818588402,-0.309407947301604
"3642","FHDC1","FHDC1",-0.241562912590778,1.50833966562888,1.43054369995685,0.490467567377583,0.93057818588402,-0.309389705459652
"12804","ZNF682","ZNF682",-0.0867397257126833,3.28385563308069,0.479167236516541,0.490665467028764,0.93057818588402,-0.309214506532227
"561","APOBEC3F","APOBEC3F",-0.0818948525056243,4.03112942242681,0.479152218723121,0.490672244171272,0.93057818588402,-0.309208508035358
"6369","MEA1","MEA1",-0.0640440782206549,5.2474558781747,0.478850726397584,0.490808333183953,0.93057818588402,-0.309088072218293
"11730","TXNDC9","TXNDC9",-0.0578882588073098,5.7327096857048,0.478000297769684,0.491192545964331,0.930890327015013,-0.308748232402561
"12423","ZFPL1","ZFPL1",-0.069048141603423,3.97181048478105,0.563919552716134,0.491259054839347,0.930890327015013,-0.308689431668891
"8605","PTPDC1","PTPDC1",-0.0997525310350473,3.0617921501501,0.476881800778687,0.491698639921388,0.930902810566094,-0.308300993002198
"3346","F2RL2","F2RL2",-0.101105268629848,4.19276445150284,0.476881566496727,0.491698746020521,0.930902810566094,-0.308300899289791
"5337","LARP4B","LARP4B",-0.053526597780292,6.28914206381457,0.476648611213908,0.491804263430142,0.930902810566094,-0.308207710700679
"9883","SLC25A20","SLC25A20",-0.140029605847305,3.98953605554634,0.475785731674802,0.492195438513088,0.930902810566094,-0.307862415496635
"5398","LIAS","LIAS",-0.0669893322509186,4.03284664089012,0.475422718576567,0.492360162496807,0.930902810566094,-0.307717093652424
"6534","MIR21","MIR21",-0.213698712155972,1.62845066542916,1.19493622286884,0.49237971471871,0.930902810566094,-0.307699847631867
"9023","RHBDD3","RHBDD3",-0.0978018457558793,3.140521338607,0.723016036295815,0.492415587570875,0.930902810566094,-0.307668207794195
"3712","FMN1","FMN1",-0.296431381412823,4.25974835003227,0.474879000156471,0.492607058885995,0.930902810566094,-0.307499369165062
"3178","ENTPD3-AS1","ENTPD3-AS1",-0.147424969287321,2.22508269835231,0.805108747090402,0.492774989051506,0.930902810566094,-0.307351343036343
"12926","ZNRD1ASP","ZNRD1-AS1",-0.135876209729171,2.37901776923754,0.643426934494546,0.493104972819432,0.930902810566094,-0.307060617713947
"11855","UFC1","UFC1",-0.0324614794682798,6.99774762533756,0.473398994472373,0.493280172252769,0.930902810566094,-0.306906340962494
"12949","ZSCAN29","ZSCAN29",-0.0790114073703956,3.78656994517234,0.473066295637373,0.49343169904774,0.930902810566094,-0.306772953996456
"1602","CCND3","CCND3",-0.0559743957656533,8.85323442215151,0.471627198640827,0.494088038964236,0.930902810566094,-0.306195659518205
"6994","NAPSA","NAPSA",-0.243626427729666,1.4766523986263,1.09676066011405,0.494241922742172,0.930902810566094,-0.306060419509825
"1695","CD69","CD69",-0.0866100280115094,10.0208150874751,0.470776286762276,0.494476815815108,0.930902810566094,-0.305854066047805
"7433","NUDT7","NUDT7",-0.121779665528187,2.89825434301217,0.470589381406921,0.494562281176091,0.930902810566094,-0.305779009086206
"10420","SPG7","SPG7",-0.0470382664768911,5.72801121685654,0.4699379795208,0.494860340332081,0.930902810566094,-0.305517350523264
"6053","LRRC69","LRRC69",-0.178756698385064,1.89360409969062,0.815043136436985,0.494903338675815,0.930902810566094,-0.305479616377584
"4924","IRF3","IRF3",-0.0661260790999621,5.65727750690562,0.469585904820138,0.495021564324846,0.930902810566094,-0.30537588174664
"6262","MARCHF1","MARCH1",-0.131590939137339,2.44035262564362,0.487161305835612,0.495273721556454,0.930902810566094,-0.305154714387393
"12841","ZNF746","ZNF746",-0.119794061946908,2.84094647820917,0.468875901010801,0.495346964062241,0.930902810566094,-0.305090494415766
"11281","TMEM86A","TMEM86A",-0.166200162688115,1.96478658399653,0.651296319335125,0.495417356615816,0.930902810566094,-0.305028782266876
"10372","SP4","SP4",-0.0495805397269122,6.37809660323719,0.468372724507125,0.495577793011492,0.930902810566094,-0.304888162725048
"478","ANKRD55","ANKRD55",-0.140743949827778,4.49528163815666,0.468369670274411,0.495579194677831,0.930902810566094,-0.304886934390962
"1102","BPHL","BPHL",-0.110178597718325,3.29441238832914,0.468280616514616,0.495620066706519,0.930902810566094,-0.304851118188862
"11720","TXLNB","TXLNB",-0.176816131267783,1.92956393376511,0.585622965001124,0.495701936414127,0.930902810566094,-0.304779384559994
"2963","EBLN3P","LOC100506710",-0.0401017998771503,7.77123185153509,0.467840427784686,0.495822179319223,0.930902810566094,-0.304674050096417
"8546","PSMD14","PSMD14",-0.042250323826375,6.50873830987659,0.467792384446944,0.495844246876883,0.930902810566094,-0.304654721382105
"6682","MRPL15","MRPL15",-0.0520411862027653,5.1553563345365,0.467079987196139,0.496171665221448,0.930902810566094,-0.304368040525987
"10079","SMARCAD1","SMARCAD1",-0.0636764173306327,5.73231783557899,0.466362145024981,0.496501957521497,0.930902810566094,-0.304079034904535
"9081","RLN2","RLN2",-0.178102825665691,1.98779567119027,0.583345335765441,0.496575054953957,0.930902810566094,-0.304015100665363
"9503","SCARB1","SCARB1",-0.177667217358331,1.86243815065136,0.743161781051288,0.496657065039196,0.930902810566094,-0.303943382228466
"6232","MAP4K2","MAP4K2",-0.0511116437533922,5.86074144782313,0.46555401664288,0.496874239346329,0.930902810566094,-0.303753518850664
"11144","TMEM116","TMEM116",-0.0654142582033556,5.4093133891674,0.465171504354254,0.497050617383029,0.930902810566094,-0.303599382432095
"3082","EIF4E2","EIF4E2",-0.0506191060298816,5.20537292392898,0.465029515021665,0.497116116361119,0.930902810566094,-0.303542156930918
"2879","DSE","DSE",-0.127906360421605,2.53910708167892,0.465016908020298,0.497121932618085,0.930902810566094,-0.303537075716598
"2811","DNM3OS","DNM3OS",-0.237979152571587,1.48566965323208,0.464823729520652,0.497211070253877,0.930902810566094,-0.303459210487653
"9699","SFPQ","SFPQ",-0.0773479304169906,6.67815812884336,0.464651858846032,0.497290398755398,0.930902810566094,-0.303389925661809
"12298","ZBTB18","ZNF238",-0.102767491170557,3.025588579995,0.464256571194083,0.497472929165667,0.930902810566094,-0.303230547147092
"10888","TCEAL9","WBP5",-0.259511508256652,1.44053294338554,0.561267737247015,0.497579091805973,0.930902810566094,-0.303137876918658
"2369","CTDSP2","CTDSP2",-0.0575515753702552,6.7078088566829,0.46398157724853,0.497599979285436,0.930902810566094,-0.30311964639646
"8827","RARS1","RARS",-0.0510446117148453,5.49156728397315,0.463771848321411,0.497696913402026,0.930902810566094,-0.303035052638787
"6066","LRRN3","LRRN3",-0.178472560364147,4.76849879968272,0.46349671881281,0.497824123615221,0.930902810566094,-0.302924062128535
"12501","ZNF175","ZNF175",-0.208325035439352,1.68421569550965,0.463483563483787,0.497830207563749,0.930902810566094,-0.302918754613282
"3622","FGD2","FGD2",-0.222372072173473,1.57615520918837,0.597039239498448,0.498122521654384,0.9310614750406,-0.302663822031713
"11303","TMPRSS3","TMPRSS3",-0.168119504274765,1.99120600646404,0.849303462080018,0.498234235725657,0.9310614750406,-0.302566433612256
"2541","DCTN1","DCTN1",-0.0464374186174829,6.62843497184542,0.461931515510841,0.498548873609936,0.931183424427174,-0.302292260624775
"10819","TAS2R31","TAS2R31",-0.233018751793374,1.52790451700599,1.04153697718954,0.498657988103567,0.931183424427174,-0.302197219516479
"5791","LOC283050","LOC283050",-0.15966803835982,2.02367226785835,0.630379934897499,0.498775414755045,0.931183424427174,-0.302094961567518
"407","AMOTL1","AMOTL1",-0.174453493886545,1.88342924564155,0.560813749572945,0.498808003897232,0.931183424427174,-0.30206658642743
"8292","PPIL1","PPIL1",-0.0744289101259199,4.37113185721565,0.461020315778149,0.498971623309549,0.931183424427174,-0.301924152153166
"7434","NUDT8","NUDT8",-0.157264463856311,2.08263588232998,1.12243598505883,0.499004637833786,0.931183424427174,-0.301895417951237
"7001","NAT9","NAT9",-0.0514086049320067,4.46914637444007,0.458595034059369,0.500099816028075,0.932253010350328,-0.300943305216393
"3576","FBXO8","FBXO8",-0.0610407942739501,4.80333010865098,0.458361809623527,0.500208537103997,0.932253010350328,-0.300848900399362
"8291","PPIH","PPIH",-0.0381985142406921,5.48098468460993,0.457462548603523,0.500628119837749,0.932737124609381,-0.300484760106574
"6628","MOSMO","C16orf52",-0.139137214891034,2.26567707141205,0.544186921309501,0.50248816108157,0.93430789059529,-0.298874166021931
"11645","TTC28","TTC28",-0.196707676327724,1.80489231603174,0.694235409997175,0.502541018994844,0.93430789059529,-0.298828483965059
"1281","C21orf58","C21orf58",-0.143485100986208,2.23637447066009,0.752562634146834,0.502578971351491,0.93430789059529,-0.298795686887629
"10105","SMG9","SMG9",-0.0838788276534056,3.22925180703259,0.509600659317415,0.502817782180683,0.93430789059529,-0.298589371864385
"8690","R3HDM4","R3HDM4",-0.0642293657262297,7.4377588052966,0.452434426576077,0.502985325353958,0.93430789059529,-0.298444685343212
"1846","CENPV","CENPV",-0.110260639648084,3.04472876286785,0.452402792195695,0.50300021596096,0.93430789059529,-0.298431828481581
"3724","FNDC10","C1orf233",-0.218127573403406,1.59995272251809,0.58160284264113,0.503128409232659,0.93430789059529,-0.298321159468846
"4266","GTPBP2","GTPBP2",-0.0915094602282574,3.04830116669606,0.538891093889248,0.503193922028347,0.93430789059529,-0.298264613281174
"282","AGPAT4-IT1","AGPAT4-IT1",-0.175169256923722,1.86694592745042,0.502403034471909,0.50321118771565,0.93430789059529,-0.298249711940451
"11059","TIMP1","TIMP1",-0.0515420804672902,7.00860137644293,0.451214851663342,0.503559940089596,0.934709272110792,-0.297948826796984
"6583","MLXIP","MLXIP",-0.069674615288343,5.06658224041553,0.45083528555826,0.50373900682623,0.934793161310091,-0.297794418422648
"7450","NUP210","NUP210",-0.0502077685515346,6.66275673157075,0.450801672605211,0.503754869587295,0.934793161310091,-0.297780742687718
"8856","RBAK","RBAK",-0.095924512459187,4.60758134080595,0.449437638315055,0.504399316505648,0.934822138964194,-0.297225510596233
"4332","H2BC8","HIST1H2BG",-0.119116334181203,3.15941074902191,0.449415898504697,0.504409599116049,0.934822138964194,-0.297216657222938
"9260","RPL7","RPL7",-0.0355455139560073,11.7655068065829,0.449317783934339,0.504456010357941,0.934822138964194,-0.297176699182785
"3445","FAM219A","C9orf25",-0.0839070582518798,3.25198874367756,0.449209469159808,0.504507255160137,0.934822138964194,-0.297132583929832
"2872","DRAP1","DRAP1",-0.0562670753699125,5.76378715045563,0.449140357598781,0.504539957218739,0.934822138964194,-0.29710443396137
"12406","ZFP28","ZFP28",-0.154575540526658,2.33438824831758,0.449103258772774,0.504557513067701,0.934822138964194,-0.297089322619691
"12244","YBEY","YBEY",-0.0741831189422966,3.72305457317083,0.448373894998012,0.504902875444753,0.934930767602653,-0.296792155970718
"7432","NUDT5","NUDT5",-0.0541935733616138,5.70682929899324,0.448312238846082,0.504932089046786,0.934930767602653,-0.296767028486309
"2590","DDX43","DDX43",-0.171918042594992,2.71135629828131,0.447699830898092,0.505222415424378,0.934930767602653,-0.296517389155588
"4850","INIP","C9orf80",-0.0589941405250367,5.1628914529905,0.446793345221514,0.505652685402853,0.934930767602653,-0.296147681981057
"9711","SGCB","SGCB",-0.0611993310830501,4.04216865990576,0.45632615601036,0.505791103354896,0.934930767602653,-0.296028813975119
"1954","CHM","CHM",-0.0686047307654772,5.02834854636661,0.44605994098431,0.506001264339701,0.934930767602653,-0.29584839799208
"3290","ETV2","ETV2",-0.227645821354565,1.54118675609076,1.15323937528701,0.506055534490645,0.934930767602653,-0.295801821106006
"2983","EDAR","EDAR",-0.132787005859171,2.66439709207424,0.445507388466914,0.50626416081308,0.934930767602653,-0.295622815872152
"11526","TRIM65","TRIM65",-0.0982415239719111,4.06512625517321,0.445226953185664,0.506397678199825,0.934930767602653,-0.295508294197881
"4589","HP1BP3","HP1BP3",-0.0292468619255539,8.2040734576721,0.444986740695234,0.506512093633525,0.934930767602653,-0.295410180835579
"1813","CEBPA","CEBPA",-0.175998251980952,1.8346095859892,0.513975132179544,0.506563281482057,0.934930767602653,-0.295366293478876
"5352","LCAT","LCAT",-0.186680429222592,1.79285446351398,1.09258995378396,0.506765210690553,0.934930767602653,-0.295193206976674
"760","ASPSCR1","ASPSCR1",-0.0730652295109446,4.3931583196915,0.444007245136171,0.506979099766667,0.934930767602653,-0.295009944104734
"7126","NEDD8","NEDD8",-0.0516449656059046,6.3720593025537,0.443899091587714,0.5070307111477,0.934930767602653,-0.29496573439835
"8520","PSMA5","PSMA5",-0.0609333369586244,6.88311615307094,0.443756163790891,0.507098930918662,0.934930767602653,-0.294907305043953
"4150","GPR22","GPR22",-0.147690984458773,4.63114533966518,0.443498030825137,0.507222178666485,0.934930767602653,-0.294801764862359
"4350","H4C8","HIST1H4H",-0.250821877801781,1.40578430633617,1.23567714302558,0.507310514795348,0.934930767602653,-0.294726136164217
"9020","RGS9","RGS9",-0.176129757093994,1.86791248988454,0.728634434005288,0.507327006425326,0.934930767602653,-0.294712018365993
"5659","LOC100505746","LOC100505746",-0.065057914912924,6.54593161381259,0.442839358627312,0.507536902451467,0.934930767602653,-0.294532375191319
"6359","MDH2","MDH2",-0.0306988968123037,7.08318678639914,0.442802256990703,0.507554640254036,0.934930767602653,-0.294517197388227
"12238","XYLT1","XYLT1",-0.0743826796570722,4.22476114210003,0.442772319952195,0.507568953540008,0.934930767602653,-0.294504950246788
"8021","PIWIL4","PIWIL4",-0.183544002648891,1.80035913503624,0.680637761694708,0.50837930463961,0.935148305151315,-0.293812137236356
"4223","GSPT1","GSPT1",-0.0715680869528361,7.09346596048291,0.440953293573785,0.508439968704526,0.935148305151315,-0.293760316683059
"5520","LOC100128788","LOC100128788",-0.206395775998139,1.62947473545837,1.28691600342075,0.509394625908141,0.935148305151315,-0.292945641136736
"11611","TSPAN5","TSPAN5",-0.0670340603876244,5.26986533420853,0.438536252925432,0.509601356345939,0.935148305151315,-0.292769424760671
"4867","INSIG1","INSIG1",-0.051379540162897,6.39398164740917,0.438475705894347,0.509630508380535,0.935148305151315,-0.292744581409118
"9425","S100A5","S100A5",-0.21583785146415,1.56593707255501,0.898644279491902,0.509670481184562,0.935148305151315,-0.292710518912561
"5741","LOC100508120","LOC100508120",-0.119604539668381,2.5306458693494,0.827292883590401,0.51003350799374,0.935148305151315,-0.292401290845704
"11437","TPRN","TPRN",-0.208489473635548,1.62108005858427,0.981314076363578,0.510040999509926,0.935148305151315,-0.292394911852568
"7832","PEX10","PEX10",-0.0969586416357291,2.94943788286593,0.56269087755546,0.510047541351777,0.935148305151315,-0.29238934157959
"9908","SLC25A5","SLC25A5",-0.0444646167635441,8.42208074821683,0.437394002144442,0.510151813866107,0.935148305151315,-0.29230056485666
"8577","PTCD2","PTCD2",-0.0827768193604593,3.39558941225488,0.43732957615027,0.51018289197346,0.935148305151315,-0.29227410873308
"8504","PRXL2C","C9orf21",-0.0856661801080926,4.79073849528737,0.436940388091347,0.510370700438524,0.935148305151315,-0.292114265719329
"4195","GRIN2C","GRIN2C",-0.238362085955126,1.468358903777,1.02379342764189,0.510514974564985,0.935148305151315,-0.291991514545608
"4367","HAR1B","HAR1B",-0.179724279123347,1.84805524156954,0.687680684134421,0.510699727266623,0.935148305151315,-0.291834374074423
"6456","MFSD11","MFSD11",-0.045360248921255,5.22203149832801,0.436149272164759,0.510752836630964,0.935148305151315,-0.291789212694039
"2780","DNAJC16","DNAJC16",-0.0591712275730487,5.14248295462442,0.436088764896244,0.510782084249569,0.935148305151315,-0.291764344078952
"11309","TMTC3","TMTC3",-0.0602427226316285,4.72601464086918,0.435639045159691,0.510999558453005,0.935148305151315,-0.291579475132423
"3793","FUNDC1","FUNDC1",-0.061907640909404,4.29337003232144,0.434892548001589,0.511360904162702,0.935148305151315,-0.291272478803723
"9900","SLC25A39","SLC25A39",-0.0422970705761331,6.60339753919492,0.434876143545459,0.511368849828277,0.935148305151315,-0.29126573066972
"10735","SYNGAP1","SYNGAP1",-0.119819910553818,2.46902216883505,0.618204431544166,0.51149853935552,0.935148305151315,-0.291155602129228
"9757","SHISA5","SHISA5",-0.0568609862279527,8.05882976264172,0.434313826656616,0.511641344102467,0.935148305151315,-0.291034368825758
"10764","TADA3","TADA3",-0.0522315349161026,6.00777743436618,0.434003318556186,0.511791922516177,0.935148305151315,-0.290906572755858
"3748","FOXO1","FOXO1",-0.057714941614387,6.36839635295835,0.433454471571552,0.512058270867545,0.935148305151315,-0.290680614656479
"3925","GDPD3","GDPD3",-0.187844327643044,1.7641508659951,0.848838002473413,0.512447150646471,0.935148305151315,-0.29035091732804
"9185","ROMO1","ROMO1",-0.0456754490508173,5.74747664318514,0.432315042555427,0.512611995239146,0.935148305151315,-0.290211235441633
"7021","NCAPD2","NCAPD2",-0.072480714636477,5.24609462387006,0.432304757708732,0.512616998098157,0.935148305151315,-0.290206996946476
"12911","ZNF876P","ZNF876P",-0.130970298584616,2.33311910713942,0.432094140574562,0.512719467398917,0.935148305151315,-0.290120192558784
"8934","RCN3","RCN3",-0.26114949682813,2.10946096967092,0.432086988455756,0.512722947671833,0.935148305151315,-0.290117244634452
"9614","SEMA3G","SEMA3G",-0.14508876657818,2.21065755839944,0.432047520335591,0.512742153888924,0.935148305151315,-0.290100976593562
"532","AP4M1","AP4M1",-0.127483896492628,2.42710439457636,0.535393059863665,0.512867525639226,0.935148305151315,-0.289994799242274
"5383","LETM1","LETM1",-0.0451337286351154,5.01064091664479,0.431633839687946,0.512943537459903,0.935148305151315,-0.289930437459627
"7552","OSBPL9","OSBPL9",-0.0385917483868874,6.38762697823126,0.431514136801069,0.513001835758356,0.935148305151315,-0.289881080778442
"10687","SUN1","SUN1",-0.0384461489380544,5.84645327101594,0.431408715638079,0.513053188106147,0.935148305151315,-0.289837609345081
"12292","ZBTB1","ZBTB1",-0.0543833885334572,7.4006786019661,0.431388685943534,0.513062945910531,0.935148305151315,-0.289829349538108
"9715","SGO1","SGOL1",-0.101639369284751,2.87420263220221,0.430972854278401,0.513265598759989,0.935148305151315,-0.28965784302421
"11988","UVRAG","UVRAG",-0.0389306782898495,5.93070566944482,0.430583918067238,0.513455271197727,0.935148305151315,-0.289497383260654
"5477","LLGL1","LLGL1",-0.093826148028447,3.44469140794445,0.429195732753846,0.514133249911419,0.935148305151315,-0.288924308628386
"362","ALG10B","ALG10B",-0.0782068895645205,3.65543631604942,0.428834801774832,0.514309782937541,0.935148305151315,-0.288775214672916
"12043","VPS16","VPS16",-0.0549584050772729,5.25262287981266,0.428829152985746,0.514312546631882,0.935148305151315,-0.288772880954957
"7668","PARP4","PARP4",-0.0419271389656507,6.62579657503713,0.42869483954032,0.514378267739995,0.935148305151315,-0.288717388450819
"6080","LSM5","LSM5",-0.0586675374069268,6.19456551238977,0.428199982074391,0.514620534416247,0.935148305151315,-0.288512888538148
"8073","PLEC","PLEC",-0.0730924062558804,6.30532704686102,0.427987637314641,0.514724553173607,0.935148305151315,-0.288425114723449
"2220","CORO6","CORO6",-0.183616461262682,1.7815432284328,0.499962467193645,0.514805245961704,0.935148305151315,-0.288357036203137
"11557","TRMT6","TRMT6",-0.0623867483324819,4.53566452735417,0.427487871895943,0.514969512988591,0.935148305151315,-0.288218481119472
"11701","TUFM","TUFM",-0.0380913099661749,7.37778621020803,0.427108965505959,0.515155370340464,0.935354880255681,-0.288061768424688
"5888","LOC441455","LOC441455",-0.284432204473342,1.33621353659869,0.542408077266551,0.515633723268781,0.935571258852229,-0.287658686837249
"2082","CLSTN3","CLSTN3",-0.0805966131522781,4.53606222893227,0.425560147553711,0.51591630870438,0.93565390322973,-0.287420743364585
"9167","RNFT2","RNFT2",-0.116513109579228,2.59861594867394,0.528728878248884,0.516046774500109,0.93565390322973,-0.287310932119617
"1055","BIRC2","BIRC2",-0.0556507451853745,6.74122548893948,0.425008256190443,0.516187932450029,0.93565390322973,-0.287192152701145
"72","ABI3","ABI3",-0.108951319811111,2.83099994866375,0.424394332597613,0.516490382540677,0.93565390322973,-0.286937760975728
"10639","STT3B","STT3B",-0.0587747553854233,7.11571816507023,0.424368169258377,0.516503278872152,0.93565390322973,-0.286926917142304
"7361","NRM","NRM",-0.0791383848192986,3.87995206432499,0.424287003145543,0.516543290567617,0.93565390322973,-0.286893275176733
"2103","CMTM6","CMTM6",-0.0524517046169662,8.2035553927372,0.424240674545735,0.516566131190382,0.93565390322973,-0.286874071874115
"3383","FAM120A","FAM120A",-0.0610091125531756,5.91975579497759,0.423993174661665,0.516688182120597,0.93565390322973,-0.286771471681564
"10566","STAM2","STAM2",-0.0863722110498359,4.34111587413785,0.423656068335198,0.516854502937213,0.93565390322973,-0.286631695715753
"5111","KDM2B","KDM2B",-0.0380672346663745,5.64152524995849,0.422593430603642,0.517379403342868,0.93565390322973,-0.286190864356593
"9666","SESN1","SESN1",-0.0748485756301306,6.66349902950437,0.422528288330009,0.517411611607045,0.93565390322973,-0.286163829194504
"7054","NCOR2","NCOR2",-0.079549054380826,4.19257583846886,0.42231031879291,0.517519407921597,0.93565390322973,-0.28607335873055
"8057","PLCB2","PLCB2",-0.0630005696112521,6.39194915249931,0.422209369418832,0.517569345626901,0.93565390322973,-0.286031453783182
"11176","TMEM160","TMEM160",-0.0432425069667007,5.08754215227332,0.422026724529366,0.517659718149931,0.93565390322973,-0.285955628461926
"10434","SPIRE2","SPIRE2",-0.170149667586767,1.86432603995053,0.978029411179528,0.517904832812703,0.93565390322973,-0.285750036357861
"7428","NUDT2","NUDT2",-0.0880869769475,4.47268791387906,0.420682894073124,0.518325502175722,0.93565390322973,-0.28539742287622
"6678","MRPL11","MRPL11",-0.0430001947536664,5.64651291172329,0.420209743184965,0.518560279250823,0.93565390322973,-0.285200752439105
"7468","NUTF2","NUTF2",-0.0484050320808435,6.3761058471477,0.419056810488522,0.519133151982115,0.93565390322973,-0.284721236073634
"5044","KATNAL1","KATNAL1",-0.0827115032552699,4.16684733763875,0.419011425942043,0.519155725711021,0.93565390322973,-0.28470235183802
"5607","LOC100287177","LOC100287177",-0.246924590761667,1.38726234151493,0.967983165481409,0.519197970824474,0.93565390322973,-0.284667013552556
"952","BAHD1","BAHD1",-0.0811410307176027,3.26426432295384,0.495997818003377,0.519398459505103,0.93565390322973,-0.284499342788013
"9525","SCLT1","SCLT1",-0.0613319735001787,4.5114929591539,0.418189033099635,0.519565075442917,0.93565390322973,-0.284360049385355
"10862","TBCK","TBCK",-0.0807308333072933,5.23747286066221,0.41816419233063,0.519577448944608,0.93565390322973,-0.284349706735756
"4599","HPS4","HPS4",-0.0471165645931592,5.08828631329782,0.417999381925463,0.519659556324016,0.93565390322973,-0.284281081808633
"10442","SPOPL","SPOPL",-0.0850620980150085,3.78454611764379,0.417632266399539,0.519842533386783,0.93565390322973,-0.284128189514752
"1949","CHI3L2","CHI3L2",-0.120652506339088,4.11185602059248,0.417449312598686,0.519933763547391,0.93565390322973,-0.284051979361561
"3327","EXOSC6","EXOSC6",-0.0587422258322027,5.58830401687223,0.4172009101537,0.520057675219364,0.93565390322973,-0.283948489748801
"3597","FCMR","FAIM3",-0.0464861818711219,8.82443459937272,0.417080521722613,0.520117747950854,0.93565390322973,-0.283898326564309
"5931","LOC653075","LOC653075",-0.246976636820873,1.38451875042352,1.1914591623577,0.520307459433312,0.93565390322973,-0.28373994775858
"8406","PRH2","PRH2",-0.163138278311524,2.00261754060634,0.416594587644399,0.520360349824868,0.93565390322973,-0.283695803018032
"9871","SLC24A1","SLC24A1",-0.0893244402463992,3.43166228894912,0.416336534173883,0.520489264297611,0.93565390322973,-0.28358822389483
"506","ANXA6","ANXA6",-0.0730059698123386,8.8610667538818,0.416239244157748,0.520537881699029,0.93565390322973,-0.283547659593972
"3596","FCHSD2","FCHSD2",-0.048437250004598,5.39710147111332,0.416144866343137,0.520585051531041,0.93565390322973,-0.283508306704673
"613","ARHGAP15","ARHGAP15",-0.0455825334631987,9.59336920890742,0.41521709564931,0.521049153805614,0.936098876824639,-0.28312130506976
"1485","CBWD1","CBWD1",-0.074655936195427,3.6042538242039,0.732766983674964,0.521193416118428,0.936098876824639,-0.283001079071303
"5855","LOC389791","LOC389791",-0.231284602725102,1.4710969443981,1.79906163213356,0.52131619390427,0.936189781771884,-0.282898784157903
"29","ABCB10","ABCB10",-0.0628663643681001,3.99337915095279,0.420925692933517,0.52142401423648,0.936203885060982,-0.282808971230163
"8049","PLAGL1","PLAGL1",-0.140339769032847,2.13949009940767,0.566056341569585,0.521781768346293,0.936203885060982,-0.282511099718224
"8587","PTGDS","PTGDS",-0.171029090855965,1.93344556365656,0.41359133825723,0.521864188489563,0.936203885060982,-0.282442504399553
"8428","PRKCH","PRKCH",-0.0276101220812313,8.58896769153179,0.41329818176578,0.522011396923485,0.936271789338914,-0.282320015068719
"12697","ZNF525","ZNF525",-0.0850823197494032,4.11103260678412,0.412719599175498,0.522302149051325,0.936292962591987,-0.282078187222145
"5700","LOC100506779","LOC100506779",-0.0601440636185638,4.28577375152921,0.411803195433537,0.5227632555391,0.936550064843447,-0.281694946105703
"7964","PIGN","PIGN",-0.076804455794446,4.5378848865815,0.411764110648965,0.52278293794771,0.936550064843447,-0.281678594917196
"11656","TTC39C","TTC39C",-0.0475498086087428,8.18013370221678,0.411735993386831,0.522797098122573,0.936550064843447,-0.281666831712862
"9502","SCAPER","SCAPER",-0.0583361080046947,6.21771431222843,0.411188485856819,0.523072965583159,0.936550064843447,-0.281437725396876
"2487","DAD1","DAD1",-0.0519944854762579,7.47058398775421,0.410915355669794,0.523210682222898,0.936550064843447,-0.281323397743614
"12364","ZCWPW1","ZCWPW1",-0.0988642705928646,2.86029554997721,0.552748454220154,0.523249431125053,0.936550064843447,-0.281291235152458
"3711","FMC1","C7orf55",-0.104500074581026,2.7291216533719,0.802524442182878,0.523367997372377,0.936633056961214,-0.281192836891983
"5470","LIPA","LIPA",-0.0504570142127245,6.87447926821255,0.409956625163626,0.523694602294274,0.936805738613856,-0.280921902336613
"16","AASDH","AASDH",-0.0464909016603893,4.71560963421314,0.409849200768027,0.523748874650026,0.936805738613856,-0.280876897168959
"12762","ZNF610","ZNF610",-0.214745370008674,1.53175530030603,0.573447990859646,0.52382419112613,0.936805738613856,-0.280814448961586
"3605","FDPS","FDPS",-0.0490022328714177,5.67303332883773,0.40933271462287,0.524009951270866,0.936805738613856,-0.280660465418968
"9553","SDF4","SDF4",-0.042061680711689,6.69926783257426,0.409266598205019,0.524043388999762,0.936805738613856,-0.280632753430286
"11305","TMSB15B","TMSB15B",-0.134532714746261,2.21400561756826,0.549496182539777,0.524318122940945,0.936808428942067,-0.280405130733306
"4485","HILPDA","HILPDA",-0.128419864624221,2.308187378817,0.905296163877217,0.524444340097755,0.936808428942067,-0.280300597215145
"7515","OLA1","OLA1",-0.0440154558812508,6.53027380953806,0.408456766652904,0.524453263084971,0.936808428942067,-0.280293208116154
"10558","STAG1","STAG1",-0.0451689769463264,6.35661423187408,0.408403572915951,0.524480205705801,0.936808428942067,-0.280270897775403
"7819","PELI3","PELI3",-0.160756030866765,1.96438001239085,0.895540891829904,0.524830017010219,0.936808428942067,-0.279981333980912
"3720","FN3KRP","FN3KRP",-0.0715674599713672,4.81782870091167,0.40769758702279,0.524838022165339,0.936808428942067,-0.279974709801522
"1836","CENPK","CENPK",-0.160234948785686,5.42794211309645,0.406381300835885,0.525506326953589,0.937163037079431,-0.279422050816539
"785","ATF7IP","ATF7IP",-0.0425446891143735,8.36688558952647,0.406043416329501,0.525678123672692,0.937163037079431,-0.279280095962211
"3845","GALE","GALE",-0.0886097080663577,3.09537713564671,0.405391313366577,0.526009969063139,0.937171458921811,-0.279006024918345
"4213","GSDMB","GSDMB",-0.078420538649897,3.26641851764899,0.405113498193524,0.526151459209506,0.937171458921811,-0.278889220807245
"6969","NADSYN1","NADSYN1",-0.0408889044688523,5.9876481127825,0.4050299807814,0.526194007643988,0.937171458921811,-0.278854102016123
"4341","H3C4","HIST1H3D",-0.090301723202284,3.1139142485913,0.51946105733175,0.526196402880652,0.937171458921811,-0.278852125110869
"12190","WNT10B","WNT10B",-0.121361367098127,2.42048012354147,0.435862073489728,0.526236614334178,0.937171458921811,-0.278818937987131
"1580","CCDC9","CCDC9",-0.133376353193095,2.35232944548144,0.404546248413663,0.526440569470571,0.937171458921811,-0.278650649754494
"11790","UBE2J2","UBE2J2",-0.0527677721163666,5.95399298707397,0.404527348854129,0.526450206920972,0.937171458921811,-0.278642699278296
"1642","CCT6A","CCT6A",-0.0301367564575127,7.31290003164691,0.40431990698434,0.526556008560244,0.937171458921811,-0.278555427109165
"6624","MORN1","MORN1",-0.165222474719318,1.89706712443179,0.900042462534367,0.526758656154554,0.937171458921811,-0.27838831895808
"8850","RASSF6","RASSF6",-0.142995004263069,2.78898815737047,0.403840588716839,0.52680062154541,0.937171458921811,-0.278353721307858
"11788","UBE2I","UBE2I",-0.0337461316322669,7.42288543580003,0.403266264353851,0.527093988543072,0.937171458921811,-0.278111936844158
"5621","LOC100288637","LOC100288637",-0.115155160657904,2.52021424088886,0.554283329031015,0.527133432086983,0.937171458921811,-0.278079438897055
"1190","C11orf80","C11orf80",-0.0589550194038007,4.07086866266646,0.403089233827303,0.527184475613387,0.937171458921811,-0.278037387212815
"5279","KRBOX4","ZNF673",-0.0572067268573168,4.69415686973592,0.40304202465116,0.527208610746271,0.937171458921811,-0.278017505149533
"2123","CNOT10","CNOT10",-0.0585051411256063,6.08706952032739,0.402559138051829,0.527455594986744,0.937313513148927,-0.277814096530691
"6380","MED14","MED14",-0.0585747566091209,4.37182004928091,0.401761084027524,0.527864236057134,0.937313513148927,-0.277477761392094
"1917","CGAS","MB21D1",-0.0513205666267842,4.71704718370104,0.40166100042849,0.527915523773998,0.937313513148927,-0.277435567038141
"499","ANXA1","ANXA1",-0.0460434001443008,9.76051427350542,0.401618274475185,0.527937421369398,0.937313513148927,-0.277417553156768
"4548","HMGN4","HMGN4",-0.0435257680109744,7.58596198656064,0.401615616494945,0.527938783672181,0.937313513148927,-0.277416432493988
"8088","PLEKHG1","PLEKHG1",-0.130430827851245,2.71662622887829,0.401046874333763,0.528230428549686,0.937574681840892,-0.277176585009837
"6950","NAA30","NAA30",-0.0623577405112874,5.13993199870971,0.400183043454149,0.528673947545424,0.937896647648966,-0.27681209060877
"7574","OTULIN","FAM105B",-0.0580202168085115,5.27950887810676,0.400020153642853,0.528757655749876,0.937896647648966,-0.276743331530176
"11590","TSG101","TSG101",-0.0526981615700139,6.03613629114484,0.399809237037065,0.528866080195729,0.937896647648966,-0.276654286367701
"11411","TP63","TP63",-0.244180930284195,1.52863433874264,0.451342244350284,0.528976085954752,0.937896647648966,-0.27656396118343
"6955","NAA60","NAA60",-0.0470882159940915,5.56517228144232,0.399371248380404,0.529091362201803,0.937896647648966,-0.276469328580804
"1624","CCR10","CCR10",-0.113767818664829,3.08052792953442,0.399247700644326,0.529154941017751,0.937896647648966,-0.276417144266279
"4051","GNG5","GNG5",-0.0527179204240504,7.06839838788105,0.399152773410841,0.529203800826792,0.937896647648966,-0.276377045300533
"7311","NOXA1","NOXA1",-0.148891450551576,2.07478450069727,0.631185853547473,0.52927676437498,0.937896647648966,-0.276317171425754
"2887","DTD2","C14orf126",-0.0620723071694545,3.87057153188077,0.457303268943733,0.529363461432122,0.937896647648966,-0.276246038565543
"62","ABHD17C","FAM108C1",-0.174076186091528,1.82271066539352,0.526050205288356,0.529673168708278,0.937896647648966,-0.275992026265976
"1066","BLOC1S3","BLOC1S3",-0.098016048617748,4.48494386075964,0.398198308853211,0.529695524568367,0.937896647648966,-0.275973696430974
"11993","VAMP1","VAMP1",-0.0764484838376136,5.6548364976072,0.398161086532193,0.529714717591196,0.937896647648966,-0.275957960460951
"1983","CHST12","CHST12",-0.0698812600799967,4.68422532148255,0.398126002678154,0.529732809102476,0.937896647648966,-0.275943128119903
"8966","REREP3","REREP3",-0.147164913402563,2.67523261545051,0.398050367661448,0.529771815223102,0.937896647648966,-0.275911150641812
"578","APRT","APRT",-0.0442002590886898,7.75080827823891,0.397449674374192,0.530081786286529,0.937905163220604,-0.275657117960237
"12107","WBP1L","C10orf26",-0.0736222811435507,4.78579303003676,0.397202332742521,0.53020951539759,0.937905163220604,-0.275552482473193
"5665","LOC100505854","LOC100505854",-0.127774288601492,2.3306817783536,0.666851830359179,0.530336739500778,0.937905163220604,-0.275448285742518
"766","ASXL2","ASXL2",-0.0879134600952759,5.15102349789266,0.396466953717683,0.530589599853532,0.937905163220604,-0.275241266925285
"12060","VPS41","VPS41",-0.0564885515840458,5.77511207856842,0.396331648276211,0.530659586892056,0.937905163220604,-0.275183985402605
"4119","GPC2","GPC2",-0.247568662482174,1.37668210092565,0.86663089247033,0.530900521981084,0.937905163220604,-0.274986847660551
"10975","TGFA","TGFA",-0.219973685161221,1.68388486108422,0.395406827991801,0.531138400258516,0.937905163220604,-0.274792298811507
"3391","FAM126A","FAM126A",-0.0633646439611468,5.04666970385074,0.395012789347729,0.531342646404658,0.937905163220604,-0.274625325526495
"3492","FAM98C","FAM98C",-0.0496806697796264,4.53382713637393,0.39498523788517,0.531356932766355,0.937905163220604,-0.274613648683532
"7212","NINJ2","NINJ2",-0.109159118254082,4.58281347337788,0.394937828744967,0.53138151763338,0.937905163220604,-0.274593555174945
"3511","FARSB","FARSB",-0.0466226049503892,5.4307201763781,0.39477156195935,0.531467754585149,0.937905163220604,-0.274523080022257
"8192","POLDIP2","POLDIP2",-0.0431570211033088,6.26344272337133,0.394452747501917,0.531633183862482,0.937905163220604,-0.274387918777877
"5016","JOSD2","JOSD2",-0.0671672392327225,4.03667993203079,0.393344599787877,0.532208916880991,0.938074629286506,-0.273917853347635
"846","ATP5MD","USMG5",-0.0445663991481313,7.18809482962525,0.393250919564259,0.532257639899547,0.938074629286506,-0.273878096085219
"4649","HSPB11","HSPB11",-0.0553481365501333,5.16155659795585,0.392818938458175,0.532482417834408,0.938074629286506,-0.273694727726896
"1843","CENPS","APITD1",-0.175373490741443,1.77665238028077,1.02260473817261,0.532497304919755,0.938074629286506,-0.273682585938879
"4061","GNPDA1","GNPDA1",-0.0624032836749725,4.78994655989566,0.392667138982681,0.532561446442235,0.938074629286506,-0.273630276506611
"7940","PI4KA","PI4KA",-0.0466824013561061,5.1197486075266,0.392047432773942,0.532884294138143,0.93813657174896,-0.273367079664615
"6247","MAPK6","MAPK6",-0.0559138418777982,5.35789943819038,0.391985541280944,0.532916557229514,0.93813657174896,-0.273340786417546
"5644","LOC100499489","LOC100499489",-0.103542887171222,2.63106779383669,0.437457651662431,0.533051469558453,0.93813657174896,-0.273230855014653
"11863","UGP2","UGP2",-0.0595027221345596,7.29031855993314,0.391628205647361,0.533102900338936,0.93813657174896,-0.273188954695503
"12912","ZNF879","ZNF879",-0.0943679204078745,3.0160066467449,0.391227670725193,0.533311911935639,0.93813657174896,-0.273018715904332
"853","ATP5PF","ATP5J",-0.0406509855497912,6.82263611174368,0.391119932627152,0.533368158485237,0.93813657174896,-0.272972914793359
"5265","KNOP1","C16orf88",-0.0602902248515186,3.86337143780291,0.390665665760846,0.533605435221512,0.938257428995483,-0.272779755413305
"7352","NRBP2","NRBP2",-0.113941026543591,2.4749513742114,0.621306954116383,0.534420132750948,0.938466452910664,-0.272117189421084
"2097","CMIP","CMIP",-0.137690496567476,2.12377214423857,0.905670240333598,0.534445532527593,0.938466452910664,-0.272096548879997
"3508","FARP2","FARP2",-0.0947653707858405,2.87543909392392,0.437274958174795,0.534481554375448,0.938466452910664,-0.272067278240402
"2537","DCP1B","DCP1B",-0.0642084012677066,4.73178108005389,0.388986374082044,0.53448424979181,0.938466452910664,-0.27206508807782
"12632","ZNF417","ZNF417",-0.0714203117516394,3.5824614668708,0.388565012349854,0.53470517305105,0.938521229148341,-0.271885614260127
"8940","RDH13","RDH13",-0.0763492381184852,3.80061743863752,0.387847856755363,0.53508156684777,0.938784965639376,-0.271580009882008
"5926","LOC647979","LOC647979",-0.0601379227559355,7.13967448515381,0.387695062514514,0.535161822302676,0.938784965639376,-0.271514876097251
"10967","TFEB","TFEB",-0.158470164169203,1.88524158486431,0.543394227034411,0.535477074139262,0.938834866471857,-0.271259118273672
"6536","MIR3064","MIR3064",-0.0671362581015064,4.2056898988608,0.386950411046822,0.535553266845987,0.938834866471857,-0.271197327172371
"4943","ISOC2","ISOC2",-0.0667574752801778,3.89721338717603,0.386821297356714,0.535621191906675,0.938834866471857,-0.271142248414961
"5748","LOC100652846","LOC100652846",-0.24604755236408,1.40092739622382,1.05310837279581,0.535691591315117,0.938834866471857,-0.271085170640592
"9017","RGS2","RGS2",-0.0938323653703984,6.6403218317218,0.386536050960013,0.535771312246665,0.938834866471857,-0.271020544304744
"11262","TMEM43","TMEM43",-0.0574925112421032,6.73384838164785,0.386353555828427,0.535867396710192,0.938834866471857,-0.270942665534465
"3885","GATD3A","C21orf33",-0.0599885726486851,5.84706586845967,0.385374537094113,0.536383393006424,0.939195810159581,-0.270524676825884
"5460","LINC01550","C14orf64",-0.0801924654062874,4.76712704342939,0.385112991171744,0.536521395974989,0.939230857902088,-0.270412954092086
"9130","RNF167","RNF167",-0.047918845688059,6.64969730814693,0.384717280915598,0.536730313549574,0.939289164211676,-0.270243875859728
"705","ARNT","ARNT",-0.0449848708732824,5.86759748576822,0.384440615157616,0.536876469443615,0.939289164211676,-0.270125630148771
"7299","NOP16","NOP16",-0.0699288853967718,4.68158701053471,0.384313715142375,0.536943532089246,0.939289164211676,-0.27007138467572
"1287","C22orf39","C22orf39",-0.0390890133540037,5.46518837265979,0.383615840978498,0.537312611202805,0.939713653073556,-0.2697729660356
"12314","ZBTB4","ZBTB4",-0.0528698958656331,5.22402095162826,0.38300544995181,0.537635805571819,0.939961307067479,-0.269511815764416
"12731","ZNF571","ZNF571",-0.0918973630057622,3.65912748246676,0.38138870914094,0.538493577073726,0.939961307067479,-0.268819472418134
"10798","TANK","TANK",-0.0395553202705674,7.31602727881309,0.381305541439819,0.538537770220143,0.939961307067479,-0.268783832156249
"11942","USP31","USP31",-0.107376147132073,2.55480492797388,0.3882591326013,0.538896820765764,0.939961307067479,-0.26849437852674
"8169","PNPO","PNPO",-0.0657940168948791,4.06334673306537,0.38036245324931,0.539039369894981,0.939961307067479,-0.268379514027122
"9114","RNF126","RNF126",-0.057800125255085,6.74725183012054,0.380003935332331,0.539230280231547,0.939961307067479,-0.268225728178535
"285","AGTPBP1","AGTPBP1",-0.0407994293761095,6.40577345248638,0.379758104276197,0.539361256937868,0.939961307067479,-0.268120252733694
"5857","LOC391322","LOC391322",-0.183973957170852,1.99270233149535,0.379176667985301,0.539671274660635,0.939961307067479,-0.267870697718341
"4721","IFI6","IFI6",-0.112241846816041,6.82020268948529,0.379041331333344,0.539743482331843,0.939961307067479,-0.267812593281654
"4155","GPR37L1","GPR37L1",-0.205028908588753,1.5411430927795,1.60456673071758,0.539911293987192,0.939961307067479,-0.267677587763033
"4848","ING4","ING4",-0.0671800532259775,5.71028787225289,0.378406496701679,0.540082430641677,0.939961307067479,-0.267539950471961
"1806","CDYL","CDYL",-0.0687478843116205,3.47257379525757,0.376474951452623,0.541116133688676,0.939961307067479,-0.266709517134674
"2145","COA3","CCDC56",-0.0689078792181259,4.6863993902228,0.376212000220778,0.541257139766228,0.939961307067479,-0.266596361787541
"5465","LINC02249","DKFZP434L187",-0.157130006503639,1.89451801783918,1.18381099505673,0.541317893633211,0.939961307067479,-0.266547616770524
"3593","FCHO1","FCHO1",-0.0673819123673109,4.89641658772791,0.376082458010802,0.54132663101274,0.939961307067479,-0.266540606906013
"242","AEBP1","AEBP1",-0.184588694338877,1.66586874793231,0.539327482139088,0.541577077048749,0.939961307067479,-0.266339726010356
"4511","HLA-DPA1","HLA-DPA1",-0.0673292947678685,6.86918854495607,0.375469792926874,0.5416555110276,0.939961307067479,-0.266276833803008
"7063","NDOR1","NDOR1",-0.067679858385466,3.82113681204303,0.375375671182576,0.541706068560929,0.939961307067479,-0.266236299122486
"3850","GALNT1","GALNT1",-0.0528312259415295,5.47344655246296,0.375364692862113,0.541711966139067,0.939961307067479,-0.266231570964821
"12095","WASH2P","WASH2P",-0.150938139779491,1.96170961638157,1.45486652019125,0.541723394499264,0.939961307067479,-0.266222408860739
"6168","MAGOHB","MAGOHB",-0.0585647209910701,4.33793720091647,0.375220828226322,0.541789261526517,0.939961307067479,-0.266169607102768
"976","BBS7","BBS7",-0.080565615186784,3.35909881806941,0.416992677389218,0.541791666943157,0.939961307067479,-0.266167678941897
"12869","ZNF786","ZNF786",-0.0755076365394112,3.40399690838262,0.438921726837166,0.542135701603887,0.939961307067479,-0.265891991909553
"8975","REX1BD","C19orf60",-0.0392610410195413,6.30124603758577,0.374418919257964,0.542220484504452,0.939961307067479,-0.265824079268998
"6455","MFSD10","MFSD10",-0.0403461782052236,6.11781943792715,0.374308076787583,0.542280139568514,0.939961307067479,-0.265776300845287
"6635","MPDU1","MPDU1",-0.061201933747225,5.00575295086977,0.374246910913071,0.542313064055074,0.939961307067479,-0.265749933497992
"5600","LOC100271722","LOC100271722",-0.283480675829776,1.36617596574294,0.691103211358284,0.542417526330945,0.939961307067479,-0.265666286202488
"5018","JPT2","HN1L",-0.0956185035774273,4.16667228778438,0.374002620985039,0.542444597871869,0.939961307067479,-0.265644611520369
"5224","KLHL13","KLHL13",-0.257543561417284,1.30176540045087,0.442148069845016,0.542903443744143,0.939961307067479,-0.26527740351961
"8521","PSMA6","PSMA6",-0.0322386818120968,7.58562217936883,0.372967687463058,0.543002497275986,0.939961307067479,-0.265198173080238
"10816","TAS2R19","TAS2R19",-0.231520416489468,1.39283684057235,0.602981462717861,0.543044799625349,0.939961307067479,-0.265164340894547
"11423","TPM1","TPM1",-0.0927258958399047,2.97200957232712,0.372876466650918,0.543051722536866,0.939961307067479,-0.265158804402699
"1261","C1orf216","C1orf216",-0.0847778113505075,4.24693915145128,0.372417058772907,0.543299757637887,0.939987607437071,-0.26496048870188
"4433","HEBP1","HEBP1",-0.0633393890331967,3.89493405278309,0.372016720246583,0.543516072694396,0.939987607437071,-0.264787608561541
"1224","C16orf74","C16orf74",-0.103294040277737,2.8891926712372,0.371909345281773,0.543574117859625,0.939987607437071,-0.264741230266156
"2899","DTYMK","DTYMK",-0.0702083543833058,4.0478402243333,0.371175935868463,0.543970895393598,0.940297724975502,-0.264424336162292
"6985","NAP1L2","NAP1L2",-0.102063829755157,3.44963136472932,0.370775844268589,0.54418757370015,0.940546948256335,-0.264251379379249
"7967","PIGQ","PIGQ",-0.0635894167825851,4.33388176629697,0.370198487915541,0.544500536795086,0.940820874229519,-0.264001687759393
"6774","MSL2","MSL2",-0.056911708509051,5.76373849434615,0.370082171859583,0.544563627887879,0.940820874229519,-0.263951369120002
"7538","ORMDL1","ORMDL1",-0.0404936286738737,7.5012318859164,0.36918198516998,0.545052359711936,0.940908598498307,-0.26356177581196
"10918","TDRD7","TDRD7",-0.0717036668588931,3.71939683388109,0.368850687516478,0.545232434543133,0.940908598498307,-0.263418316953061
"7580","OXLD1","C17orf90",-0.0576125907610201,4.9008080892942,0.368728250522814,0.545299012500413,0.940908598498307,-0.263365288790366
"3070","EIF3F","EIF3F",-0.0303854863785172,8.71360105849262,0.368553160114494,0.545394248318676,0.940908598498307,-0.263289446402882
"10630","STRBP","STRBP",-0.0665029256106068,4.51063291770765,0.36837507582584,0.545491144405308,0.940908598498307,-0.263212295427841
"8999","RFX7","RFX7",-0.057372144502577,5.41062036408277,0.368295441803967,0.545534483857589,0.940908598498307,-0.263177791957902
"11657","TTC4","TTC4",-0.186547652058745,1.64789784199583,1.48844202462093,0.545697057331674,0.940908598498307,-0.263048388141101
"6061","LRRCC1","LRRCC1",-0.124162662976551,3.22518941369659,0.367982890026942,0.54570464691497,0.940908598498307,-0.263042347992671
"4013","GLT8D1","GLT8D1",-0.054827073467082,5.5804638417503,0.367946965612709,0.545724211646902,0.940908598498307,-0.263026777843408
"12930","ZNRF3","ZNRF3",-0.161108538275798,1.84571237974392,0.933777020233379,0.545810020494528,0.940908598498307,-0.262958495405713
"6610","MOCS2","MOCS2",-0.052450641743828,5.18427889930595,0.367247989861476,0.546105140356908,0.940977817220105,-0.262723735535261
"2937","DYNLL1","DYNLL1",-0.0801864358206821,5.90789802305792,0.366756123258659,0.546373496260682,0.941087380165085,-0.262510375774013
"7199","NHLRC2","NHLRC2",-0.0666044333152088,4.79811657472934,0.366459555650611,0.546535418730388,0.941094237747454,-0.262381687948999
"8270","PPAN","PPAN",-0.170167009368727,1.7596401247345,0.804093977609533,0.54680387378875,0.941225705732692,-0.262168417368446
"3862","GAN","GAN",-0.0866754501545573,2.97958847814263,0.365146704110793,0.547253299675209,0.941556298358474,-0.26181161116448
"2469","CYP4F22","CYP4F22",-0.247649313919666,1.38975365875019,0.612212266391065,0.547327938990807,0.941556298358474,-0.261752382225042
"11011","THNSL1","THNSL1",-0.113618195950352,2.83500655845901,0.364462562246025,0.547628095514892,0.941556298358474,-0.261514278919933
"4396","HCG26","HCG26",-0.115256447820906,2.76351409933202,0.364413562174736,0.547654957848543,0.941556298358474,-0.261492976365781
"9143","RNF212","RNF212",-0.120339485947519,2.34197710458068,0.393829208925972,0.548010867938624,0.941556298358474,-0.261210828670791
"12820","ZNF706","ZNF706",-0.0289616494543879,6.59699062735122,0.363601400529453,0.548100553031735,0.941556298358474,-0.261139759725811
"3454","FAM234B","KIAA1467",-0.0792420274760006,3.31449479108189,0.36327490536818,0.5482798773233,0.941556298358474,-0.260997693069319
"10203","SNORA70","SNORA70",-0.0616171538727754,4.43467879374414,0.362850561372152,0.548513108707915,0.941556298358474,-0.260812988925216
"263","AGAP7P","AGAP7",-0.215468135681309,1.46149406803433,1.06443274528408,0.54858898948536,0.941556298358474,-0.260752913198382
"3813","FYB1","FYB",-0.0331155681481796,10.331691594244,0.362340038450203,0.5487939533793,0.941556298358474,-0.260590682338606
"11209","TMEM199","TMEM199",-0.0417159441532559,5.25447757620488,0.362321908458125,0.54880393186635,0.941556298358474,-0.260582785818538
"2379","CTPS1","CTPS",-0.0661293874184523,4.86687309604132,0.361879786954051,0.549047374730313,0.941556298358474,-0.26039018069328
"10070","SMAD5-AS1","SMAD5-AS1",-0.243422992539155,1.37457803632849,0.672786125932939,0.549086449087428,0.941556298358474,-0.260359274118293
"12639","ZNF429","ZNF429",-0.106635179904275,3.60371557194729,0.361716020931595,0.549137599795709,0.941556298358474,-0.260318818857108
"4429","HEATR5A","HEATR5A",-0.0611551338013639,4.03218844522707,0.361712011579591,0.549139809052981,0.941556298358474,-0.260317071633257
"5605","LOC100287015","LOC100287015",-0.10378098454251,2.62062298904401,0.566591280977593,0.549243690625166,0.941556298358474,-0.260234923287585
"2231","COX20","COX20",-0.16302068079238,1.84344742243247,0.964305261208375,0.549261129680363,0.941556298358474,-0.260221134207551
"12169","WDR90","WDR90",-0.132551514697302,2.1411642626483,0.535101947809857,0.549383130885994,0.941556298358474,-0.260124679963879
"8615","PTPN23","PTPN23",-0.0767471238653558,3.32472695119524,0.360995894192953,0.549534676581682,0.941556298358474,-0.260004897648289
"5178","KIF2A","KIF2A",-0.0456453597735279,7.3174425274977,0.360750364699952,0.54967018464063,0.941556298358474,-0.259897819514579
"4518","HLA-DRB1","HLA-DRB1",-0.100047531696646,5.96209278580212,0.360261881525864,0.549939966240022,0.941556298358474,-0.259684717330696
"6347","MCRS1","MCRS1",-0.0440399790008316,5.6336634177112,0.359936997391214,0.55011953271888,0.941556298358474,-0.259542934578638
"4251","GTF2H3","GTF2H3",-0.0469115977561019,4.66745524825383,0.359749759443379,0.550223071037043,0.941556298358474,-0.259461203451945
"1176","BZW1","BZW1",-0.0397487201751855,8.02996259642412,0.359151515355681,0.550554132581354,0.941556298358474,-0.259199973103557
"8384","PRDM11","PRDM11",-0.234043321887291,1.41016747368617,0.715520759479647,0.550801866632056,0.941556298358474,-0.259004596616588
"12316","ZBTB41","ZBTB41",-0.0611892503529442,4.81199242677115,0.358488976653705,0.550921212518143,0.941556298358474,-0.25891050535001
"7543","OSBP2","OSBP2",-0.160080634478891,1.81076524886246,0.556473587402672,0.5510291279248,0.941556298358474,-0.258825443321254
"11344","TNIK","TNIK",-0.0589106384259091,6.6641764230946,0.357994962026461,0.551195222207197,0.941556298358474,-0.258694555574384
"799","ATG4C","ATG4C",-0.0933013163351683,4.22075620560302,0.357903058724045,0.551246225584435,0.941556298358474,-0.258654371153972
"11879","UNC13D","UNC13D",-0.0581556565635531,6.3914439245964,0.357794265265614,0.551306613972425,0.941556298358474,-0.258606797300347
"10463","SPTLC2","SPTLC2",-0.0498364307767298,5.26435376921375,0.357697530399984,0.551360319444067,0.941556298358474,-0.258564492612877
"937","B4GALT7","B4GALT7",-0.0621954045270247,3.78699208003399,0.357682903905486,0.551368440672642,0.941556298358474,-0.258558095745608
"8834","RASAL3","RASAL3",-0.0564434400729703,6.79497429368854,0.357443765160403,0.55150125234172,0.941556298358474,-0.258453497032528
"5109","KDM1B","KDM1B",-0.0755917941350293,3.36297481157668,0.357167129568914,0.551654964221406,0.941556298358474,-0.258332469347455
"10029","SLC7A11","SLC7A11",-0.204719230887635,1.51224062832132,0.820727948961679,0.551946638060285,0.941556298358474,-0.258102907626218
"5313","LAGE3","LAGE3",-0.060462194105867,4.1225945874176,0.356509246220038,0.552020840874445,0.941556298358474,-0.258044525702121
"3927","GEM","GEM",-0.24090476642136,1.63091195515981,0.356425457432629,0.552067472285701,0.941556298358474,-0.258007840657343
"5546","LOC100130872","LOC100130872",-0.0751333464867892,3.18835732391737,0.425535479725137,0.552074789745645,0.941556298358474,-0.258002084275064
"7702","PCBP1-AS1","PCBP1-AS1",-0.0823287916510472,3.07760400401899,0.512553490663727,0.552239995338213,0.941556298358474,-0.25787214328589
"9388","RTL8C","FAM127A",-0.0605989497660765,4.06804666739495,0.355227533701916,0.55273497487529,0.941556298358474,-0.257483054117752
"12563","ZNF277","ZNF277",-0.0573050905407414,5.69101736395025,0.355195531658418,0.552752827885282,0.941556298358474,-0.25746902689157
"9804","SIT1","SIT1",-0.049003469139099,6.37560481751582,0.355037737117015,0.552840872844648,0.941556298358474,-0.257399856019725
"6640","MPHOSPH8","MPHOSPH8",-0.0394886782331392,7.15246658750965,0.354031462133347,0.553402971908526,0.941556298358474,-0.256958512921832
"2078","CLPTM1L","CLPTM1L",-0.0821575258353026,3.9682395671016,0.353979762161545,0.553431880459199,0.941556298358474,-0.256935826928501
"5510","LOC100128252","LOC100128252",-0.182585934581572,1.63556351483968,0.56392708700147,0.554331868871969,0.941556298358474,-0.256230152839283
"6723","MRPL55","MRPL55",-0.0416138335020431,5.78477000511343,0.352303006461782,0.55437101114568,0.941556298358474,-0.256199487683098
"8388","PRDM8","PRDM8",-0.0746305959919814,3.25223413774805,0.363391522696431,0.554775427476127,0.941556298358474,-0.255882783265409
"6224","MAP3K5","MAP3K5",-0.0607421269380349,5.33187936924582,0.351551633281699,0.554792829080934,0.941556298358474,-0.255869160992241
"11601","TSPAN14","TSPAN14",-0.0355411889313377,8.3183802491927,0.351014806018489,0.555094575817361,0.941556298358474,-0.255633016415389
"11094","TLR6","TLR6",-0.113597630360629,2.424060977627,0.434553925178332,0.55521290484845,0.941556298358474,-0.255540448101944
"3992","GLB1L2","GLB1L2",-0.179653134350387,1.71090437522162,0.349932605632567,0.555703823540587,0.941556298358474,-0.255156615025192
"6900","MYL12A","MYL12A",-0.0422567673624622,10.1254207385755,0.349837456494152,0.555757450695503,0.941556298358474,-0.255114706273141
"2775","DNAJC10","DNAJC10",-0.0548867706018932,6.39843096864384,0.349799075707054,0.555779085342808,0.941556298358474,-0.255097800291845
"7394","NT5E","NT5E",-0.153994964345434,2.75784513868357,0.349044491282019,0.556204759081207,0.941556298358474,-0.254765299481452
"5633","LOC100302650","LOC100302650",-0.0978617806329206,2.89086713310045,0.348927978249167,0.556270541460832,0.941556298358474,-0.254713938476858
"6267","MARCHF7","MARCH7",-0.0484255195864135,7.63749493103035,0.348541919941974,0.556488613198173,0.941556298358474,-0.25454371771884
"10539","ST3GAL1","ST3GAL1",-0.041060038957817,7.1840252267278,0.348397909630178,0.556570001714532,0.941556298358474,-0.254480205190148
"5143","KIAA0825","KIAA0825",-0.0795453440914614,4.49349699526877,0.34777927147959,0.556919888443942,0.941556298358474,-0.254207272526424
"668","ARL14EP","C11orf46",-0.0546943523374793,6.66523781450313,0.347677598086732,0.556977432652869,0.941556298358474,-0.254162401007386
"10716","SWAP70","SWAP70",-0.0846362850918845,3.60692220572374,0.347424249546083,0.557120870064323,0.941556298358474,-0.25405057231779
"11351","TNKS1BP1","TNKS1BP1",-0.115767335724408,2.3355530421715,0.455100097371588,0.55729136350183,0.941556298358474,-0.253917687273176
"8359","PPP4R1","PPP4R1",-0.0422930298221386,4.98947301364285,0.346828891119859,0.557458220066592,0.941556298358474,-0.253787676216066
"11635","TTC17","TTC17",-0.0387840206079776,6.85800742015446,0.346745215664917,0.557505664691673,0.941556298358474,-0.253750715487269
"1227","C16orf91","C16orf91",-0.060363504216663,3.68437498730312,0.585881858588592,0.557506874498628,0.941556298358474,-0.253749773053949
"10099","SMDT1","C22orf32",-0.0449110388287669,7.00080334647872,0.346333620861111,0.557739154613994,0.941556298358474,-0.253568865933574
"5275","KPTN","KPTN",-0.111460504320346,2.40507426489256,0.469776281088273,0.557742419279062,0.941556298358474,-0.253566323845821
"12005","VASH2","VASH2",-0.227953884717637,1.41337626291871,0.503050654924017,0.557756722308031,0.941556298358474,-0.253555186721058
"9039","RHOG","RHOG",-0.0423623231519047,7.91295075211175,0.346095534338346,0.55787430203785,0.941556298358474,-0.253463643501268
"6337","MCM8","MCM8",-0.135912762891031,2.08547406399472,0.391752496804476,0.557991496318197,0.941556298358474,-0.253372419575367
"11887","UNKL","UNKL",-0.0634857074635052,3.99196780959404,0.3456522360209,0.558126103004227,0.941556298358474,-0.253267665486212
"1122","BRI3","BRI3",-0.0671578130954064,4.58821783538734,0.345454645844687,0.558238407727414,0.941556298358474,-0.253180286639487
"3219","EPS8L2","EPS8L2",-0.0797125943595729,3.44076947706157,0.345307064759533,0.558322316933382,0.941556298358474,-0.253115012437383
"7133","NEIL3","NEIL3",-0.218072398696449,1.41388662155577,0.377262943698802,0.55887219162867,0.941556298358474,-0.25268749947817
"410","AMPH","AMPH",-0.232408612433249,1.37882408602484,0.585978017709768,0.559045463570152,0.941556298358474,-0.252552872301818
"11980","UTP25","DIEXF",-0.053142424243705,5.09707222795819,0.343937678160603,0.559102054762723,0.941556298358474,-0.252508911657492
"4460","HERPUD1","HERPUD1",-0.060988425752903,7.50815040026739,0.34385118974912,0.55915137198537,0.941556298358474,-0.252470605139202
"1425","CAPS","CAPS",-0.0669368958975524,3.91580332246332,0.343763843955378,0.559201186579117,0.941556298358474,-0.252431915724077
"3674","FLACC1","ALS2CR12",-0.146434803956099,1.95141374796212,0.674546026677487,0.559279647967458,0.941556298358474,-0.25237098424094
"7725","PCMTD1","PCMTD1",-0.0646352010186022,6.24196307785156,0.34306191926565,0.559601814234542,0.941556298358474,-0.252120886190979
"3414","FAM171A1","FAM171A1",-0.0979081310110479,3.20015798782127,0.342345968584996,0.560011015880187,0.941556298358474,-0.251803429977863
"4391","HCFC1R1","HCFC1R1",-0.0725071915631626,3.27566286568496,0.451287236013781,0.560124434675212,0.941556298358474,-0.251715481405274
"7206","NICN1","NICN1",-0.0653543818485176,3.8606035713954,0.342104756576596,0.560149010226268,0.941556298358474,-0.25169642708195
"7932","PHRF1","PHRF1",-0.0557018082945295,4.9634510769493,0.341529666453943,0.560478276124896,0.941556298358474,-0.251441215793219
"12663","ZNF468","ZNF468",-0.0646570917249111,4.99551300796341,0.341491114235513,0.560500362391349,0.941556298358474,-0.251424102275944
"252","AFG1L","LACE1",-0.10735595821055,2.44756098340027,0.397839077651406,0.560539586152606,0.941556298358474,-0.251393711453382
"11805","UBE2W","UBE2W",-0.0487440444587233,4.96977454851933,0.341246664247293,0.56064044490137,0.941556298358474,-0.251315575209524
"4303","H1FX-AS1","H1FX-AS1",-0.185541695248387,1.58606016380411,0.5878001160218,0.560699778863805,0.941556298358474,-0.251269615184274
"5396","LHFPL4","LHFPL4",-0.210402402365557,1.49252043235676,0.432987798600104,0.560720041614279,0.941556298358474,-0.251253920793004
"5042","KAT8","KAT8",-0.0708996255485615,5.58748863277962,0.341054680924295,0.560750508572845,0.941556298358474,-0.251230323861303
"868","ATP6V1D","ATP6V1D",-0.0525403597892612,5.3161893474741,0.340872952824779,0.560854731299152,0.941556298358474,-0.251149612121655
"4680","ICA1","ICA1",-0.0924941540351786,3.81057218048486,0.340590724189674,0.561016666018877,0.941556298358474,-0.251024237045935
"2254","CPNE2","CPNE2",-0.106236289069019,2.85978776986634,0.340445138010197,0.561100234442241,0.941556298358474,-0.250959549836999
"3536","FBXL16","FBXL16",-0.0846921083499513,3.67296581316863,0.339819049612023,0.561459891329603,0.941862384174896,-0.250681262726459
"3731","FNTB","FNTB",-0.219155867354295,1.40099242330323,0.967957867440926,0.561524521539357,0.941862384174896,-0.250631273531293
"12848","ZNF763","ZNF763",-0.106327603102942,2.48637625100872,0.339534692150648,0.561623387555548,0.941862384174896,-0.250554815274918
"5495","LMO4","LMO4",-0.0644024941131602,4.71670781489119,0.339367311294173,0.561719669032696,0.941862384174896,-0.250480368712771
"9270","RPN2","RPN2",-0.0306513743233526,8.25041121000814,0.338554202506084,0.562187842519998,0.942108923320701,-0.250118550374911
"693","ARMC7","ARMC7",-0.0651747873048695,3.66320068140863,0.337799030090271,0.562623333102744,0.9425712117967,-0.249782260745937
"10725","SYCP3","SYCP3",-0.232090962080326,1.3925177792235,0.71356516427011,0.562929760786823,0.9425712117967,-0.249545790593959
"616","ARHGAP19","ARHGAP19",-0.0702782493914359,3.63804492959083,0.337112829275535,0.563019615531319,0.9425712117967,-0.249476474120926
"8926","RCC1L","WBSCR16",-0.0854777086002686,3.72131842176858,0.336442262328348,0.563407391717665,0.9425712117967,-0.249177459513655
"12464","ZMYM6","ZMYM6",-0.0382907788851956,5.43091035461248,0.336400325300693,0.56343166029678,0.9425712117967,-0.249158752831496
"8135","PM20D2","PM20D2",-0.0529443234729935,4.49556543807555,0.335804465770967,0.563776697847261,0.9425712117967,-0.248892878456415
"204","ADCY7","ADCY7",-0.047788957890085,6.32375577426431,0.335295575235269,0.564071699786528,0.9425712117967,-0.24866568884908
"11707","TUT1","TUT1",-0.0562935194572351,4.38297712491307,0.335163318177371,0.564148417741957,0.9425712117967,-0.248606625578998
"2221","CORO7","CORO7",-0.0466024763387124,4.96939922589789,0.334967188679555,0.564262223279507,0.9425712117967,-0.248519024283266
"7528","OR7D2","OR7D2",-0.149654441807779,1.87430278481636,0.927698900418883,0.564522564007628,0.9425712117967,-0.248318694610301
"12696","ZNF524","ZNF524",-0.0608358810290867,3.97246118008239,0.334304308205285,0.564647194514883,0.9425712117967,-0.248222825337521
"6254","MAPKAPK3","MAPKAPK3",-0.0498898260017055,6.18293352677963,0.334193213986633,0.564711762969581,0.9425712117967,-0.248173165796725
"2447","CYBC1","C17orf62",-0.0644793373211353,6.74866077628691,0.334164183974428,0.56472863770619,0.9425712117967,-0.248160188387756
"10775","TAF2","TAF2",-0.0427719339802935,5.94257672116195,0.333855348980501,0.56490821981553,0.9425712117967,-0.248022105924754
"11682","TUBA1B","TUBA1B",-0.0353007300830082,6.4038183222024,0.333844280965854,0.564914657731279,0.9425712117967,-0.248017156562619
"10311","SNX10","SNX10",-0.0449798714201113,5.17865278851792,0.333811380964599,0.564933795468571,0.9425712117967,-0.24800244412277
"1459","CASP8AP2","CASP8AP2",-0.0728070099350199,6.70633400601988,0.333317022851686,0.565221512531312,0.9425712117967,-0.247781317106842
"4655","HTATIP2","HTATIP2",-0.0404109263692068,5.91489375520466,0.333261388133939,0.565253909850456,0.9425712117967,-0.247756424965609
"12536","ZNF234","ZNF234",-0.0933924523538495,3.81209815112698,0.333147706873115,0.565320120181233,0.9425712117967,-0.247705557387599
"10561","STAG3L1","STAG3L1",-0.210706034850611,1.43305969239826,1.04249034640387,0.56540848718039,0.9425712117967,-0.247637676730925
"4395","HCG25","HCG25",-0.21725847848297,1.43776803396785,1.23704090691619,0.565871664008178,0.942615771072801,-0.247282052792005
"3075","EIF3K","EIF3K",-0.0294520673043448,8.07841512017378,0.331971782417598,0.566005889784348,0.942615771072801,-0.247179049575804
"2092","CMAS","CMAS",-0.0385042832387106,5.70315262363309,0.330701103973871,0.566748742025045,0.942615771072801,-0.246609435175309
"5676","LOC100506123","LOC100506123",-0.112924887056447,2.3514404251534,0.811201044096729,0.567034476819473,0.942615771072801,-0.246390534339466
"3136","EMC2","TTC35",-0.0597581873702547,4.49012232503192,0.330009924944343,0.567153612056996,0.942615771072801,-0.246299297661962
"3982","GJA1","GJA1",-0.220875767450517,1.38142802802707,0.653543981439847,0.567510992805907,0.942615771072801,-0.246025721678966
"8640","PURA","PURA",-0.0701040027483092,4.33470539750421,0.329392211738168,0.567515926601115,0.942615771072801,-0.246021946050394
"8315","PPP1R12A","PPP1R12A",-0.0367688278500521,7.88202692704155,0.329339725537835,0.567546732799109,0.942615771072801,-0.245998372088746
"10336","SNX7","SNX7",-0.238239525826139,1.3963234209847,0.329058143043855,0.567712060389702,0.942615771072801,-0.245871879589874
"3431","FAM204A","FAM204A",-0.0319383853278933,6.44157594061133,0.329052037409346,0.567715646278835,0.942615771072801,-0.245869136426475
"5014","JMY","JMY",-0.0743884271231803,5.89260166092887,0.328970525665093,0.567763523037588,0.942615771072801,-0.245832512923884
"1967","CHN2","CHN2",-0.095740151615155,2.90386341750137,0.328591482341787,0.567986261827809,0.942615771072801,-0.245662168663153
"11925","USP11","USP11",-0.0475850273976978,5.75878519949976,0.328570036470169,0.567998869264606,0.942615771072801,-0.245652528853472
"4743","IFT22","RABL5",-0.0759310129416323,3.09490937320699,0.360789909908556,0.568254882419304,0.942615771072801,-0.245456824149137
"4334","H2BU1","HIST3H2BB",-0.199757811948294,1.48808574303577,0.852480400701779,0.568330452310775,0.942615771072801,-0.245399072943118
"6223","MAP3K4","MAP3K4",-0.0586486021038121,5.59369505072164,0.327933833473427,0.568373124813773,0.942615771072801,-0.245366465616172
"9612","SELPLG","SELPLG",-0.0475545507596987,9.21057555980651,0.327796871072286,0.568453758093026,0.942615771072801,-0.245304858015538
"7013","NBPF10","NBPF10",-0.0914052745485251,2.74578440897029,0.472800016090054,0.568582055400085,0.942647284946365,-0.245206850877902
"3443","FAM217B","FAM217B",-0.0409753411429011,6.0020397377226,0.327447916574608,0.568659297888102,0.94265487752394,-0.245147855509383
"11992","VAC14","VAC14",-0.0715821644962757,4.98457568351582,0.32687517995817,0.568996964884647,0.942853190119878,-0.244890050190808
"3900","GCAT","GCAT",-0.11646719143776,2.28347256039438,0.326507883268536,0.569213718173927,0.942971467995193,-0.244724641870524
"3629","FGF7P6","KGFLP1",-0.19298273594965,1.56207310170782,0.359136170201013,0.569518735654531,0.943212456729783,-0.244491984214316
"10541","ST3GAL3","ST3GAL3",-0.0586744786206047,3.91464633121542,0.325827361601157,0.569615743914563,0.943212456729783,-0.244418015507568
"11030","TIAL1","TIAL1",-0.0503209455480075,5.65684523563852,0.324845924633367,0.570196521952037,0.94371975345405,-0.243975436099946
"10407","SPDL1","CCDC99",-0.100959967222394,2.64833991054831,0.374508259972711,0.570450690385249,0.943721343918261,-0.243781889929577
"4624","HSD17B7P2","HSD17B7P2",-0.112128598167014,2.34585516232989,0.60594683191781,0.570527238410609,0.943721343918261,-0.243723616435891
"8353","PPP2R5E","PPP2R5E",-0.0456441671877641,6.67258152477762,0.324190523378402,0.570585012993595,0.943721343918261,-0.243679639723564
"1112","BRD2","BRD2",-0.0317171283907029,7.52534016631826,0.324144930846239,0.570612057480524,0.943721343918261,-0.243659055598796
"3016","EFEMP2","EFEMP2",-0.220877295240252,1.38158801715332,0.456428697855783,0.570821167486785,0.9438786025032,-0.243499930525408
"11771","UBASH3B","UBASH3B",-0.051843964708344,5.90483167620151,0.3234944709994,0.570998171004788,0.9438786025032,-0.243365282864135
"12758","ZNF605","ZNF605",-0.0736964633602157,4.03905315090216,0.322839388998552,0.571387548839266,0.944335791905961,-0.243069227602763
"12690","ZNF514","ZNF514",-0.12382093326347,2.40283561286913,0.322529857272574,0.571571715302648,0.944335791905961,-0.242929270769655
"12702","ZNF530","ZNF530",-0.0969091974218153,2.80912001838089,0.322344253629022,0.571682202691275,0.944335791905961,-0.242845327801964
"12116","WDR11","WDR11",-0.0502869332376542,5.33864114582075,0.322098202470772,0.571828738667868,0.944335791905961,-0.24273402188598
"2816","DNPEP","DNPEP",-0.0448523263862757,5.6557039124404,0.32208070951402,0.571839159435716,0.944335791905961,-0.242726107557036
"6962","NABP1","OBFC2A",-0.0497377327618628,6.29102994977532,0.321832866172808,0.571986843032078,0.944335791905961,-0.24261396082985
"6165","MAGI3","MAGI3",-0.091755556692085,3.08069640159642,0.321572654614218,0.572141977601127,0.944335791905961,-0.242496187225185
"12839","ZNF74","ZNF74",-0.105759544506209,2.66219684744124,0.32141677791008,0.572234948967179,0.944335791905961,-0.242425621399533
"4349","H4C6","HIST1H4F",-0.190194993292278,1.52432575580891,0.547551316814405,0.572489984144565,0.944403796110068,-0.242232107012174
"4159","GPR68","GPR68",-0.135989230950471,3.83107657326348,0.320636086963338,0.572701035170349,0.944403796110068,-0.242072031888655
"12615","ZNF382","ZNF382",-0.115092010680735,2.93681396659133,0.320118522775095,0.573010444109814,0.944403796110068,-0.241837462189811
"372","ALG8","ALG8",-0.0677859839972135,5.13147468595653,0.319734424036833,0.573240278995929,0.944403796110068,-0.241663301297933
"3990","GLB1","GLB1",-0.0438753945505918,5.63904656830881,0.319696156841689,0.573263187107069,0.944403796110068,-0.241645946154133
"2096","CMC4","MTCP1NB",-0.0798985102368396,3.07977299818209,0.560811825531669,0.573299701319074,0.944403796110068,-0.241618284486465
"12193","WRAP53","WRAP53",-0.0737638223906629,3.24991935983827,0.407769629556301,0.57342719084716,0.944403796110068,-0.241521717467492
"10003","SLC45A1","SLC45A1",-0.190786783633905,1.51500023568783,0.571906855742086,0.57349536993489,0.944403796110068,-0.241470083987378
"3113","ELMO3","ELMO3",-0.153625120719742,1.80283180043942,0.746672872155888,0.573563226051874,0.944403796110068,-0.241418701194368
"11009","THEMIS2","C1orf38",-0.0859982935052214,5.70955608988163,0.319061033798818,0.573643659435429,0.944403796110068,-0.241357802371082
"10370","SP2","SP2",-0.0485808937066052,5.27559876240548,0.319031223989681,0.573661529382339,0.944403796110068,-0.241344273591798
"12913","ZNF880","ZNF880",-0.0747450842240579,4.05639500820221,0.318976222102256,0.573694504002759,0.944403796110068,-0.241319310641713
"2840","DPCD","DPCD",-0.164048210769406,1.80191819308579,0.603023634454822,0.574239090856622,0.944781702686488,-0.240907246591403
"10626","STPG1","C1orf201",-0.108059398247272,2.41618186685857,0.471297516151567,0.57441104221127,0.944875663632874,-0.240777220009961
"6081","LSM6","LSM6",-0.0344856141502365,5.53506817456108,0.316656273736486,0.575088787719241,0.945167300399981,-0.24026509958908
"2644","DGAT1","DGAT1",-0.0638121741585258,3.64361022669706,0.316309106420982,0.575298013753181,0.945167300399981,-0.24010712539658
"8320","PPP1R14B","PPP1R14B",-0.0921142266726245,2.69673016212303,0.344466659995782,0.575733721316312,0.945167300399981,-0.239778332725338
"1383","CALCOCO1","CALCOCO1",-0.0390966611860335,6.84734028355326,0.315579371663836,0.575738294407914,0.945167300399981,-0.23977488310881
"12649","ZNF440","ZNF440",-0.0869458666686092,3.53938855837264,0.315158613554049,0.57599246109943,0.945167300399981,-0.23958320082044
"12618","ZNF391","ZNF391",-0.208015399590064,1.42545756572884,0.485300649053156,0.575998325612714,0.945167300399981,-0.239578779038968
"12693","ZNF518A","ZNF518A",-0.0707098846282247,5.18672768996685,0.315049280797538,0.576058542158447,0.945167300399981,-0.239533378999636
"8898","RBM45","RBM45",-0.0580702439091653,4.34349757446873,0.314738262451976,0.576246605264975,0.945167300399981,-0.2393916200735
"7003","NAV1","NAV1",-0.0861241228349713,2.92776978268845,0.395506428083801,0.576288762212382,0.945167300399981,-0.239359849196601
"12035","VMP1","VMP1",-0.0399562995720252,6.69952434195496,0.314526660062336,0.576374624616507,0.945167300399981,-0.239295147621432
"4214","GSDMD","GSDMD",-0.0592277120635911,6.8910464129805,0.314434679316525,0.576430290612568,0.945167300399981,-0.239253205685519
"11368","TOGARAM2","FAM179A",-0.134933649006835,1.96984330733135,0.55657904067954,0.576549252557678,0.945167300399981,-0.239163586547336
"3640","FGR","FGR",-0.152683833754357,2.13002484971834,0.313979539321756,0.57670589551675,0.945167300399981,-0.239045608885088
"2829","DOK1","DOK1",-0.0604815274533099,3.76519001782413,0.314386197576127,0.576896770865027,0.945167300399981,-0.238901891964764
"2817","DNPH1","C6orf108",-0.0413159164696109,5.22131209152235,0.312809708227116,0.577415482053407,0.945167300399981,-0.238511575702577
"1049","BID","BID",-0.0420751563079907,5.29847544880666,0.312684297125211,0.577491656428257,0.945167300399981,-0.238454286056327
"733","ASAP3","ASAP3",-0.186998882428057,1.52609515427215,0.386452195980298,0.577546551344582,0.945167300399981,-0.238413005068214
"11784","UBE2F","UBE2F",-0.0496892815643293,5.81210652332391,0.312427265108266,0.57764783980635,0.945167300399981,-0.238336846422577
"9575","SEC22A","SEC22A",-0.0438724588821618,4.72840765910473,0.312238488321118,0.577762602274331,0.945167300399981,-0.238250572826766
"10835","TBC1D14","TBC1D14",-0.0420899318557683,5.06697080881551,0.312208914321282,0.577780585233647,0.945167300399981,-0.238237055547474
"2875","DRG2","DRG2",-0.0400778687140813,5.68313932421694,0.312046314639562,0.57787947666431,0.945167300399981,-0.238162729187733
"1844","CENPT","CENPT",-0.0387369374184471,5.92556901271149,0.311921749753693,0.577955258643168,0.945167300399981,-0.238105780396894
"5990","LPCAT3","LPCAT3",-0.049596727104418,4.83610862770384,0.311246629712514,0.578366330153198,0.945167300399981,-0.237796997619293
"6272","MARK2","MARK2",-0.0670164633177922,4.13766270463164,0.3111174679727,0.578445041736295,0.945167300399981,-0.237737897221277
"4816","IL4R","IL4R",-0.0457617554735419,6.0519373085749,0.311047487162987,0.578487697233611,0.945167300399981,-0.237705872806216
"1945","CHEK2","CHEK2",-0.0910156975012537,2.82600341468741,0.310672308077053,0.578716488179927,0.945167300399981,-0.237534143999767
"979","BCAP29","BCAP29",-0.0494114113787904,5.54732178479642,0.310604726104494,0.578757720161531,0.945167300399981,-0.237503202796988
"6073","LSM11","LSM11",-0.185632388846799,1.54180130827359,0.450909524378574,0.57894465338163,0.945167300399981,-0.237362952472666
"7890","PHACTR2","PHACTR2",-0.045184134262432,7.62101893945887,0.310172590075116,0.579021507091304,0.945167300399981,-0.2373053046014
"2545","DCTN5","DCTN5",-0.0361346425205542,5.50455461343518,0.309967101258059,0.579147027371667,0.945167300399981,-0.237211168448121
"1028","BEST1","BEST1",-0.111426125895959,2.32554865174702,0.320826796496704,0.579223360710041,0.945167300399981,-0.237153930887441
"12133","WDR4","WDR4",-0.0692584522846847,3.26591862740033,0.409217774067092,0.579277197233802,0.945167300399981,-0.237113566806387
"12342","ZC3H3","ZC3H3",-0.049832974891666,4.76768699178901,0.309652663807468,0.579339203314216,0.945167300399981,-0.237067082226017
"3267","ESCO2","ESCO2",-0.220159874402992,1.35346300311153,0.536293315186901,0.579561404493365,0.945167300399981,-0.23690054379035
"974","BBS4","BBS4",-0.0574233199829762,4.2674050801561,0.309043985716209,0.579711575512553,0.945167300399981,-0.236788027676432
"617","ARHGAP21","ARHGAP21",-0.0635778263924941,4.14757180521498,0.309007817948344,0.579733717073623,0.945167300399981,-0.236771440506937
"5908","LOC643406","LOC643406",-0.0847776727518867,3.20925896268463,0.308991433072424,0.579743748297046,0.945167300399981,-0.236763925906421
"7792","PDP1","PDP1",-0.0425955148539691,7.13462051641946,0.30892541507496,0.579784169670715,0.945167300399981,-0.236733646722504
"821","ATP13A4","ATP13A4",-0.219108828812231,1.47175133650136,0.452097363722336,0.579786642172376,0.945167300399981,-0.236731794668594
"8922","RCAN3AS","RCAN3AS",-0.16647152627295,1.67367034062699,0.534050397996384,0.579900019778279,0.94520826260472,-0.23664687643958
"4921","IRF2BP1","IRF2BP1",-0.120358628257926,2.21630998189043,0.459081619011873,0.580185186751682,0.945311267999063,-0.236433363768671
"10508","SRSF3","SRSF3",-0.0417347918550146,9.11815526989944,0.307952554383912,0.580380488648692,0.945311267999063,-0.236287196190609
"6891","MYCBPAP","MYCBPAP",-0.198511246335087,1.53642061504755,0.555866405638352,0.580408866047283,0.945311267999063,-0.236265962109556
"11490","TRIB2","TRIB2",-0.0392539063343444,7.38149896948085,0.307398507642981,0.580720645741833,0.94537643762298,-0.236032733683628
"12215","XPA","XPA",-0.0465894239390597,5.91478660607613,0.306955268881197,0.580993061483389,0.94537643762298,-0.235829054145762
"2527","DCBLD1","DCBLD1",-0.178693128118819,1.58369305595516,0.488432937123786,0.581126693253049,0.94537643762298,-0.235729175385094
"4758","IGF2R","IGF2R",-0.0436090954379311,5.28234682608207,0.306451355120864,0.581303081255152,0.94537643762298,-0.23559737501615
"11181","TMEM165","TMEM165",-0.0612820970123072,4.83053887886154,0.306442363307186,0.581308616262599,0.94537643762298,-0.235593239803686
"8841","RASGRP3","RASGRP3",-0.079618681624678,3.19112117512626,0.306268609026485,0.58141559345257,0.94537643762298,-0.235513324716279
"734","ASB1","ASB1",-0.0487971419717435,4.45443332968056,0.306163554489487,0.581480292789636,0.94537643762298,-0.235464999555906
"10040","SLC9A3R1","SLC9A3R1",-0.0561441896273067,7.79568815139532,0.306155586002822,0.58148520088863,0.94537643762298,-0.235461333823223
"9523","SCG5","SCG5",-0.201653624798523,1.45337981208953,0.466023613036295,0.581550616594256,0.94537643762298,-0.235412479472246
"9673","SETD1B","SETD1B",-0.0589669554064632,5.37973559455635,0.305937010332781,0.581619862696106,0.94537643762298,-0.235360770457105
"576","APPL1","APPL1",-0.0370819049536136,6.29270001718877,0.305725831500692,0.58175002719589,0.94537643762298,-0.235263587738654
"1130","BROX","BROX",-0.0511968434054616,4.22154302493249,0.305600394206273,0.581827370945027,0.94537643762298,-0.235205852063205
"3301","EVI5L","EVI5L",-0.173459270797756,1.60013170261749,0.864202627720781,0.581983289083471,0.94537643762298,-0.235089485389681
"1848","CEP104","CEP104",-0.0525734284824184,4.95694288671203,0.305345622367658,0.581984525393942,0.94537643762298,-0.235088562816379
"6312","MBTD1","MBTD1",-0.0505903904828901,4.55588086278344,0.30530026948737,0.582012510030304,0.94537643762298,-0.235067680335096
"7999","PIN1","PIN1",-0.0404792948890631,5.84620988681882,0.30523718954187,0.582051437532182,0.94537643762298,-0.235038633822142
"2033","CLCF1","CLCF1",-0.0737000893956178,3.1710496856883,0.325366104228173,0.582106450607597,0.94537643762298,-0.234997588057909
"2451","CYCSP52","CYCSP52",-0.209795015343381,1.39020757031142,0.506400396730967,0.582475820666954,0.945654439457127,-0.234722098059658
"4732","IFNAR2","IFNAR2",-0.0416435148556101,6.82755970417346,0.304354520626608,0.582596697155544,0.945654439457127,-0.234631981794153
"864","ATP6V1A","ATP6V1A",-0.0398802774311836,5.61017577040659,0.304078210242719,0.582767597397231,0.945654439457127,-0.234504603543764
"2040","CLDN15","CLDN15",-0.0874218067659382,2.76373666354287,0.303927622415675,0.582860779919771,0.945654439457127,-0.234435166909889
"5103","KCTD9","KCTD9",-0.0575920160554719,4.99700942228723,0.303096733513315,0.583375470136716,0.94613451357465,-0.234051836112874
"9437","SAC3D1","SAC3D1",-0.128504876863301,2.46402097388725,0.30276180894544,0.583583198067504,0.946347110389698,-0.233897220362566
"4877","INTS14","C15orf44",-0.0373086548462576,4.99416621297904,0.305871105961785,0.583671251905861,0.946347110389698,-0.233831696866499
"7889","PGS1","PGS1",-0.0391123414924737,4.87624987110388,0.302489092427018,0.583752453933353,0.946347110389698,-0.233771280768488
"5323","LAMTOR2","LAMTOR2",-0.046494230292695,4.99181935731037,0.301736289045995,0.584220183066455,0.94658435416158,-0.233423443523067
"7835","PEX11G","PEX11G",-0.149936434872259,1.85575285049515,0.507384121316282,0.584297222317486,0.94658435416158,-0.233366178271378
"2654","DGKH","DGKH",-0.0724490866335221,3.38202544806287,0.301498580132696,0.584368033605028,0.94658435416158,-0.23331354908382
"7881","PGM2","PGM2",-0.0514787470448025,4.69196214129498,0.30147533804405,0.584382493831812,0.94658435416158,-0.233302802570253
"3005","EEF2","EEF2",-0.0318672527964412,10.4440603968272,0.301026899122554,0.58466163561327,0.946702201725295,-0.233095402807307
"1795","CDKN3","CDKN3",-0.0932349274435555,2.7215846034818,0.350674651617883,0.584936402476216,0.946702201725295,-0.232891350251307
"1763","CDK14","CDK14",-0.176721917935154,1.57798152954362,0.414588458401735,0.585100882991828,0.946702201725295,-0.232769246483045
"10757","TAB3","TAB3",-0.0538662813913528,4.58362403026001,0.300183827342847,0.585187160788114,0.946705703567054,-0.2327052110157
"5782","LOC253039","LOC253039",-0.120469195705311,5.35240180871326,0.300000580847651,0.585301513867803,0.946772635836286,-0.232620352592495
"3714","FMNL2","FMNL2",-0.177254172993951,1.56334945086478,0.431229354159787,0.585798284736882,0.947339958600295,-0.232251904300712
"10706","SUSD6","KIAA0247",-0.0330927521399754,6.85742500889758,0.298878137839389,0.586002957124514,0.947434741123669,-0.232100192412595
"4895","IPO5","IPO5",-0.0368381450928166,6.22278634533737,0.298228006921724,0.586410024782416,0.947436488526151,-0.231798613962986
"8377","PRAF2","PRAF2",-0.0392440727101291,5.46431387212888,0.29820228985639,0.586426138917721,0.947436488526151,-0.231786680019848
"900","ATXN7L3","ATXN7L3",-0.0523465016989578,4.09241194418856,0.298012880764972,0.586544849192187,0.947436488526151,-0.231698774661839
"10956","TEX264","TEX264",-0.0398977004441757,6.18084159794927,0.297617285762456,0.586792942762597,0.947436488526151,-0.23151511796729
"10011","SLC4A1AP","SLC4A1AP",-0.0327477956231306,5.76992136958072,0.297156566292512,0.587082148848776,0.947436488526151,-0.23130112482475
"11486","TRERF1","TRERF1",-0.0475573651987248,6.56653834644133,0.297114064143301,0.587108843275336,0.947436488526151,-0.231281378050617
"12256","YIPF4","YIPF4",-0.0411554618197899,5.48478472939364,0.297096505046775,0.587119872383402,0.947436488526151,-0.23127321970683
"12311","ZBTB37","ZBTB37",-0.063617145809311,3.39003507014616,0.309808045802801,0.587172540487956,0.947436488526151,-0.231234262685658
"8867","RBKS","RBKS",-0.115251749330315,2.23899684060269,0.452257137122907,0.587479302430031,0.947578653794324,-0.231007429479661
"1369","CACNA1F","CACNA1F",-0.21309025776583,1.38964996967287,0.549658015678917,0.587585412404298,0.947578653794324,-0.230928994690764
"7375","NSMCE1","NSMCE1",-0.0509581920641534,6.0988594474443,0.295807460688692,0.587930697944852,0.947578653794324,-0.230673863165239
"6733","MRPS17","MRPS17",-0.0659698979588587,3.37505652227809,0.500187932958605,0.588168473466341,0.947578653794324,-0.230498257908758
"7973","PIGX","PIGX",-0.0486778605717197,4.76914676573711,0.294960464244431,0.588464719162013,0.947578653794324,-0.230279569749283
"11043","TIMELESS","TIMELESS",-0.0726466239648168,3.47549386887711,0.294782611027191,0.588576979857778,0.947578653794324,-0.230196727822963
"4507","HLA-DMA","HLA-DMA",-0.068438533122886,4.13119842798751,0.294590019397989,0.588698592970471,0.947578653794324,-0.230107002179831
"1604","CCNE1","CCNE1",-0.110921131181643,2.96254995243622,0.294571920461937,0.588710024299853,0.947578653794324,-0.230098569146136
"826","ATP1B2","ATP1B2",-0.167207590626076,1.63023784383662,0.981371169697073,0.588821120836193,0.947578653794324,-0.230016620378948
"4627","HSDL2","HSDL2",-0.0754534445101261,4.78795420527758,0.294350586550231,0.588849856160423,0.947578653794324,-0.229995426695831
"3147","EMILIN2","EMILIN2",-0.0881921244995169,2.75939930916872,0.325598080182602,0.589043307285296,0.947578653794324,-0.229852774103197
"5011","JMJD6","JMJD6",-0.0596986626741867,5.70017395282375,0.293609879451915,0.589318308163244,0.947578653794324,-0.229650066607614
"5531","LOC100129726","LOC100129726",-0.0986694206070419,2.44441401478617,0.393117951196253,0.589707356414025,0.947578653794324,-0.229363454501165
"11002","THBS1","THBS1",-0.152176612699551,2.98427239199777,0.292398283909434,0.590086221789188,0.947578653794324,-0.229084525796156
"541","APBA3","APBA3",-0.0477550028685568,5.11073517889556,0.292295317319405,0.590151577315196,0.947578653794324,-0.229036427786826
"11042","TIMD4","TIMD4",-0.169158924310535,1.63696163837574,0.457899203966485,0.590231627953218,0.947578653794324,-0.228977522254684
"6299","MBD6","MBD6",-0.0660578227554066,3.73148548136892,0.291945861364655,0.590373497121118,0.947578653794324,-0.228873146971604
"1700","CD79A","CD79A",-0.109442592654449,2.5508970772636,0.291772941591396,0.590483372321513,0.947578653794324,-0.22879232736577
"5402","LIG4","LIG4",-0.0878190370328274,3.06017575454929,0.291745760577642,0.590500647280422,0.947578653794324,-0.228779621996002
"9643","SERAC1","SERAC1",-0.091170237348677,2.63953497932843,0.32115080682701,0.59058611755991,0.947578653794324,-0.228716765867362
"1521","CCDC136","CCDC136",-0.109942607837438,2.4168565667026,0.291557074000503,0.590620596206036,0.947578653794324,-0.228691412327484
"11220","TMEM216","TMEM216",-0.0529966776350118,4.3903386013784,0.290948762966603,0.591007644593248,0.947965154958976,-0.228406901549892
"2650","DGKA","DGKA",-0.0365089578108555,8.86529892016861,0.290071712150606,0.591566605485153,0.947997717210809,-0.227996350332468
"3132","EMB","EMB",-0.0409683032928449,8.59008467044456,0.289600245821123,0.591867531291043,0.947997717210809,-0.22777548393067
"11242","TMEM256","C17orf61",-0.0512008365044672,4.01441587728035,0.289213376221006,0.592114697487523,0.947997717210809,-0.227594158714473
"1953","CHKA","CHKA",-0.0759078625301937,3.09753848333629,0.371213422723617,0.59216688048641,0.947997717210809,-0.227555886079144
"4235","GSTO2","GSTO2",-0.176146725997847,1.55996201140411,0.595083082985276,0.592260934448735,0.947997717210809,-0.227486912493063
"6251","MAPK9","MAPK9",-0.0532462443759554,4.16631026751322,0.288905386475881,0.592311621021079,0.947997717210809,-0.227449746515196
"1074","BMP1","BMP1",-0.190892202142089,1.48991659592622,0.388484216937878,0.59248016721576,0.947997717210809,-0.227326182723623
"2966","EBPL","EBPL",-0.0561661957346144,5.25652309810043,0.288602659940739,0.592505311476396,0.947997717210809,-0.227307752094989
"12908","ZNF862","ZNF862",-0.0608799684738569,4.19236980675609,0.28858009128974,0.592519756600253,0.947997717210809,-0.227297164238663
"12253","YIPF1","YIPF1",-0.0419975884582636,4.47655673205184,0.288580028383159,0.592519796864794,0.947997717210809,-0.227297134726284
"5934","LOC678655","LOC678655",-0.11999547032213,2.14933199271819,0.653741092038756,0.592692698119916,0.947997717210809,-0.227170423167194
"7778","PDHX","PDHX",-0.0462630590404981,5.07124309329974,0.288182696690059,0.592774229589035,0.947997717210809,-0.227110685242216
"8006","PIP4P1","TMEM55B",-0.0737829927386175,5.90297286946921,0.288089043764174,0.592834233527833,0.947997717210809,-0.227066725738981
"5974","LOC96610","LOC96610",-0.0677062612704643,3.60449468184734,0.287954366564816,0.592920544009071,0.947997717210809,-0.227003501594313
"8354","PPP3CA","PPP3CA",-0.0481084026930633,7.1196837931643,0.287696858636585,0.593085645463163,0.947997717210809,-0.226882587131022
"2895","DTX2","DTX2",-0.0574573760941465,4.25522821377815,0.287679866280469,0.593096543480709,0.947997717210809,-0.226874606992848
"78","ABLIM2","ABLIM2",-0.115270829733327,2.20822327387217,0.387462699908727,0.593709052437673,0.947997717210809,-0.226426329221563
"10946","TESMIN","MTL5",-0.0888727646806303,2.73556182976702,0.309441750214299,0.593987581036361,0.947997717210809,-0.22622263505881
"500","ANXA11","ANXA11",-0.0339981232471017,8.067811366248,0.286286092864532,0.59399185461164,0.947997717210809,-0.226219510442161
"9808","SKA2","SKA2",-0.0522084321919396,5.98501793001984,0.285716833004559,0.594358335121595,0.947997717210809,-0.225951642486032
"4690","ICOSLG","ICOSLG",-0.118187604130934,2.10484724315595,0.393723707782071,0.594627117371339,0.947997717210809,-0.225755289116627
"2904","DUS4L","DUS4L",-0.0565473990974356,3.8438040673215,0.363611874314708,0.594762771286345,0.947997717210809,-0.225656223625061
"12067","VPS54","VPS54",-0.0722567136757689,3.97769615825977,0.285078893459405,0.594769589739136,0.947997717210809,-0.225651244834203
"11279","TMEM79","TMEM79",-0.105891845101486,2.5395724203709,0.284985006747726,0.594830164821375,0.947997717210809,-0.225607015800229
"1662","CD247","CD247",-0.0312741879183569,8.35613478668717,0.284776564836422,0.594964696086918,0.947997717210809,-0.225508803598383
"1852","CEP128","CEP128",-0.0599652498590185,4.62093010895571,0.284381973752308,0.595219544208982,0.947997717210809,-0.225322817040873
"10564","STAG3L4","STAG3L4",-0.0416181586182691,4.75074126927829,0.28421957578359,0.595324495629326,0.947997717210809,-0.225246247302475
"5954","LOC729234","LOC729234",-0.120119281085501,2.12929856354038,0.695069017899819,0.595713802831958,0.948198823289771,-0.224962337077072
"1940","CHD7","CHD7",-0.0407534845571888,6.37908978789587,0.283504448468464,0.5957871137544,0.948198823289771,-0.224908894350043
"11040","TIGD7","TIGD7",-0.0886627719918636,2.66595009854182,0.283091161390973,0.596054812663386,0.948243920246389,-0.224713801094197
"11948","USP35","USP35",-0.103814593797036,2.35784232134381,0.412299766714317,0.596135091395407,0.948243920246389,-0.224655312743868
"11633","TTC14","TTC14",-0.0605363284514272,6.87285665492261,0.282921999379431,0.596164456617379,0.948243920246389,-0.224633920210614
"9539","SCRN1","SCRN1",-0.140193154447356,1.8914435346878,0.282568457038316,0.596393744524324,0.948243920246389,-0.224466920438385
"10646","STX17","STX17",-0.0465998561902753,6.67939722661168,0.282469761645932,0.59645778577548,0.948243920246389,-0.224420288043134
"2404","CUL4B","CUL4B",-0.0544490016536697,6.42218693821582,0.282441579052219,0.596476075473862,0.948243920246389,-0.224406971101866
"504","ANXA4","ANXA4",-0.0663734426091215,4.63198998521171,0.282126099484885,0.596680892758867,0.948243920246389,-0.224257869148111
"12732","ZNF573","ZNF573",-0.084448464705142,4.52472372525665,0.281988343601351,0.596770373489864,0.948243920246389,-0.224192745436937
"128","ACOT9","ACOT9",-0.0376106251183619,5.47106544580789,0.281929542153718,0.596808577115016,0.948243920246389,-0.224164943968774
"11604","TSPAN18","TSPAN18",-0.0611204467391475,4.99542066669691,0.281927888629998,0.596809651492466,0.948243920246389,-0.224164162150623
"8869","RBL2","RBL2",-0.0311919458882401,8.80600890359102,0.280818065492195,0.597531673828353,0.948597360832253,-0.223639068782692
"10446","SPPL3","SPPL3",-0.0502493403896952,5.0213412459637,0.280686990714283,0.597617068533262,0.948597360832253,-0.223577007136515
"6576","MLLT10","MLLT10",-0.0430725851060415,5.55616514168276,0.280144136026797,0.59797100884118,0.94892695996289,-0.223319871204749
"6517","MIF4GD","MIF4GD",-0.0397492966003785,5.57372209496626,0.279643027165164,0.598298121526458,0.948927873938579,-0.22308236070797
"9749","SH3TC1","SH3TC1",-0.081845478116142,4.37171570052563,0.279385928540542,0.598466095634076,0.948927873938579,-0.222960448258593
"414","AMZ2P1","AMZ2P1",-0.0826646665855106,4.4661224591881,0.278874300093228,0.598800660462032,0.948927873938579,-0.222717729312857
"1466","CAT","CAT",-0.0503528933702203,6.39476351090329,0.278540041526679,0.599019451736329,0.948927873938579,-0.222559074698187
"12629","ZNF414","ZNF414",-0.070228242579707,3.11028885845143,0.376533230146126,0.599151238568342,0.948927873938579,-0.22246353857028
"975","BBS5","BBS5",-0.0681939043825579,3.15993920676168,0.331228148659108,0.599199804647114,0.948927873938579,-0.222428336898534
"12548","ZNF254","ZNF254",-0.0506924132568306,4.78244102639208,0.278195864290197,0.599244911125464,0.948927873938579,-0.222395645370261
"12337","ZC3H12D","ZC3H12D",-0.0487338925571502,5.42310652369126,0.278031277944853,0.599352789450009,0.948927873938579,-0.222317469079465
"8777","RAD51B","RAD51B",-0.047682647327396,4.22489875794069,0.2778893601525,0.599445842472297,0.948927873938579,-0.222250047557436
"12721","ZNF562","ZNF562",-0.0501721964938519,4.8203674739054,0.277476754217948,0.599716553881297,0.948927873938579,-0.222053963234793
"1898","CFAP20","C16orf80",-0.0390029778045967,5.22980062123715,0.276385412666092,0.600433828552985,0.949337840201818,-0.221534847508011
"8730","RAB3D","RAB3D",-0.0713467946211656,3.47409287100958,0.275457105382925,0.601045377023263,0.949970964439911,-0.221092738900951
"1483","CBR3-AS1","CBR3-AS1",-0.103057006023233,2.34186005390231,0.515486677164887,0.601597446272716,0.950304469190096,-0.220694015953684
"8499","PRSS53","PRSS53",-0.103817937903443,2.30531020572389,0.372824802822287,0.601603559906489,0.950304469190096,-0.220689602530826
"9391","RTN4IP1","RTN4IP1",-0.0646671623120487,3.34338283562716,0.299006283424688,0.60160500270089,0.950304469190096,-0.220688560986298
"7369","NSDHL","NSDHL",-0.0588044845825099,3.7022320156453,0.274416195624977,0.601732673503638,0.950304469190096,-0.220596406096714
"5894","LOC541473","LOC541473",-0.177682698620416,1.50970183609495,0.953964731058259,0.601905216553799,0.950304469190096,-0.220471892743141
"5199","KLC4","KLC4",-0.0579020905050395,3.72563220857808,0.273963219092886,0.602032286644746,0.950304469190096,-0.220380217154713
"3923","GDI2","GDI2",-0.0335140393974283,7.98385031422971,0.273461381934751,0.602364587101082,0.950304469190096,-0.220140568146436
"7360","NRL","NRL",-0.119802143883313,2.08518544355172,0.472323373612731,0.602756491588934,0.950475260165702,-0.219858103644709
"6336","MCM7","MCM7",-0.0446593098279602,5.99744035781131,0.272143825972125,0.603238885384047,0.950622239755263,-0.219510671177727
"3543","FBXL3","FBXL3",-0.046673467708686,6.84804098923541,0.271573005566118,0.603618505622101,0.95080587525047,-0.219237454174174
"1549","CCDC30","CCDC30",-0.115417043691086,2.15549979066887,0.440745243315396,0.603777250276267,0.95080587525047,-0.219123254786944
"4510","HLA-DOB","HLA-DOB",-0.178931999483398,1.86704133749735,0.271163817076922,0.603890946509926,0.95080587525047,-0.21904148125483
"6003","LRFN1","LRFN1",-0.105332108849135,2.34970361848078,0.341087966892051,0.604053040509477,0.95080587525047,-0.218924925304001
"6848","MTRF1","MTRF1",-0.0441905564039972,4.47318491184986,0.270633351678248,0.604244524422434,0.95080587525047,-0.218787276417038
"10602","STK19","STK19",-0.0689785459245725,3.0718386855666,0.392446064623743,0.604270657866479,0.95080587525047,-0.21876849368148
"3300","EVI5","EVI5",-0.0932444293190923,2.51632031980057,0.475140803323759,0.604285395933102,0.95080587525047,-0.218757901436315
"7226","NIT1","NIT1",-0.0580665947580425,4.13902305239847,0.270057334057271,0.60462896473331,0.95111574626958,-0.21851105179509
"1202","C12orf60","C12orf60",-0.205329147648477,1.36804003714911,0.439864398919657,0.604780371425876,0.951123258395913,-0.21840231261228
"8302","PPM1F","PPM1F",-0.0628161876023427,3.80417275435401,0.268685637493597,0.605546554259837,0.951346408208206,-0.217852462791863
"7788","PDLIM1","PDLIM1",-0.105945153423957,2.58787564769576,0.268242742143875,0.605843462638701,0.951346408208206,-0.21763957400897
"9063","RINL","RINL",-0.0619624612844691,4.71097338592944,0.267922636543892,0.606058249110879,0.951346408208206,-0.217485633174121
"5020","JRK","JRK",-0.0580904440115614,3.90707020801878,0.267816245403581,0.606129672194345,0.951346408208206,-0.217434455216445
"9183","ROCK2","ROCK2",-0.073597329046192,4.0516716280764,0.267613408434147,0.606265891757861,0.951346408208206,-0.217336864286933
"11750","UACA","UACA",-0.166416065686317,1.5920924863055,0.531912649049554,0.60632520131172,0.951346408208206,-0.217294380366124
"12312","ZBTB38","ZBTB38",-0.0358213043837108,7.00805918879501,0.267363026719326,0.606434131461644,0.951346408208206,-0.217216363628798
"4610","HS6ST1","HS6ST1",-0.115339501628974,2.10559946262458,0.37933359803221,0.60650752810178,0.951346408208206,-0.217163804207512
"707","ARNTL2","ARNTL2",-0.108533188868673,2.23086091694,0.397938011465697,0.606637537696007,0.951346408208206,-0.217070719792177
"10287","SNRNP25","SNRNP25",-0.0574188036228747,3.59494793059888,0.26697532900912,0.606694835741158,0.951346408208206,-0.217029701806675
"3949","GGCT","GGCT",-0.052523490533492,4.5740620720431,0.266716542103006,0.606868988705992,0.951346408208206,-0.216905054597142
"4397","HCG27","HCG27",-0.109159188994311,2.28236038909896,0.271992883552347,0.606929014518124,0.951346408208206,-0.216862100367636
"8581","PTDSS1","PTDSS1",-0.0250845523677515,7.02228211031363,0.266401399636669,0.607081211485914,0.951346408208206,-0.216753207868704
"596","ARFGAP1","ARFGAP1",-0.0441033009580316,4.8017020067598,0.265909671231567,0.607412668832347,0.951346408208206,-0.216516154224467
"9792","SIPA1L1","SIPA1L1",-0.0385357149937009,5.00576237845427,0.265829351847135,0.607466846311107,0.951346408208206,-0.216477419551948
"8096","PLEKHJ1","PLEKHJ1",-0.0426202211372317,5.9017223216472,0.265825550646893,0.607469410575088,0.951346408208206,-0.216475586294128
"4425","HDX","HDX",-0.167825966108205,1.98521996928443,0.265579548051784,0.607635411723468,0.951346408208206,-0.216356924295826
"12402","ZFHX3","ZFHX3",-0.13126401996094,1.93036408763597,0.356739837578669,0.607906002753068,0.951346408208206,-0.216163568164066
"11448","TRADD","TRADD",-0.057142385506173,7.09084027209698,0.264913064504802,0.608085641308903,0.951346408208206,-0.216035251436752
"6221","MAP3K21","KIAA1804",-0.102181552547167,2.33310754194342,0.353113254048109,0.608150368787932,0.951346408208206,-0.215989025561572
"4020","GMCL1","GMCL1",-0.0586637578845244,5.15709977020044,0.264798265717681,0.608163263765924,0.951346408208206,-0.215979817052127
"10604","STK25","STK25",-0.0481175208465099,5.81861261823595,0.264785419017956,0.608171951528941,0.951346408208206,-0.215973613092082
"487","ANLN","ANLN",-0.183064749633948,1.45884815591131,0.328759051041307,0.608259978677217,0.951346408208206,-0.215910757614728
"11226","TMEM229B","TMEM229B",-0.0723215352942066,3.77363806289543,0.264594352667345,0.608301194390589,0.951346408208206,-0.215881330805312
"8967","RESF1","C12orf35",-0.0570058268739978,9.57659729882671,0.26408628868651,0.60864515153679,0.951346408208206,-0.215635833220173
"1909","CFDP1","CFDP1",-0.0406016285108472,5.00912656631214,0.263410245337516,0.609103480265885,0.951346894812874,-0.21530891904077
"8700","RAB14","RAB14",-0.04175266518504,7.05783886183198,0.263217615198038,0.609234211598169,0.951346894812874,-0.21521571680822
"12542","ZNF25","ZNF25",-0.051723260899868,4.47163184969884,0.263164191138333,0.609270479359645,0.951346894812874,-0.215189863992385
"12139","WDR46","WDR46",-0.0561402404545528,5.45038073870863,0.262896975279588,0.609451952992302,0.951346894812874,-0.215060526916503
"687","ARMC1","ARMC1",-0.0381485738043384,5.91229154665259,0.262513382064889,0.60971266576582,0.951346894812874,-0.214874783139355
"1301","C2orf74","C2orf74",-0.075694637858945,3.93987364361877,0.26238584655991,0.609799399847747,0.951346894812874,-0.214813007394285
"2050","CLEC4GP1","CLEC4GP1",-0.176653130930353,1.49752888982854,1.02385681514829,0.610040470994277,0.951346894812874,-0.21464135229012
"390","ALS2","ALS2",-0.0589090950359687,3.66444198249,0.261351438687892,0.610503864495664,0.951346894812874,-0.214311582621915
"7406","NUBP2","NUBP2",-0.0402747815778242,5.82403551237521,0.260563777724835,0.61104146899327,0.951346894812874,-0.21392931489033
"8759","RABIF","RABIF",-0.03716913007619,4.80558185713497,0.260442737503308,0.611124173856088,0.951346894812874,-0.213870536825649
"3123","ELOVL5","ELOVL5",-0.0229446244270434,8.23199004465603,0.2604270393975,0.611134901900325,0.951346894812874,-0.213862913023943
"11227","TMEM230","C20orf30",-0.0492484722880812,7.77366869050838,0.260138456585445,0.611332191410576,0.951346894812874,-0.213722734614475
"3440","FAM214B","FAM214B",-0.0895787897652581,2.63159340363899,0.259891080461382,0.611501419979938,0.951346894812874,-0.213602530142437
"3888","GBAP1","GBAP1",-0.110884745006783,2.1899476149588,0.328118231624825,0.611791713957057,0.951346894812874,-0.213396409350517
"9953","SLC35C2","SLC35C2",-0.0432421996859245,6.0748951362052,0.259274606946507,0.61192358866328,0.951346894812874,-0.213302805131767
"8837","RASGEF1B","RASGEF1B",-0.122207736631456,2.23445029811862,0.25923320150915,0.611951966302181,0.951346894812874,-0.213282665417502
"9280","RPRD1A","RPRD1A",-0.0428512127454103,4.78626495243668,0.259191599242322,0.61198048171955,0.951346894812874,-0.21326242886207
"195","ADAT1","ADAT1",-0.0476422545559128,5.11741608658471,0.258525829761038,0.612437212921281,0.951346894812874,-0.212938428562674
"7931","PHPT1","PHPT1",-0.0486951019259357,4.95394175108469,0.258492189514601,0.612460310475922,0.951346894812874,-0.212922049820231
"8253","POP4","POP4",-0.0326476363684929,5.41492699360507,0.258334246171097,0.612568780472743,0.951346894812874,-0.2128451407549
"13","AARS1","AARS",-0.0676392128574491,4.55055587884369,0.258282785881575,0.612604130638214,0.951346894812874,-0.212820079179242
"9921","SLC29A1","SLC29A1",-0.122087733122453,2.05710976315204,0.361251584393661,0.612663254840896,0.951346894812874,-0.212778166180829
"2648","DGCR6L","DGCR6L",-0.030529599406567,5.78993043556704,0.258021557251513,0.612783647698332,0.951346894812874,-0.212692832489577
"6176","MALSU1","MALSU1",-0.0320010803595037,5.25500411256616,0.257829015158716,0.612916036501838,0.951346894812874,-0.212599015500321
"1693","CD63","CD63",-0.0376862555587645,5.92674839536678,0.257722669498142,0.612989184748386,0.951346894812874,-0.212547187872338
"2426","CXorf38","CXorf38",-0.0429595044267652,5.97332854053926,0.257568979170307,0.613094931909248,0.951397195174483,-0.212472273911821
"6499","MICALL1","MICALL1",-0.0686419578257999,3.06380225959413,0.369989763204939,0.613263385579063,0.951503588626045,-0.212352963758053
"4018","GLYR1","GLYR1",-0.0337898748083823,5.5608696668361,0.257256316445938,0.613310183310799,0.951503588626045,-0.212319824291846
"5069","KCNH3","KCNH3",-0.174637305202396,1.50203697968318,0.432662542044948,0.613822478976509,0.95195684635532,-0.211957211184912
"12814","ZNF699","ZNF699",-0.0624863233535002,3.6578807926294,0.256265207525625,0.613993598883861,0.951978137663852,-0.211836156519921
"1598","CCNB2","CCNB2",-0.139934703146139,1.95394393506375,0.256090907806719,0.614113958536572,0.951978137663852,-0.211751031185632
"12050","VPS29","VPS29",-0.0296418021399844,6.91362010108893,0.255825366453025,0.614297422628302,0.951978137663852,-0.211621306820522
"9314","RPS5","RPS5",-0.0397334742366066,10.2969205203543,0.255480823674867,0.614535647897976,0.952010934288797,-0.211452919553208
"12061","VPS45","VPS45",-0.0513396344466018,5.63073884479834,0.254935765639589,0.614912927237315,0.95231562650662,-0.211186376740978
"7274","NOC3L","NOC3L",-0.062599593562296,4.23180057100685,0.254869228911835,0.614959017477017,0.95231562650662,-0.211153825812619
"6183","MAMSTR","MAMSTR",-0.148559847170096,1.72155782167011,0.619249493975092,0.615008118312839,0.95231562650662,-0.211119151354343
"5463","LINC01630","LOC100287225",-0.174475751578337,1.50600381885488,0.623770348430011,0.615104333661492,0.952350939323373,-0.211051213183304
"7793","PDP2","PDP2",-0.0712189781104382,3.0488165268614,0.366083144625643,0.615472559498352,0.952579994556444,-0.210791305078895
"4731","IFNAR1","IFNAR1",-0.0415434088455715,6.57341276566403,0.253737260489772,0.615744297419987,0.952773231205808,-0.210599601592798
"2828","DOHH","DOHH",-0.0546820921747698,3.56276696012585,0.25353883558093,0.615882177179433,0.952846532797275,-0.210502363639281
"10469","SRA1","SRA1",-0.0387148150251338,4.98619988400047,0.253457712819554,0.615938566564245,0.952846532797275,-0.210462602011945
"5951","LOC729013","LOC729013",-0.0678371939248575,4.11680444647114,0.252137569077401,0.616857810441356,0.953239196614758,-0.209814932007735
"11162","TMEM139","TMEM139",-0.171173028143345,1.52397883780575,0.428641967909015,0.616920077912614,0.953239196614758,-0.209771095237036
"2031","CLBA1","C14orf79",-0.197060868169895,1.39687872589218,0.401910484412791,0.617147319256914,0.953239196614758,-0.209611153141116
"4362","HADHB","HADHB",-0.0295214869992585,6.6243776788299,0.2516717602505,0.617182883400787,0.953239196614758,-0.209586126918135
"12960","ZSWIM7","ZSWIM7",-0.0385328086505582,4.72391691773219,0.251647394001123,0.617199898199517,0.953239196614758,-0.209574154241086
"151","ACTN1","ACTN1",-0.0548516925225606,6.0305135812424,0.251571196941104,0.617253112793314,0.953239196614758,-0.20953671125338
"2473","CYREN","C7orf49",-0.0473926276565659,5.03802286560431,0.251181268391303,0.617525589819669,0.953239196614758,-0.209345040842056
"1650","CD101","CD101",-0.172473743401821,3.05155813126864,0.251025341917012,0.617634623420547,0.953239196614758,-0.209268366268476
"3298","EVI2A","EVI2A",-0.0450738531905593,7.46756769197981,0.250750517568028,0.617826901255019,0.953239196614758,-0.209133185687762
"4619","HSD17B12","HSD17B12",-0.05500924211252,5.19116402453795,0.25071777280909,0.617849819566657,0.953239196614758,-0.20911707581677
"3688","FLJ38576","FLJ38576",-0.193048076453897,1.38550829323395,0.380292757762056,0.617955031562198,0.953239196614758,-0.209043127265488
"9909","SLC25A5-AS1","SLC25A5-AS1",-0.0938703295318186,2.49290207225095,0.369459231317339,0.61827156224863,0.953239196614758,-0.208820728662898
"5519","LOC100128682","LOC100128682",-0.164604159697041,1.55038468172591,0.812068747142361,0.618375460353543,0.953239196614758,-0.208747753314354
"4491","HIP1R","HIP1R",-0.0447017312139249,4.44931410890382,0.24985076649375,0.618457327255246,0.953239196614758,-0.20869026075098
"10972","TFRC","TFRC",-0.0465732913814136,6.79182077358116,0.249182828578669,0.618926249164348,0.953239196614758,-0.208361098135287
"2649","DGCR8","DGCR8",-0.0587385767778158,4.36194639799356,0.249114074562514,0.618974562148641,0.953239196614758,-0.208327198710871
"8714","RAB27B","RAB27B",-0.111716077530088,2.52706145941061,0.248984625570057,0.61906554772854,0.953239196614758,-0.208263364696062
"10476","SREBF2","SREBF2",-0.0454039797514262,5.31763799381244,0.248891119928062,0.619131288280235,0.953239196614758,-0.208217248023761
"12349","ZC3HAV1L","ZC3HAV1L",-0.139225255717009,1.88842293067267,0.281229778621757,0.619178814538964,0.953239196614758,-0.208183911637544
"10316","SNX16","SNX16",-0.0654675760006798,3.27297946045263,0.285525804703219,0.619245298164049,0.953239196614758,-0.208137282261965
"697","ARMCX3","ARMCX3",-0.0437810754809805,5.06513502790522,0.248499907894152,0.619406503450141,0.953239196614758,-0.2080242390863
"12535","ZNF233","ZNF233",-0.169173844267518,1.51883132834592,0.262034534633401,0.619472633875048,0.953239196614758,-0.207977874468825
"25","ABCA3","ABCA3",-0.0958433865629924,2.38242977328935,0.357555162842562,0.61959613403419,0.953239196614758,-0.207891300681806
"4371","HAS3","HAS3",-0.178088357039934,1.47388595578445,0.406329595244638,0.619654976370726,0.953239196614758,-0.207850058189683
"1271","C1QTNF3","C1QTNF3",-0.096495741377028,2.36255592572045,0.343483558440458,0.620117587142017,0.953239196614758,-0.207525951461598
"3161","ENDOG","ENDOG",-0.156800274629522,1.63523751820204,0.622332333234149,0.620380814842934,0.953239196614758,-0.207341641123874
"10893","TCF19","TCF19",-0.0611849352614519,3.84358233514538,0.246799802000673,0.620605673669942,0.953239196614758,-0.207184258348558
"1259","C1orf198","C1orf198",-0.0719373914064838,3.05109336777731,0.246592545339266,0.620752214734263,0.953239196614758,-0.207081722284629
"2943","DYRK1B","DYRK1B",-0.0674334733207123,3.26840539907143,0.246578731871195,0.620761984296178,0.953239196614758,-0.207074887297428
"1285","C22orf24","C22orf24",-0.14254518860372,1.72209662257978,0.341200255131827,0.620940124309306,0.953239196614758,-0.20695027572642
"5864","LOC400657","LOC400657",-0.0390860642522608,4.81794158141299,0.246260977008362,0.620986810511244,0.953239196614758,-0.206917623950661
"5144","KIAA0895","KIAA0895",-0.152262289862987,1.63112095961469,0.318377952561887,0.620992383037475,0.953239196614758,-0.206913726755918
"10133","SMYD4","SMYD4",-0.055984479947393,4.53313009256832,0.245921192389362,0.621227424230992,0.953239196614758,-0.206749380488075
"6725","MRPL58","ICT1",-0.0399296456970983,4.95369760161891,0.245816435028522,0.621301648528725,0.953239196614758,-0.206697494051493
"6281","MAST3","MAST3",-0.053329697280576,5.49887922829946,0.245097328106149,0.62181169471267,0.953239196614758,-0.206341114230076
"659","ARID5A","ARID5A",-0.0704804472375258,7.52032730743222,0.244843717279675,0.62199179770545,0.953239196614758,-0.206215342374695
"3221","ERAL1","ERAL1",-0.0372779705767383,4.5984210879507,0.244433226398581,0.622283556499068,0.953239196614758,-0.206011674856876
"100","ACAP1","ACAP1",-0.0313660400132671,7.93540251869486,0.244413595686643,0.622297516792029,0.953239196614758,-0.206001932015161
"5297","KTN1","KTN1",-0.0339974726771364,7.51608517096058,0.24439999377097,0.62230719014338,0.953239196614758,-0.205995181143837
"4196","GRIN3A","GRIN3A",-0.150301842558949,1.74812748495284,0.316055230425046,0.622315315246259,0.953239196614758,-0.205989510850507
"12904","ZNF846","ZNF846",-0.0821362737995737,2.79526635385306,0.244379538255427,0.622321738239908,0.953239196614758,-0.205985028466359
"3375","FAM111A","FAM111A",-0.0477976596495422,6.14373589030858,0.244032390473748,0.622568747825771,0.953239196614758,-0.205812684147359
"8336","PPP1R3F","PPP1R3F",-0.073167304858879,2.83142145549635,0.258072043559027,0.622595047357288,0.953239196614758,-0.20579433838199
"7376","NSMCE2","NSMCE2",-0.0333788223656117,5.02678086502701,0.243525600618373,0.62292974257325,0.953239196614758,-0.205560932688124
"12768","ZNF618","ZNF618",-0.169724463891637,1.49364233704311,0.291820816007814,0.623129664623722,0.953239196614758,-0.205421573290692
"9333","RPUSD1","RPUSD1",-0.0382029164247493,4.53215861377077,0.243071599681772,0.623253532455507,0.953239196614758,-0.205335251337487
"3386","FAM120C","FAM120C",-0.0511707936155217,3.92299419165169,0.24250987504045,0.623654671585388,0.953239196614758,-0.20505582015558
"2350","CSRP1","CSRP1",-0.0328672933115925,6.29846010410507,0.242090914436253,0.623954236612557,0.953239196614758,-0.20484726210519
"9889","SLC25A28","SLC25A28",-0.0709338907460484,3.32492002797521,0.242045825426293,0.623986495355464,0.953239196614758,-0.20482480944589
"4127","GPLD1","GPLD1",-0.19543626717248,1.36817451862594,0.38519746059123,0.624283758468398,0.953239196614758,-0.204617963642002
"9058","RIMKLB","RIMKLB",-0.0557634755208029,3.95486796493163,0.241597590207874,0.624307386834535,0.953239196614758,-0.204601526445455
"1443","CARNMT1","C9orf41",-0.0510955464266156,4.16827535358212,0.310424950199382,0.624622774610939,0.953239196614758,-0.204382184839188
"5363","LDHA","LDHA",-0.0280402994046939,9.4786920883273,0.240974147948693,0.624754325136799,0.953239196614758,-0.204290728596401
"8498","PRSS36","PRSS36",-0.190685426761065,1.39630388106336,0.425127873070575,0.624888611812425,0.953239196614758,-0.204197389994281
"1861","CEP192","CEP192",-0.0506146912685262,4.86689881604112,0.240335951709739,0.625212585426587,0.953239196614758,-0.203972288288318
"980","BCAP31","BCAP31",-0.03734792988996,7.49211606089402,0.240254174394544,0.62527136069846,0.953239196614758,-0.203931462852142
"222","ADIPOR2","ADIPOR2",-0.0568321249277461,3.87419776998943,0.240121474784636,0.625366761466077,0.953239196614758,-0.203865205433163
"7609","PACS2","PACS2",-0.0586078298081793,3.59931394157755,0.240004983535294,0.625450536669574,0.953239196614758,-0.203807030496331
"11276","TMEM69","TMEM69",-0.0518699501156465,4.49176042852003,0.240004744614445,0.62545070851652,0.953239196614758,-0.203806911170876
"9436","SAAL1","SAAL1",-0.0428315624381265,4.51042743225175,0.293442323205211,0.625549093564861,0.953277151511446,-0.203738600874402
"2871","DRAM2","DRAM2",-0.0355570094826858,5.97463409746657,0.238696312648187,0.626393412976381,0.953607117124472,-0.203152817877078
"3216","EPS15L1","EPS15L1",-0.0411996567191083,4.63469861811943,0.238425975137772,0.626588586334626,0.953607117124472,-0.203017520301802
"3579","FBXW2","FBXW2",-0.0295401102662321,6.2573984186685,0.238350776932394,0.626642900967241,0.953607117124472,-0.202979875947212
"2813","DNMBP-AS1","DNMBP-AS1",-0.15063092557708,1.63811641808429,0.793889353008877,0.626708038334088,0.953607117124472,-0.20293473488077
"5489","LMF2","LMF2",-0.0360248888295364,5.6648967319986,0.238078150994715,0.626839904100654,0.953607117124472,-0.202843364502272
"1520","CCDC134","CCDC134",-0.0945928587051163,2.43574895558044,0.464123510844019,0.626870538913678,0.953607117124472,-0.202822140254955
"9413","RWDD4","RWDD4",-0.0427999156249151,5.55745582988451,0.237964149418417,0.626922324637348,0.953607117124472,-0.202786264705336
"1480","CBLN3","CBLN3",-0.159782831343065,1.55449510904956,0.426660403811894,0.62706154845743,0.953607117124472,-0.202689829434745
"5942","LOC728554","LOC728554",-0.0674417723863523,3.03692962005599,0.306529297638527,0.627204590532417,0.953607117124472,-0.202590771695426
"6019","LRPAP1","LRPAP1",-0.0270513937957464,6.44131059316485,0.237566541865412,0.62720997755511,0.953607117124472,-0.20258704158213
"3377","FAM114A1","FAM114A1",-0.176873677710121,1.43775427349594,0.838806507628943,0.627535240970672,0.953761127237821,-0.202361880158724
"7980","PIK3C3","PIK3C3",-0.0305385455176676,5.55458001642846,0.236900838341918,0.627692255786487,0.953761127237821,-0.202253229466133
"1448","CASC4","CASC4",-0.0293457153213165,7.45597462827156,0.23657702844046,0.627927147965785,0.953761127237821,-0.202090740135056
"11019","THRA","THRA",-0.0696955096941855,4.37715619361133,0.236472709241077,0.628002863673248,0.953761127237821,-0.202038375889151
"7924","PHLDA1","PHLDA1",-0.0779154229582723,3.63714871418542,0.236422503727925,0.628039310608672,0.953761127237821,-0.202013171794471
"154","ACTR1A","ACTR1A",-0.0323819223903576,5.99431477068313,0.236238083970197,0.628173232176953,0.953761127237821,-0.201920573772478
"11531","TRIM8","TRIM8",-0.0354796030059674,5.04693158022754,0.236070526351066,0.628294964967095,0.953761127237821,-0.201836420621111
"4913","IRAK1BP1","IRAK1BP1",-0.121410553359974,1.95953637511835,0.357693095835518,0.628516092745316,0.953761127237821,-0.201683598008231
"3397","FAM13A","FAM13A",-0.0910736446041172,5.56139131580484,0.235543273763826,0.628678370144131,0.953761127237821,-0.201571481416384
"7321","NPHP3-ACAD11","NPHP3-ACAD11",-0.104720066199916,2.19028759042761,0.440119999382067,0.628767465432511,0.953761127237821,-0.201509938261081
"10490","SRP54","SRP54",-0.0336632503813022,6.00028761836368,0.234839640635839,0.629190863105228,0.953761127237821,-0.201217592679063
"3118","ELOB","TCEB2",-0.0268907005855735,7.15913277199353,0.23435504000643,0.629544375715988,0.953761127237821,-0.200973651657254
"8689","R3HDM2","R3HDM2",-0.0315168635378014,6.13877729169531,0.234354257461524,0.629544946942113,0.953761127237821,-0.200973257594101
"132","ACP2","ACP2",-0.0511827380254195,4.09660450944558,0.234256728411849,0.629616148436344,0.953761127237821,-0.200924141692737
"3412","FAM168B","FAM168B",-0.0389264628427902,5.69541379549532,0.233714119387134,0.630012617371069,0.95391616306663,-0.200650752769021
"7534","ORC3","ORC3",-0.0467286539976011,5.96340835025765,0.233428770690561,0.630221341762709,0.954009506031228,-0.200506894001053
"12467","ZMYND19","ZMYND19",-0.0887426699210572,2.51124333959657,0.295238132272942,0.630472213863586,0.954055293415642,-0.200334048871439
"1212","C14orf28","C14orf28",-0.0516121886622432,3.89244828132446,0.232837112336485,0.630654625620704,0.954220020781128,-0.200208414529797
"11874","ULK3","ULK3",-0.036254333270412,6.32217405586847,0.232156558747574,0.631153850853101,0.954387318539355,-0.199864763684186
"711","ARPC3","ARPC3",-0.0286574086944542,9.08794589956658,0.232122081083801,0.631179166229394,0.954387318539355,-0.19984734462268
"4586","HOXB2","HOXB2",-0.0697341291608914,4.56613831930972,0.23210254987996,0.631193508131296,0.954387318539355,-0.199837476524324
"9955","SLC35D2","SLC35D2",-0.054154665605242,4.08450371017585,0.232047867158231,0.631233666004594,0.954387318539355,-0.199809846664731
"342","AKTIP","AKTIP",-0.0444422561147055,5.88451858154411,0.231901504138992,0.63134118075417,0.954387318539355,-0.19973588184166
"4703","IDNK","C9orf103",-0.0495212464650713,3.79366430732862,0.259264115888389,0.631544119895828,0.954549811356559,-0.199596304082543
"12821","ZNF707","ZNF707",-0.0833925399301223,2.59019466717,0.294793681918398,0.631662258993748,0.954549811356559,-0.199515070866292
"4135","GPR137","GPR137",-0.0713204257415955,2.92709179706937,0.347025837056486,0.631746411349383,0.954549811356559,-0.199457216421245
"961","BATF","BATF",-0.0633139347631038,5.02623632255381,0.231337951085795,0.631755544616312,0.954549811356559,-0.199450937796332
"3516","FASTK","FASTK",-0.0515903741717116,5.70219309429425,0.230796067102165,0.632154563332399,0.954568109777918,-0.199176722674164
"9030","RHEBL1","RHEBL1",-0.0705168563441585,2.93360005675867,0.253042080513463,0.632651073996934,0.954568109777918,-0.198835750359484
"1564","CCDC66","CCDC66",-0.0396327738807851,6.51295792779913,0.229973111473525,0.632761656373312,0.954568109777918,-0.198759845771477
"8859","RBBP6","RBBP6",-0.0491344525990408,6.59777762093884,0.229885527366348,0.632826345787792,0.954568109777918,-0.19871544861265
"4241","GTF2A1","GTF2A1",-0.0692006078659126,2.99137217099037,0.296075489213508,0.633358241204394,0.954568109777918,-0.19835057407486
"12494","ZNF155","ZNF155",-0.0674404688781875,3.26859302353382,0.228910959655066,0.633547185495193,0.954568109777918,-0.198221034076435
"3472","FAM66D","FAM66D",-0.192303297798627,1.37677612735935,0.392869292401301,0.633558271113543,0.954568109777918,-0.198213434988526
"6513","MIEN1","MIEN1",-0.0306637269080586,5.83734852184475,0.228779857293924,0.633644299525344,0.954568109777918,-0.198154467834489
"9335","RPUSD3","RPUSD3",-0.059106357100404,4.86425086265033,0.228748190157708,0.633667762081122,0.954568109777918,-0.1981383870935
"9479","SAV1","SAV1",-0.0644130031349982,3.1026545605594,0.302457836544553,0.633671563028971,0.954568109777918,-0.198135782060035
"2604","DDX60","DDX60",-0.0719749942962969,6.21548443837103,0.228706112810701,0.633698940777926,0.954568109777918,-0.19811701879347
"7570","OTUD5","OTUD5",-0.0366297830156852,5.79557575120317,0.228621627395421,0.633761553892024,0.954568109777918,-0.198074110110976
"7579","OXCT1","OXCT1",-0.0258686709753235,6.06443450467082,0.228092289949513,0.634154176363973,0.954568109777918,-0.197805143058324
"4484","HIKESHI","C11orf73",-0.0550056622788083,5.35971295769636,0.227988902493174,0.634230926765712,0.954568109777918,-0.197752584453028
"1490","CBX3P2","CBX3P2",-0.0669425770821585,2.92067392233653,0.260926439819988,0.634290100160825,0.954568109777918,-0.197712066907877
"5367","LDLR","LDLR",-0.0619205564407976,4.30687887093488,0.227243757421844,0.634784724451423,0.954568109777918,-0.197373532714726
"2134","CNPPD1","CNPPD1",-0.0342345508053313,6.06989555061286,0.227116002643478,0.63487978486287,0.954568109777918,-0.197308501028145
"2276","CRAMP1","CRAMP1L",-0.0641816993855625,3.0860117443584,0.264070356766998,0.634895261339001,0.954568109777918,-0.19729791435265
"6508","MID2","MID2",-0.0569577495780962,4.44086306020233,0.226713542075528,0.635179464717424,0.954608803959585,-0.197103551047066
"3167","ENO1-AS1","ENO1-AS1",-0.115926259430706,1.95974938494605,0.414806686443639,0.635523542338773,0.954904669302861,-0.196868356804004
"1126","BRIX1","BRIX1",-0.0397345040567497,6.20489140559064,0.226107963309989,0.635631006771901,0.954924530146721,-0.196794925590699
"11838","UBXN11","UBXN11",-0.0371405395157143,5.265252475279,0.225665678779146,0.635961260046739,0.955009309710191,-0.196569338849006
"7213","NINL","NINL",-0.131871509405485,1.75931719381999,0.235382033201661,0.636514839113535,0.955041374318305,-0.196191467155647
"38","ABCC5","ABCC5",-0.05465187737053,4.4448297107991,0.224778420203464,0.636624974718525,0.955041374318305,-0.196116328062348
"11819","UBLCP1","UBLCP1",-0.048341961099527,7.07365244966391,0.224614686467892,0.636747631489911,0.955041374318305,-0.196032661806476
"2569","DDX1","DDX1",-0.0310765384964267,6.5268499689721,0.224457343852718,0.636865552202812,0.955041374318305,-0.195952241289922
"12822","ZNF708","ZNF708",-0.0486290590312801,5.59010739332498,0.22442775676559,0.636887731961728,0.955041374318305,-0.195937116623272
"5165","KIF14","KIF14",-0.177294224623945,1.42282521803627,0.486979680007462,0.637052961593633,0.955041374318305,-0.195824460958611
"11048","TIMM17B","TIMM17B",-0.035557402505935,5.02440394502361,0.223894655778674,0.637287675053341,0.955041374318305,-0.195664480559963
"2409","CUTC","CUTC",-0.0268568792244394,5.97088343565022,0.223686483621162,0.637444008471709,0.955041374318305,-0.19555795658766
"4031","GMPS","GMPS",-0.0253480703115394,6.72885621841629,0.223641100722919,0.637478102021466,0.955041374318305,-0.195534729065901
"2483","CZIB","C1orf123",-0.0458979310332467,5.16703159864266,0.223573914994311,0.637528582563518,0.955041374318305,-0.195500339566405
"11219","TMEM214","TMEM214",-0.0557581533701413,5.08271734579634,0.222835398657979,0.638084086432695,0.955376636425413,-0.195122086376901
"2976","ECM2","ECM2",-0.157833002366847,1.53005510375126,0.261075198463069,0.638120600834518,0.955376636425413,-0.195097234559031
"9995","SLC41A2","SLC41A2",-0.139441312781304,1.73519082980752,0.616310384740789,0.63856212847576,0.955605442857176,-0.194796841953348
"10633","STRIP2","FAM40B",-0.120862070190468,1.87651845879763,0.514303922959698,0.638665965891767,0.955605442857176,-0.19472622650559
"10396","SPATA5","SPATA5",-0.0373135567457402,4.85665020512116,0.221876946285958,0.638806707430974,0.955605442857176,-0.194630532444377
"832","ATP2B1","ATP2B1",-0.036570395925851,8.1431055761057,0.221338875908997,0.639213220804328,0.955789432621267,-0.194354251117426
"10704","SUSD4","SUSD4",-0.0821879429767084,3.98438069817571,0.221250004633686,0.639280421402508,0.955789432621267,-0.19430859606208
"348","ALDH1B1","ALDH1B1",-0.0740912473220598,3.18513549348146,0.219846601238767,0.640343809426134,0.956365175452324,-0.193586784695952
"1933","CHCHD7","CHCHD7",-0.0292548381223329,6.36808692582816,0.219698503816357,0.640456267649735,0.956365175452324,-0.193510519887799
"9811","SKAP2","SKAP2",-0.0905429480757104,4.7101255179891,0.219621473645681,0.640514779049256,0.956365175452324,-0.193470845020794
"1144","BTBD10","BTBD10",-0.0379149750471518,5.24815091391532,0.219385839906102,0.640693842096523,0.956365175452324,-0.1933494501245
"9837","SLC14A1","SLC14A1",-0.090075262242049,2.96270876199005,0.219335026255579,0.640732471854659,0.956365175452324,-0.193323265722606
"12552","ZNF260","ZNF260",-0.0491346312666969,4.13809800274359,0.219320424151871,0.64074357373565,0.956365175452324,-0.193315740828684
"833","ATP2B4","ATP2B4",-0.0474794305164536,7.15206136511851,0.21926962171066,0.640782202006401,0.956365175452324,-0.193289559467131
"6956","NAA80","NAT6",-0.0414593005801716,4.22091477383786,0.218979317184057,0.641003043582991,0.956365175452324,-0.193139908377969
"11229","TMEM234","TMEM234",-0.0682838881056892,2.90478040845809,0.303833263837892,0.641071067642288,0.956365175452324,-0.193093822939758
"967","BBC3","BBC3",-0.0787588337458715,2.79373029834401,0.218878147318175,0.641080047909678,0.956365175452324,-0.193087739287798
"12865","ZNF782","ZNF782",-0.0668080506106869,3.33693443933728,0.218818989947094,0.641125084956821,0.956365175452324,-0.193057230376919
"3583","FBXW7","FBXW7",-0.0392115003869361,6.05602717325586,0.218440019843153,0.641413774803165,0.956365175452324,-0.192861717533918
"11062","TINF2","TINF2",-0.0379128470733909,6.21058637165263,0.218353242161385,0.641479922846508,0.956365175452324,-0.192816931702806
"11261","TMEM42","TMEM42",-0.0472885840538169,4.76614342421863,0.21788359641087,0.641838198406548,0.956417062707116,-0.192574439837085
"11158","TMEM131L","KIAA0922",-0.03062977695818,7.00426846436561,0.217050906370029,0.642474586778983,0.956815843678539,-0.192144046268939
"1063","BLMH","BLMH",-0.0355703828138902,5.4786587646881,0.21662820766586,0.642798206387268,0.956931806093442,-0.191925343727609
"10955","TEX261","TEX261",-0.0421652008842485,5.19829946481027,0.216385260423668,0.642984381799737,0.956931806093442,-0.191799576034673
"6601","MNT","MNT",-0.0694780883018723,3.98726825098022,0.216344996719733,0.643015248994022,0.956931806093442,-0.191778727736071
"11664","TTF2","TTF2",-0.0382083489014786,5.03589160300636,0.216202726920599,0.643124344728549,0.956931806093442,-0.19170505039055
"7270","NNT","NNT",-0.0339974733446088,6.07142474173749,0.215811743047286,0.643424385473075,0.956931806093442,-0.19150248357128
"12047","VPS26B","VPS26B",-0.044789110019978,6.15202013258883,0.215748442133382,0.643472993674643,0.956931806093442,-0.191469675557108
"9987","SLC39A6","SLC39A6",-0.0278083878131364,5.65458514619157,0.215747839539026,0.643473456443143,0.956931806093442,-0.19146936322429
"8296","PPIL6","PPIL6",-0.118475637925033,1.89354174572712,0.567059446845859,0.643474908374632,0.956931806093442,-0.191468383284689
"8205","POLN","POLN",-0.128118802513684,1.79546850528572,0.382562726781355,0.643548762994677,0.956931806093442,-0.191418540139302
"4547","HMGN3","HMGN3",-0.0333831816257719,6.69841996505907,0.215367669280309,0.643765569077099,0.956931806093442,-0.191272254676951
"9759","SHISAL2A","FAM159A",-0.0774013968259588,2.70579313118469,0.363851448133638,0.643765744221154,0.956931806093442,-0.191272136522005
"2300","CRISPLD2","CRISPLD2",-0.112324641744374,2.00872353649627,0.408202843528003,0.643803313305309,0.956931806093442,-0.191246792567289
"2023","CKAP5","CKAP5",-0.0355871452596432,4.82763325640206,0.214842351799034,0.6441697258581,0.956931806093442,-0.190999689640083
"10854","TBC1D9B","TBC1D9B",-0.0327624969543933,5.93087739531489,0.214067833544537,0.644766705170263,0.956931806093442,-0.190597396969351
"1988","CHSY1","CHSY1",-0.0583103713675719,3.35563481690767,0.213693578405983,0.645055642383239,0.956931806093442,-0.190402821585308
"10332","SNX33","SNX33",-0.143976750545695,1.62717795168773,0.313037176555818,0.645304745339915,0.956931806093442,-0.1902351412351
"125","ACOT4","ACOT4",-0.0775813772446315,3.18896523581456,0.213009209396799,0.645584794095332,0.956931806093442,-0.190046707403491
"11442","TPTE2P1","TPTE2P1",-0.0976102602863895,2.22963429588798,0.450169422157951,0.645725151584652,0.956931806093442,-0.189952297097818
"3559","FBXO31","FBXO31",-0.0536794659487506,4.87986985886428,0.212528176165494,0.645957345698204,0.956931806093442,-0.189796158691445
"622","ARHGAP30","ARHGAP30",-0.0380568058551519,7.98841147379697,0.212189127545297,0.646220240520735,0.956931806093442,-0.189619443395438
"9068","RIOX1","C14orf169",-0.0410331629231171,5.13599365269907,0.212043684508885,0.646333093722649,0.956931806093442,-0.189543606643975
"639","ARHGEF19","ARHGEF19",-0.0689152316616954,3.31590630321803,0.211736742577752,0.646571412601178,0.956931806093442,-0.189383501122578
"8873","RBM12B","RBM12B",-0.0446773069092217,4.89062484125445,0.211654036521569,0.646635663905556,0.956931806093442,-0.189340346414447
"6708","MRPL42","MRPL42",-0.0348075571129564,6.31186757975079,0.211592817230886,0.646683232741824,0.956931806093442,-0.189308399331381
"6744","MRPS28","MRPS28",-0.0369005545527622,4.63311500986378,0.210562598849224,0.647484992350328,0.956931806093442,-0.188770293370222
"517","AP1S2","AP1S2",-0.0549218430028717,6.20674631164963,0.210500680146298,0.647533255817536,0.956931806093442,-0.188737922309003
"8444","PRMT3","PRMT3",-0.0368552835914118,4.76422011052228,0.210408779626307,0.647604904932933,0.956931806093442,-0.188689870577651
"8646","PUS7L","PUS7L",-0.0448317766127756,5.98423543202337,0.210089342411061,0.647854097905748,0.956931806093442,-0.188522789822305
"12877","ZNF799","ZNF799",-0.0864211919788846,2.98284361521336,0.210017189315823,0.647910416321732,0.956931806093442,-0.188485037936004
"7626","PAK2","PAK2",-0.02668841426953,7.27057572537596,0.209930514309791,0.64797808518181,0.956931806093442,-0.188439681854024
"1663","CD27","CD27",-0.0453312989940782,6.73693105939826,0.209838792619084,0.648049712525219,0.956931806093442,-0.18839167769843
"7503","OGA","MGEA5",-0.0461108783366963,8.31972291828002,0.208606156615443,0.649014148644976,0.956931806093442,-0.18774583538536
"4056","GNL3","GNL3",-0.035230391242978,6.57536325760192,0.208553259120152,0.649055613693661,0.956931806093442,-0.187718089508576
"11450","TRAF2","TRAF2",-0.0468093948655032,4.34533672552583,0.208536457116306,0.649068785704251,0.956931806093442,-0.187709275974961
"5813","LOC284837","LOC284837",-0.15124682250855,1.53621656501091,0.344583593288919,0.64942547938309,0.956931806093442,-0.187470676383864
"10252","SNORD47","SNORD47",-0.073966611758735,5.07370601617515,0.207742199493032,0.649692181901937,0.956931806093442,-0.187292359304012
"12531","ZNF227","ZNF227",-0.0361565937510657,4.87235758810768,0.207520804693562,0.649866206925028,0.956931806093442,-0.187176045780367
"811","ATN1","ATN1",-0.0526667113389512,3.27816110673705,0.207834929181793,0.65009940745749,0.956931806093442,-0.187020229804328
"5068","KCNH2","KCNH2",-0.118159885501102,1.90575217137839,0.283685522587337,0.650291481965652,0.956931806093442,-0.186891934688922
"5072","KCNJ1","KCNJ1",-0.159318862170678,1.47668993274301,0.283120897308247,0.650341121219528,0.956931806093442,-0.186858784583347
"10992","THAP12","PRKRIR",-0.0414399054155989,6.31688800826299,0.206817340940866,0.650419903290623,0.956931806093442,-0.18680617750465
"11878","UNC119B","UNC119B",-0.0604716625725343,4.1764379975686,0.206743792710972,0.650477858800968,0.956931806093442,-0.1867674815224
"11974","UTP14A","UTP14A",-0.0390775316805494,4.1518519249516,0.206657614279665,0.650545782680005,0.956931806093442,-0.186722134205193
"12605","ZNF35","ZNF35",-0.110609428880361,1.9569637403677,0.242543663396085,0.650643642404712,0.956931806093442,-0.186656809452776
"10762","TADA2A","TADA2A",-0.044404124389373,3.68938704722674,0.244450180590402,0.650789638076261,0.956931806093442,-0.186559370550986
"6317","MCAT","MCAT",-0.0655275361915714,2.99693949223918,0.284258221246578,0.650861487899279,0.956931806093442,-0.186511425320391
"260","AGAP3","AGAP3",-0.0639476131257052,3.00466488123996,0.234797106707731,0.651114665280491,0.956931806093442,-0.186342522778328
"6779","MSN","MSN",-0.0244512237969388,9.31263564195021,0.205550885523171,0.651419606247262,0.956931806093442,-0.186139174299153
"7273","NOC2L","NOC2L",-0.0369389404198286,5.30623760283592,0.205378412125834,0.651556039214015,0.956931806093442,-0.186048225423733
"9112","RNF123","RNF123",-0.0415509588476339,4.73587785392912,0.205288417483037,0.651627255833478,0.956931806093442,-0.186000758601528
"7987","PIK3R1","PIK3R1",-0.0521482341072644,9.13583793803004,0.205089396009726,0.651784817001172,0.956931806093442,-0.185895760424127
"12735","ZNF576","ZNF576",-0.0608023499636579,3.18246803597337,0.385108506984623,0.651929859927413,0.956931806093442,-0.1857991267912
"10317","SNX17","SNX17",-0.0319434203607448,7.27103828998389,0.20467774187203,0.652111008077442,0.956931806093442,-0.185678468544361
"3541","FBXL20","FBXL20",-0.0294884148504344,6.04774111257011,0.204612245330852,0.652162943441718,0.956931806093442,-0.185643881880867
"12919","ZNF93","ZNF93",-0.0653369250895825,3.7609966891516,0.204463536851527,0.652280898807762,0.956931806093442,-0.185565339036684
"1791","CDKN2B","CDKN2B",-0.159153510197267,1.49598776047837,0.228701990214844,0.652285943632257,0.956931806093442,-0.185561980160206
"439","ANKLE1","ANKLE1",-0.129776837262997,1.75488112957941,0.577802807069419,0.652531749478776,0.956931806093442,-0.185398352513847
"10430","SPINK2","SPINK2",-0.125878322588532,2.2191898449228,0.204131518587052,0.652544442111387,0.956931806093442,-0.185389904975934
"6382","MED16","MED16",-0.0478364662626874,5.85943191241492,0.203863189538493,0.652757620295915,0.956931806093442,-0.185248049519343
"10763","TADA2B","TADA2B",-0.0446867400482196,4.40022878507763,0.203794384666451,0.652812310643564,0.956931806093442,-0.185211664312166
"12070","VPS9D1","C16orf7",-0.0918765999674369,2.26743181644937,0.354030469433605,0.65305495163203,0.956931806093442,-0.185050273263272
"1690","CD58","CD58",-0.0479015028696062,6.19931741204517,0.203441424345404,0.653093040379732,0.956931806093442,-0.18502494423003
"9866","SLC22A18","SLC22A18",-0.0626275851645422,3.40713759341871,0.203237119578477,0.653255669912304,0.956931806093442,-0.184916812138807
"6578","MLLT11","MLLT11",-0.0500423671028449,3.73574480451585,0.202800080763056,0.653603890124197,0.956931806093442,-0.184685371631019
"12832","ZNF720","ZNF720",-0.0562848629824555,3.3285868965466,0.214864419977327,0.653610971485792,0.956931806093442,-0.18468066636587
"7402","NTRK2","NTRK2",-0.16862904837554,1.55967673735761,0.202783424912212,0.65361716997515,0.956931806093442,-0.184676547773807
"5870","LOC401320","LOC401320",-0.0497207191889528,3.46841457173794,0.210503972917042,0.653622121508232,0.956931806093442,-0.184673257751072
"1511","CCDC12","CCDC12",-0.039062719256329,6.21042720711364,0.202301001642723,0.654002095553477,0.956931806093442,-0.184420860107149
"10550","ST6GALNAC6","ST6GALNAC6",-0.0366284405500586,6.06069457021622,0.202156118670261,0.654117805597943,0.956931806093442,-0.184344028871879
"8842","RASGRP4","RASGRP4",-0.105099350400534,2.01905132550324,0.395709009149183,0.654127745890262,0.956931806093442,-0.184337429171849
"4676","IARS1","IARS",-0.0326707364378611,6.73530629941269,0.202121761571966,0.65414525204143,0.956931806093442,-0.184325806483215
"12229","XRCC3","XRCC3",-0.0755910988433746,2.70538631122084,0.335248929199735,0.654255337346064,0.956931806093442,-0.184252725745034
"838","ATP5F1C","ATP5C1",-0.021409979566468,7.91054458251924,0.201703300329662,0.654479768800841,0.956931806093442,-0.184103773764037
"95","ACADM","ACADM",-0.0496682160163447,5.34743525741431,0.201659280336434,0.654514982532886,0.956931806093442,-0.184080407544268
"8641","PURB","PURB",-0.0563129902969044,4.31945688868352,0.20164160395633,0.65452912403009,0.956931806093442,-0.184071024248211
"11361","TNRC6B","TNRC6B",-0.0267239178530486,8.77321897293851,0.201493021279796,0.654648022975052,0.956931806093442,-0.183992139345643
"3489","FAM92A","FAM92A1",-0.124993129846449,1.77974689370174,0.420005508443598,0.654790932959444,0.956931806093442,-0.183897342993975
"4252","GTF2H4","GTF2H4",-0.0545967729357713,3.45104310629608,0.201147446199855,0.654924763504739,0.956931806093442,-0.183808588056258
"9929","SLC2A3","SLC2A3",-0.0728169475805964,8.91440895644801,0.201045567528929,0.655006403704945,0.956931806093442,-0.18375445408436
"10422","SPHK2","SPHK2",-0.0501325384676575,3.35298783568413,0.230404200455039,0.655072004639171,0.956931806093442,-0.183710960315461
"8956","RELCH","KIAA1468",-0.0356848200655891,5.78995113565158,0.200950640772584,0.655082495403717,0.956931806093442,-0.18370400528664
"11574","TRPV2","TRPV2",-0.0439273355743566,6.35340890265925,0.200924933275604,0.655103105822732,0.956931806093442,-0.183690341587024
"11447","TRABD2A","C2orf89",-0.0451818533841305,5.68785785038846,0.200526118616097,0.65542305001217,0.956931806093442,-0.183478289354214
"6477","MGC16275","MGC16275",-0.0627854533237927,2.99629993659824,0.360552401347274,0.655674132454302,0.956931806093442,-0.183311949708439
"6765","MSANTD2","C11orf61",-0.0855330272124227,2.39082457092302,0.256178792434071,0.655736847382346,0.956931806093442,-0.183270411628277
"8090","PLEKHG3","PLEKHG3",-0.0579477724054335,4.90053466097234,0.19977764522346,0.656024537809322,0.956931806093442,-0.183079916057442
"5448","LINC00852","GHRLOS2",-0.074869246507313,2.69672806157553,0.19974851929688,0.656047971323497,0.956931806093442,-0.183064403125302
"4882","INTS6","INTS6",-0.0404940560957435,5.03080123628826,0.199540161169397,0.656215667542827,0.956931806093442,-0.18295340478483
"10437","SPNS3","SPNS3",-0.0547189083349641,3.32444267312905,0.20565921318377,0.656421116039635,0.956931806093442,-0.182817456820666
"649","ARHGEF6","ARHGEF6",-0.0329408285425562,8.05017627239551,0.199274214795649,0.656429866317348,0.956931806093442,-0.182811667591916
"8743","RAB6A","RAB6A",-0.0220853971783042,6.98230110213452,0.199214562330988,0.65647793523127,0.956931806093442,-0.182779866327498
"4469","HEXIM2","HEXIM2",-0.119934831928879,1.83202101907784,0.42153098118941,0.656539847976578,0.956931806093442,-0.182738909740298
"11810","UBE3D","UBE3D",-0.0611403355220616,3.07686221162347,0.303239543465001,0.65668637646438,0.956931806093442,-0.182641993439399
"11079","TLDC2","C20orf118",-0.0738422365966972,2.69143878891506,0.301680483348118,0.656693951501561,0.956931806093442,-0.182636983775742
"4806","IL23A","IL23A",-0.0360349732417235,4.98287079318497,0.198416108636743,0.657122175763848,0.956931806093442,-0.18235387651765
"4478","HIC2","HIC2",-0.0745859659663769,2.65248511616805,0.215767116292996,0.65717118499569,0.956931806093442,-0.182321487342452
"10611","STK38","STK38",-0.0378561695142371,7.33281680447609,0.197854425081349,0.657576308689565,0.956931806093442,-0.182053842047593
"9802","SIRT6","SIRT6",-0.0516383878869618,3.53062840315707,0.266031238380245,0.657692570961539,0.956931806093442,-0.181977063733919
"1991","CHTOP","CHTOP",-0.0275681239341776,6.29850818476574,0.197702690901372,0.657699121609147,0.956931806093442,-0.181972738162874
"5289","KRT72","KRT72",-0.166135274232812,1.73484803588386,0.197652925453596,0.657739413835734,0.956931806093442,-0.181946133055597
"3342","F12","F12",-0.160595312061244,1.44337469819451,0.36361464236814,0.65785934339042,0.956931806093442,-0.181866952768028
"1180","C11orf1","C11orf1",-0.0467026475132553,4.20473157146541,0.197354885117198,0.657980847407773,0.956931806093442,-0.181786747702422
"5877","LOC440131","LOC440131",-0.11377586817561,1.91365121023598,0.584558336154634,0.658039471764749,0.956931806093442,-0.18174805493395
"1101","BPGM","BPGM",-0.0579977325117857,4.79103070833991,0.197121508032041,0.658170051872433,0.956931806093442,-0.181661882908325
"7103","NDUFC2","NDUFC2",-0.0359777724400512,5.5282566516912,0.197097011390748,0.658189919680118,0.956931806093442,-0.181648773303912
"10322","SNX21","SNX21",-0.0674928235978442,2.76949344176645,0.344386782158312,0.658336570545774,0.956931806093442,-0.181552019212814
"334","AKR1C3","AKR1C3",-0.0870728304922988,3.00070763197719,0.196651039853198,0.65855188043536,0.956931806093442,-0.181410005821004
"244","AEN","AEN",-0.0344020744021778,5.95812774956451,0.196408647395738,0.658748818098588,0.956931806093442,-0.181280150972902
"3773","FRY","FRY",-0.0474925221209854,5.0499148864962,0.196385470864269,0.658767656062623,0.956931806093442,-0.181267731813079
"9237","RPL27A","RPL27A",-0.0263511023423695,11.1081218163748,0.196353247391407,0.658793849624953,0.956931806093442,-0.181250463974677
"1473","CAVIN1","PTRF",-0.104468901436135,2.17606604018974,0.195859647103347,0.659195405767266,0.956931806093442,-0.180985828096253
"1619","CCNY","CCNY",-0.0314459230015103,5.38512548226518,0.195847324910056,0.659205437928719,0.956931806093442,-0.180979218706731
"9549","SDCCAG8","SDCCAG8",-0.0313370564921025,5.27912732457879,0.195469231993904,0.659513447645896,0.956931806093442,-0.180776344653075
"11491","TRIB3","TRIB3",-0.0796297773773216,3.36840017075131,0.195384910067067,0.659582188317594,0.956931806093442,-0.180731080771346
"8691","RAB10","RAB10",-0.0539004435869441,6.33936217627426,0.195364709937506,0.659598658444035,0.956931806093442,-0.180720236337017
"3094","EIF5A2","EIF5A2",-0.0366122113018758,4.86344234085116,0.195361565679597,0.659601222198748,0.956931806093442,-0.18071854830696
"167","ACVR2B","ACVR2B",-0.0790791636056732,3.25447170685238,0.195153386226501,0.659771021862011,0.956931806093442,-0.180606763240201
"7091","NDUFB1","NDUFB1",-0.0349448820087704,6.36776549433555,0.194618360133611,0.660207908865832,0.957183415480156,-0.180319277406168
"9645","SERF2","SERF2",-0.0296899135702643,8.1204485451379,0.194403787480568,0.660383324620898,0.957216473161278,-0.180203901666908
"4227","GSTA4","GSTA4",-0.15153132974248,1.52036109649996,0.247717480350251,0.66056267547718,0.957216473161278,-0.180085969385527
"1688","CD53","CD53",-0.0375892299186854,9.48001477748356,0.193982023986454,0.660728459211546,0.957216473161278,-0.179976986649607
"3620","FGB","FGB",-0.125837681367567,1.73772993083515,0.564776894400973,0.660875928782957,0.957216473161278,-0.179880066236872
"11075","TKTL1","TKTL1",-0.0546034570559949,3.51022056576609,0.193032619152318,0.66150701454738,0.957216473161278,-0.179465546241305
"4494","HIPK3","HIPK3",-0.0370024372166528,5.38289543694324,0.192650492447286,0.66182102162307,0.957216473161278,-0.179259442328923
"8190","POLD3","POLD3",-0.0382042395286174,4.42124659436644,0.192546873152812,0.661906233378014,0.957216473161278,-0.179203529005575
"7203","NHSL1","NHSL1",-0.181519559607181,1.39573076611897,0.330668839089745,0.662045941448709,0.957216473161278,-0.179111872455498
"10247","SNORD42B","SNORD42B",-0.144831356654353,1.55548905847731,0.526317645683129,0.662058412863504,0.957216473161278,-0.179103691428664
"11752","UAP1L1","UAP1L1",-0.100946136073588,2.13870173039954,0.245447084423924,0.662080903324961,0.957216473161278,-0.179088938474518
"8146","PMS2","PMS2",-0.0513029554199322,3.40412519455705,0.193435328005344,0.662090197348613,0.957216473161278,-0.179082842067211
"2883","DSTN","DSTN",-0.0311123963835769,7.52094507316613,0.192251691519466,0.662149127429994,0.957216473161278,-0.1790441889194
"76","ABL2","ABL2",-0.0430068151723457,4.25511038594721,0.191937336048813,0.662408043865383,0.957327187719722,-0.178874402392955
"4288","GYPC","GYPC",-0.036482339123152,7.21910955951641,0.191915317856243,0.662426188460834,0.957327187719722,-0.178862506417612
"11055","TIMM8A","TIMM8A",-0.0573981962338691,3.29976912858703,0.22906622940085,0.662914561480361,0.957365395120659,-0.178542441231206
"11541","TRIR","C19orf43",-0.0600691501629743,6.44468623214964,0.191156680561561,0.663052121217082,0.957365395120659,-0.178452331222283
"335","AKR1E2","AKR1E2",-0.105878093166262,1.97931838988206,0.3538179329266,0.663318691839556,0.957365395120659,-0.178277764425733
"5565","LOC100131655","LOC100131655",-0.116104346230274,1.87382921162406,0.423560131944706,0.663645653635585,0.957365395120659,-0.178063745553008
"11269","TMEM62","TMEM62",-0.0431155225765312,4.27412673061338,0.190240451578896,0.663810057463182,0.957365395120659,-0.177956171831494
"3506","FAR2","FAR2",-0.0537486795414715,3.64876971727671,0.190237364871191,0.663812614568363,0.957365395120659,-0.177954498861164
"9122","RNF141","RNF141",-0.0316230248375308,5.4538296758549,0.190078903541507,0.663943921095832,0.957365395120659,-0.177868601034308
"6068","LRTOMT","LRTOMT",-0.0683270576218568,2.86022930702376,0.400048383473305,0.663964922513673,0.957365395120659,-0.177854863946969
"781","ATF5","ATF5",-0.0814156823852443,2.40727273085913,0.35975634138387,0.664049895207557,0.957365395120659,-0.177799287500647
"7112","NDUFV1","NDUFV1",-0.0255687952961355,6.60876902912005,0.189820922456257,0.664157832750673,0.957365395120659,-0.177728701133044
"7962","PIGL","PIGL",-0.0367604758054181,4.25453389778745,0.18967027374699,0.664282827122056,0.957365395120659,-0.177646974688559
"4508","HLA-DMB","HLA-DMB",-0.0770857860940035,3.33522138361907,0.189609901527115,0.664332935008721,0.957365395120659,-0.177614216415913
"3348","F8","F8",-0.0751073383547021,3.37400406345415,0.189582681769505,0.664355530040041,0.957365395120659,-0.177599445613457
"12503","ZNF180","ZNF180",-0.0420123422522817,4.88694384264759,0.189576069671855,0.664361019012293,0.957365395120659,-0.177595857443561
"5841","LOC374443","LOC374443",-0.0263597180564363,7.27897032618146,0.189417582727228,0.664492619636281,0.957365395120659,-0.177509838301441
"8111","PLK4","PLK4",-0.0667605301641919,3.15055057008311,0.188973424972755,0.664861778576328,0.957494767915074,-0.177268632954026
"3623","FGD3","FGD3",-0.0308945658049198,7.59405092237254,0.188897575553608,0.664924871976174,0.957494767915074,-0.177227421658355
"10072","SMAD9","SMAD9",-0.117462418803207,1.85580967174741,0.247470473530079,0.665438848843141,0.957914419101006,-0.17689184827378
"7176","NFIC","NFIC",-0.0379969271529186,4.58391988130537,0.187671038910442,0.665947235415119,0.957957364386792,-0.176560179652296
"12658","ZNF451","ZNF451",-0.0329336271473798,5.51088171704259,0.18747598524473,0.666110185792093,0.957957364386792,-0.176453925299037
"12526","ZNF222","ZNF222",-0.0794504626459145,2.86910968421809,0.187425234616652,0.666152600055034,0.957957364386792,-0.176426272675919
"7410","NUCKS1","NUCKS1",-0.0391945968837083,7.11933472616443,0.187281135767278,0.666273066270697,0.957957364386792,-0.176347742497188
"9637","SEPTIN4","SEPT4",-0.154469932696003,1.46747547886877,0.341646931261108,0.666315217521493,0.957957364386792,-0.176320268061378
"11687","TUBB","TUBB",-0.03022643813144,7.67877431824603,0.187184655337234,0.666353754430464,0.957957364386792,-0.176295150995892
"6681","MRPL14","MRPL14",-0.0343575809228318,5.60892263809286,0.186602595400555,0.666841065899693,0.958266704281763,-0.175977662976508
"6535","MIR22HG","MIR22HG",-0.0598623344271283,3.70810283180519,0.186480189184864,0.666943661585631,0.958266704281763,-0.175910850485048
"12008","VAT1","VAT1",-0.0367087573540764,5.64691918315306,0.186255939435281,0.667131722032276,0.958266704281763,-0.175788408206618
"10980","TGFBR1","TGFBR1",-0.0678123614130978,4.37925026678291,0.185874861486964,0.667451610539261,0.958266704281763,-0.175580214663843
"7700","PCBD2","PCBD2",-0.0444852042654678,3.97083462577583,0.185487791376648,0.667776927976219,0.958266704281763,-0.175368590112004
"519","AP2A1","AP2A1",-0.0385984507246823,4.51896555747077,0.185458996787236,0.667801144812925,0.958266704281763,-0.175352840769055
"9423","S100A13","S100A13",-0.115359952191543,1.80783331309793,0.332271679942849,0.668146173755706,0.958266704281763,-0.175128514304686
"2737","DMAC1","C9orf123",-0.0296683534543556,5.65097913875339,0.185017787271932,0.668172490429181,0.958266704281763,-0.175111408824714
"5778","LOC219347","LOC219347",-0.0998836785213228,2.07482800853622,0.300055518695658,0.66817355784959,0.958266704281763,-0.175110715030177
"4142","GPR157","GPR157",-0.15222277434306,1.50833722456133,0.435811218265659,0.668581370567916,0.958374876406193,-0.174845728808771
"5508","LOC100128176","LOC100128176",-0.162801095250316,1.39293326806054,0.303493518202418,0.668768468698259,0.958374876406193,-0.174724211336339
"3420","FAM177A1","FAM177A1",-0.0434082179193497,5.06362026042564,0.184279252969046,0.668795258228526,0.958374876406193,-0.174706814714503
"11201","TMEM185B","TMEM185B",-0.0487350418071372,4.65216296366341,0.184113604622718,0.668935144070143,0.95837610425422,-0.174615986773047
"11740","TYROBP","TYROBP",-0.105315695567683,2.5971616714504,0.183746998490643,0.669244999225839,0.958397022664857,-0.174414865291179
"3866","GAPDHS","GAPDHS",-0.123043765712167,1.72402688784862,0.359741689003077,0.669347131976784,0.958397022664857,-0.174348593139701
"1323","C5orf22","C5orf22",-0.0321157589363063,5.70674240846729,0.183574560711271,0.66939087020085,0.958397022664857,-0.17432021526541
"12795","ZNF670","ZNF670",-0.102618528131445,2.36679301216885,0.183572040692861,0.669393002571978,0.958397022664857,-0.174318831805342
"4767","IGSF8","IGSF8",-0.0308463682923205,5.22360582019039,0.182961686678463,0.669909979323705,0.958737214897539,-0.173983552686676
"8445","PRMT5","PRMT5",-0.0418761057299662,4.915971497953,0.18280349912856,0.670044132627196,0.95880019110662,-0.1738965914406
"1582","CCDC91","CCDC91",-0.0361623614613826,6.38000756019497,0.182470610865962,0.670326668212784,0.959022410093782,-0.173713502331971
"11424","TPM2","TPM2",-0.133456878095483,1.60993738539133,0.259740761241213,0.670597267095814,0.95915449675711,-0.173538220796292
"2263","CPSF2","CPSF2",-0.0422884889930251,6.16379516762365,0.181959082438288,0.670761418258716,0.95915449675711,-0.173431925671236
"3551","FBXO2","FBXO2",-0.121409239501159,1.73973030614503,0.311182167112029,0.670857310213765,0.95915449675711,-0.173369843432633
"888","ATRIP","ATRIP",-0.0647370104944123,3.28061112255749,0.181819421349726,0.670880242461119,0.95915449675711,-0.173354997983217
"10889","TCEANC","TCEANC",-0.0515266080329179,3.39432695426287,0.210838163998025,0.671361285734598,0.95915449675711,-0.17304370609754
"5794","LOC283104","LOC283104",-0.0712718723101226,2.69276041602943,0.1958049290827,0.671361819487415,0.95915449675711,-0.173043360820241
"7487","OBI1","RNF219",-0.043878455126727,5.03241266500666,0.181158374674687,0.671443397602461,0.95915449675711,-0.172990592295363
"11267","TMEM59","TMEM59",-0.01834417177334,8.31044773080666,0.181035015458381,0.671548623606323,0.95915449675711,-0.172922536681924
"3759","FPR1","FPR1",-0.126517890939601,1.88430266566999,0.180936677583454,0.671632536664158,0.959168747043606,-0.172868272999403
"6789","MSX2P1","MSX2P1",-0.0687521108751734,3.43994678664445,0.180273542668715,0.672199104058272,0.959409940574203,-0.1725020707163
"9972","SLC37A4","SLC37A4",-0.0432815359804616,4.000929636864,0.179934699831418,0.672489079257036,0.959441419245741,-0.172314763900896
"6482","MGLL","MGLL",-0.150361080180334,1.50113574917294,0.248688472286355,0.672797590152383,0.959776021227938,-0.172115572777024
"6894","MYEF2","MYEF2",-0.0494268473175061,3.82922119229782,0.22547891051476,0.673515524422244,0.960056855607174,-0.17165238940913
"7983","PIK3CD","PIK3CD",-0.0307735007251954,7.56985462615804,0.178699949439136,0.673548492920039,0.960056855607174,-0.171631131270708
"1783","CDKL2","CDKL2",-0.170175421724829,1.39315201402527,0.214364411844693,0.673960624701401,0.960056855607174,-0.171365475830306
"6155","MAFF","MAFF",-0.0727487619386719,4.11958021343037,0.178166716463548,0.674007341848631,0.960056855607174,-0.171335372742156
"10201","SNORA66","SNORA66",-0.121192963711997,1.72133360649669,0.416552256087552,0.67424001607091,0.960056855607174,-0.171185475720328
"1079","BMPR1A","BMPR1A",-0.0585438495456501,3.68375763456043,0.177601819516013,0.674494322333541,0.960056855607174,-0.171021701721641
"10875","TBXA2R","TBXA2R",-0.118383508407269,1.74612894104576,0.359478772131585,0.674500399149097,0.960056855607174,-0.171017788989558
"2462","CYP2D7","CYP2D7P1",-0.113443642228052,1.80154383852432,0.441116897810728,0.675374631428749,0.960056855607174,-0.170455256459602
"1424","CAPRIN2","CAPRIN2",-0.040114333425453,4.55901870081578,0.176181570113246,0.675722724067536,0.960056855607174,-0.170231475819449
"352","ALDH4A1","ALDH4A1",-0.136180793217983,1.57164810114446,0.195174152438434,0.67627448421238,0.960056855607174,-0.169876998165093
"11483","TRAT1","TRAT1",-0.0244057933147881,8.43873094587602,0.175234722368843,0.676544914929942,0.960056855607174,-0.169703365867961
"11409","TP53RK","TP53RK",-0.0300525890858314,5.07685490319204,0.174887858510156,0.676846766790132,0.960056855607174,-0.169509641314786
"10913","TCTN3","TCTN3",-0.0324606927300796,5.37123438051768,0.17481781078733,0.676907767261717,0.960056855607174,-0.169470502508518
"3403","FAM156A","FAM156A",-0.150205519664598,1.45328919703712,0.499340429219795,0.677036376419212,0.960056855607174,-0.16938799652354
"12485","ZNF138","ZNF138",-0.0450794221204786,4.89662966016537,0.174498738277537,0.677185810934803,0.960056855607174,-0.169292150234213
"797","ATG4A","ATG4A",-0.0371000249422595,4.43233351057901,0.174406066948069,0.677266621885019,0.960056855607174,-0.169240327447459
"8896","RBM43","RBM43",-0.0467752430329698,4.93767395432872,0.174348089285112,0.677317192218231,0.960056855607174,-0.169207900636443
"5087","KCNRG","KCNRG",-0.101201105488422,1.95551841843635,0.31903413539708,0.678078915338639,0.960056855607174,-0.16871975967025
"5710","LOC100507032","LOC100507032",-0.155945727759183,1.43964358534706,0.438512674360808,0.678095302731823,0.960056855607174,-0.168709264035784
"1435","CARD8","CARD8",-0.0452100479148067,6.9516842494488,0.173284905265298,0.678246300258087,0.960056855607174,-0.168612566577615
"10444","SPPL2A","SPPL2A",-0.0341591516788633,6.658499684268,0.173149749550991,0.678364651498351,0.960056855607174,-0.168536790555556
"2259","CPOX","CPOX",-0.0559023727363253,3.17828935883794,0.173032847342516,0.678467062542291,0.960056855607174,-0.168471231133715
"10056","SLFN14","SLFN14",-0.12631302787276,1.67761041855414,0.217702072335434,0.678473987704287,0.960056855607174,-0.168466798281395
"10391","SPATA24","SPATA24",-0.113711592378508,1.81999865958182,0.459510750934178,0.678795730942416,0.960056855607174,-0.168260897694936
"8197","POLE4","POLE4",-0.0286830702487434,5.57404633835333,0.172646437091967,0.678805862927407,0.960056855607174,-0.168254415284791
"646","ARHGEF4","ARHGEF4",-0.0958302138812633,2.08459216003248,0.192380443897676,0.678901420225199,0.960056855607174,-0.168193282803998
"612","ARHGAP12","ARHGAP12",-0.0327105404262813,5.95752600496898,0.172390853911699,0.679030200241607,0.960056855607174,-0.168110909804017
"4006","GLOD4","GLOD4",-0.0194585649712221,6.8210561063378,0.172134942655241,0.679255021227987,0.960056855607174,-0.167967142481589
"5334","LARP1","LARP1",-0.0289689113431652,5.61532578500939,0.172110097885048,0.679276858089141,0.960056855607174,-0.167953180897843
"12529","ZNF225","ZNF225",-0.0871364992733269,2.32378345056432,0.171822932252559,0.679529391496689,0.960056855607174,-0.167791754106215
"11096","TLR9","TLR9",-0.109386869925311,1.89788654640248,0.229068045646139,0.679599133912747,0.960056855607174,-0.167747183271436
"6840","MTMR9","MTMR9",-0.0318806557862175,5.4100978174988,0.171376071667001,0.679922853576248,0.960056855607174,-0.167540361068496
"1213","C14orf93","C14orf93",-0.0535179039546446,3.32667637891883,0.171345310486655,0.679949961015332,0.960056855607174,-0.167523046785737
"10820","TAS2R5","TAS2R5",-0.178125802175504,1.31537370958576,0.267129040943185,0.679980992172489,0.960056855607174,-0.167503227161378
"8639","PUM3","KIAA0020",-0.029138511532517,5.94160037445292,0.171297687013315,0.679991933514041,0.960056855607174,-0.167496239133645
"712","ARPC4","ARPC4",-0.0311277781782956,7.53080064162226,0.171182673781724,0.680093327568993,0.960056855607174,-0.167431486018667
"6582","MLX","MLX",-0.0275638424838198,5.41898336953956,0.171145959190525,0.680125703050157,0.960056855607174,-0.167410812152908
"12012","VCAN","VCAN",-0.122123605894357,3.05012990010741,0.170900775456424,0.680342014251937,0.960056855607174,-0.167272708527362
"8784","RAD9A","RAD9A",-0.0673709262001168,2.68068484808529,0.19592370964776,0.680354718104624,0.960056855607174,-0.167264599133123
"7864","PGAM1","PGAM1",-0.0205669746604887,7.45058843858454,0.170619537690756,0.680590357961655,0.960056855607174,-0.167114207919771
"10327","SNX29","SNX29",-0.0310928704901515,5.46790754097918,0.17061195465759,0.680597057391087,0.960056855607174,-0.167109932938675
"8628","PTPRS","PTPRS",-0.132642614345106,1.58872138177841,0.374786211651021,0.680657867159584,0.960056855607174,-0.167071131467408
"9378","RSRP1","C1orf63",-0.0399704295569739,6.35268030563474,0.17048621178423,0.680708173679228,0.960056855607174,-0.16703903452472
"3166","ENO1","ENO1",-0.0316131172678802,9.33717850523937,0.170332382090241,0.680844175030724,0.960056855607174,-0.16695227379644
"2960","EBAG9","EBAG9",-0.0279624760946975,5.29826861875694,0.170275890742718,0.680894137290258,0.960056855607174,-0.16692040521577
"6803","MTCP1","MTCP1",-0.095156375773596,2.04640347231817,0.2392995978939,0.680898131241004,0.960056855607174,-0.16691785776296
"10483","SRGAP2B","SRGAP2P2",-0.0469938521478918,3.74442569854408,0.170133960552346,0.681019706516429,0.960056855607174,-0.166840320822142
"9040","RHOH","RHOH",-0.0258539924055101,8.39387175814402,0.170033530055994,0.681108596998343,0.960056855607174,-0.166783637988749
"12326","ZBTB7A","ZBTB7A",-0.0552363260182102,3.53439515742837,0.169947673533905,0.681184612525653,0.960056855607174,-0.166735171001095
"2734","DLL1","DLL1",-0.132646937649843,1.61198337348648,0.211346287494988,0.681189089358395,0.960056855607174,-0.166732316771373
"762","ASTE1","ASTE1",-0.0286641207591224,5.50580613381449,0.169704764307583,0.681399801087676,0.960056855607174,-0.166597997546153
"5321","LAMP3","LAMP3",-0.109406134415701,2.93418250726884,0.169679046075376,0.681422594928407,0.960056855607174,-0.16658346999028
"5564","LOC100131564","LOC100131564",-0.0420560005784667,7.24984678341107,0.169657868628391,0.68144136583062,0.960056855607174,-0.16657150680175
"5933","LOC654433","LOC654433",-0.111899325044642,2.41182750791266,0.169543645319332,0.681542632795423,0.960056855607174,-0.166506972391751
"1000","BCL2L13","BCL2L13",-0.0344437054517102,5.39229062693184,0.169447636955884,0.681627781842576,0.960056855607174,-0.166452716869523
"8524","PSMB1","PSMB1",-0.0165034762362132,8.402266367536,0.169202075405189,0.681845697016655,0.960056855607174,-0.166313895895154
"420","ANAPC16","ANAPC16",-0.0273875637276149,8.00674186362497,0.169096564449834,0.681939385961774,0.960056855607174,-0.166254225801307
"9910","SLC25A51","MCART1",-0.0355566223756336,4.23114783171134,0.177932147548631,0.681988401043205,0.960056855607174,-0.166223011568988
"1474","CAVIN2","SDPR",-0.132993440544029,1.61390086488355,0.168972294325589,0.682049776095501,0.960056855607174,-0.166183929310143
"300","AIFM2","AIFM2",-0.0722984852907671,2.51684015128219,0.229788636939357,0.682067495453377,0.960056855607174,-0.166172646674098
"4231","GSTM2","GSTM2",-0.0591778136999288,3.29544605746341,0.168789676450288,0.682212083253128,0.960056855607174,-0.166080592692205
"4081","GOLGA8B","GOLGA8B",-0.0542465976738794,5.66407594490445,0.168787344309063,0.682214156678585,0.960056855607174,-0.166079272756824
"11593","TSHZ1","TSHZ1",-0.0484920849589375,4.21808907295764,0.168243012778557,0.68269856220026,0.960056855607174,-0.165771011794801
"12158","WDR75","WDR75",-0.0305137017614734,5.59042587653465,0.168084052862371,0.682840194977233,0.960056855607174,-0.16568092232148
"6051","LRRC59","LRRC59",-0.0385768913399519,5.14660762534541,0.16800803311899,0.682907956016622,0.960056855607174,-0.165637827633053
"6192","MAN2C1","MAN2C1",-0.0417522416167385,6.24277348290948,0.167952444954409,0.68295751649252,0.960056855607174,-0.165606310852453
"3899","GCA","GCA",-0.0639585700636928,3.71615825487157,0.167723263080464,0.68316194844757,0.960056855607174,-0.165476331486894
"2878","DSCR9","DSCR9",-0.149752976888301,1.42869848121263,0.331687577654903,0.683201504378458,0.960056855607174,-0.165451186021417
"261","AGAP5","AGAP5",-0.147356391028501,1.4645813126955,0.413950345086687,0.683221989075281,0.960056855607174,-0.165438164596014
"7936","PHYKPL","AGXT2L2",-0.0293473277918656,6.08167506234359,0.167646213208679,0.683230714195569,0.960056855607174,-0.165432618452213
"12921","ZNHIT1","ZNHIT1",-0.0272758382810959,5.90037931093686,0.167496054428516,0.683364781557354,0.960056855607174,-0.165347407113826
"2674","DHRS4L2","DHRS4L2",-0.0441919960126112,3.54563568072384,0.174771569818792,0.683726674164799,0.960370955385442,-0.165117476679445
"5715","LOC100507117","LOC100507117",-0.0649710449458076,2.71425559637035,0.228712143960358,0.683994448542533,0.96053907565948,-0.164947423100247
"9027","RHBG","RHBG",-0.111089969610599,1.85258696742072,0.511059702625578,0.684822347709247,0.960839487739374,-0.164422075830248
"11649","TTC30B","TTC30B",-0.113499572238694,1.8006331455627,0.214583211816198,0.685098498388491,0.960945271877381,-0.164246984374219
"3940","GFM1","GFM1",-0.0283613401740628,5.90910302989571,0.165219934264078,0.68540564571925,0.961272155882792,-0.164052322586895
"10051","SLF2","FAM178A",-0.0434776816516137,5.22953817948398,0.165005724013962,0.685598558396928,0.961299682186982,-0.163930104271727
"1139","BSN-DT","BSN-AS2",-0.147600326488519,1.4744558783134,0.574731740019733,0.685979817180577,0.961314679171441,-0.163688661867664
"161","ACTR6","ACTR6",-0.03301600944331,6.27706876807161,0.164546015083903,0.68601305505803,0.961314679171441,-0.163667619445268
"12648","ZNF44","ZNF44",-0.0319489034340837,6.5225989954253,0.164538152573607,0.686020150162149,0.961314679171441,-0.163663127768892
"718","ARRDC1","ARRDC1",-0.0322020668001218,5.4909984582156,0.164435906099004,0.686112435059451,0.961314679171441,-0.163604709475859
"6040","LRRC37BP1","LRRC37BP1",-0.0318488390442001,4.72841582031228,0.164134068920783,0.686385060421714,0.961314679171441,-0.163432177733681
"8152","PMVK","PMVK",-0.0406804178300294,5.04313645611202,0.164097474875889,0.68641813275002,0.961314679171441,-0.163411252476863
"2532","DCK","DCK",-0.0295381086993581,7.3820470173088,0.164096448187951,0.686419060694147,0.961314679171441,-0.16341066537008
"5523","LOC100129196","LOC100129196",-0.0649809702536527,2.70417678739159,0.253336595644717,0.686714646032461,0.961314679171441,-0.163223690011868
"3918","GDAP2","GDAP2",-0.0276485634959682,5.61462907772442,0.163703272391708,0.686774671069488,0.961314679171441,-0.163185730426673
"2964","EBNA1BP2","EBNA1BP2",-0.0368547499687496,5.27435523938007,0.163593673993257,0.686873886725131,0.961314679171441,-0.163122994129831
"6461","MFSD14C","HIATL2",-0.0698466452600479,2.57310475430533,0.256170008406851,0.687117431211485,0.961314679171441,-0.16296903387368
"1439","CARM1","CARM1",-0.0721045489291615,2.49590015923505,0.272596226211893,0.68751425909888,0.961593439890802,-0.162718290103166
"1252","C1orf109","C1orf109",-0.0509839429303164,3.34696386048304,0.210508056409022,0.687601218244857,0.961593439890802,-0.162663362531014
"6253","MAPKAPK2","MAPKAPK2",-0.0782619863153391,2.71162077657868,0.162671581977071,0.687710162283732,0.961593439890802,-0.162594558046897
"10358","SOWAHC","SOWAHC",-0.0933823821068095,2.13238342734045,0.162193019264345,0.688145274640828,0.961640632966492,-0.162319867993098
"1380","CACYBP","CACYBP",-0.0295634734177759,7.54838883964861,0.161969585405095,0.688348678010096,0.961760624644585,-0.162191517321675
"10384","SPARC","SPARC",-0.160241161029491,1.34477330870318,0.161603989552316,0.688681851143507,0.961811783279655,-0.161981361841286
"5696","LOC100506714","LOC100506714",-0.0597870759569625,2.91287721513937,0.182662340760308,0.68902020896608,0.962180750367811,-0.161768040046303
"5442","LINC00514","LINC00514",-0.0941406210460387,2.03185048005838,0.384163247623374,0.689672352964082,0.962324884065889,-0.161357183313363
"3318","EXOC7","EXOC7",-0.0288741906220483,6.28430320052914,0.160141868321259,0.690018704241773,0.962324884065889,-0.16113913674261
"3152","EML6","EML6",-0.124159707367556,1.66527046407778,0.206338448920703,0.690573526777821,0.962324884065889,-0.160790074400524
"3848","GALM","GALM",-0.0395809034200351,6.06112108390948,0.159531478838618,0.690578896104093,0.962324884065889,-0.160786697700411
"972","BBS12","BBS12",-0.0922654780736026,2.42876303510217,0.159317162209988,0.690775882744416,0.962324884065889,-0.160662833487117
"6806","MTERF2","MTERFD3",-0.0523961665656438,3.71775521775763,0.159302317442903,0.690789532834323,0.962324884065889,-0.160654251687576
"10494","SRPK1","SRPK1",-0.0312104598306435,6.44962636369555,0.159258811494451,0.690829541764097,0.962324884065889,-0.160629099085457
"2802","DNASE1L1","DNASE1L1",-0.0405859206249626,3.87184524399653,0.158256881923156,0.691752696492118,0.962567965449337,-0.16004913927864
"8374","PPWD1","PPWD1",-0.0276867020295853,6.00090834108887,0.158063306824688,0.691931442529579,0.962567965449337,-0.159936933875725
"3786","FTSJ1","FTSJ1",-0.0228790676200487,5.83098504160786,0.158054360390184,0.691939706679231,0.962567965449337,-0.159931746868837
"4157","GPR63","GPR63",-0.116670518941049,1.81972078540064,0.165543047886715,0.692018413610701,0.962567965449337,-0.159882349440461
"1426","CAPZA1","CAPZA1",-0.0317177338702099,8.99855056836784,0.15784835782464,0.692130073873793,0.962567965449337,-0.159812279738181
"1449","CASD1","CASD1",-0.0529192164947095,4.33270304733218,0.157830758646836,0.692146343969364,0.962567965449337,-0.159802070776105
"6943","N4BP3","N4BP3",-0.122439445198843,1.6857751641871,0.264370039215817,0.692178154359777,0.962567965449337,-0.159782111471703
"11168","TMEM14B","TMEM14B",-0.0188495568576841,7.18664965842831,0.157700319652935,0.692266965062822,0.962567965449337,-0.159726392400173
"12148","WDR6","WDR6",-0.0445506381788837,6.1971977888013,0.15743251480657,0.69251479410066,0.962567965449337,-0.159570944389647
"6290","MAVS","MAVS",-0.0365657174388773,5.90848744622322,0.157421498684027,0.692524993750286,0.962567965449337,-0.159564547964665
"4801","IL1R2","IL1R2",-0.17130920493106,1.28525000960801,0.209271628120854,0.692672262199172,0.962567965449337,-0.159472203174527
"2482","CYTOR","LINC00152",-0.0487937723656331,5.55319815316958,0.157075607359794,0.69284545952706,0.962567965449337,-0.159363624781058
"12391","ZER1","ZER1",-0.0358448716820092,5.01540794832384,0.156997913688206,0.692917498360159,0.962567965449337,-0.159318471217748
"3349","F8A1","F8A1",-0.0845107978345867,2.41698730322044,0.156666816678014,0.693224728616285,0.962567965449337,-0.159125953589329
"593","ARF4","ARF4",-0.0256558523097725,6.93767351644631,0.156340756209819,0.693527653074597,0.962567965449337,-0.158936217592466
"1056","BIRC3","BIRC3",-0.0268049778257401,8.65224891468598,0.156290516613313,0.693574360372187,0.962567965449337,-0.158906969964795
"9016","RGS19","RGS19",-0.0479247005718029,6.11042971254075,0.156215138052902,0.693644455443249,0.962567965449337,-0.158863080850475
"3535","FBXL15","FBXL15",-0.0260865960588477,4.91548696965559,0.156159352069343,0.693696343842715,0.962567965449337,-0.158830594462725
"6185","MAN1A2","MAN1A2",-0.0241850822693886,6.3895613325159,0.155957513744285,0.693884170073788,0.962567965449337,-0.158713020173678
"488","ANO10","ANO10",-0.0508406436526721,3.7609982289459,0.155904016945978,0.693933976581101,0.962567965449337,-0.158681847946466
"2745","DMTF1","DMTF1",-0.0288965702135513,7.22424592058035,0.155624311120859,0.694194549043706,0.962567965449337,-0.15851880081951
"87","ACAA1","ACAA1",-0.0279833972140404,6.38536845753442,0.155044688553857,0.694735386151704,0.962739077675589,-0.158180579894852
"9766","SHOC2","SHOC2",-0.0304898407174857,6.69827936790137,0.155014893126579,0.694763219394039,0.962739077675589,-0.15816318106694
"301","AIG1","AIG1",-0.0481172208603882,3.79518018620106,0.154672754281302,0.695083048553755,0.962883268824262,-0.15796330278562
"2449","CYC1","CYC1",-0.0280216940482188,6.17023020287271,0.154555750270804,0.695192516980436,0.962883268824262,-0.157894911259613
"6099","LTO1","ORAOV1",-0.0429784753974252,3.77580006025333,0.154506739142786,0.695238385807204,0.962883268824262,-0.157866257439672
"1029","BEST4","BEST4",-0.104553161996254,1.82314468406442,0.504077669492044,0.695558992971623,0.963224467956967,-0.157666029963037
"3738","FOXD2","FOXD2",-0.118773051144668,1.64552797435894,0.28364541804453,0.695851410615232,0.963393073259114,-0.157483488032097
"8976","REXO1","REXO1",-0.0551094229260707,3.28426458948342,0.153797038204267,0.695903529600798,0.963393073259114,-0.157450960771456
"5853","LOC389705","LOC389705",-0.161852812195476,1.32256909611526,0.236396571033065,0.69617795141345,0.963499143930544,-0.157279735333696
"6343","MCOLN3","MCOLN3",-0.10148339420784,2.56020846348058,0.153491462488425,0.69619046645001,0.963499143930544,-0.157271928188332
"11958","USP46","USP46",-0.0415902169646153,5.63591100033,0.153257694574875,0.696410198274947,0.963499143930544,-0.157134877672305
"9641","SEPTIN8","SEPT8",-0.0460718632015033,3.60267226044331,0.153241139368728,0.696425766795399,0.963499143930544,-0.157125168959012
"8185","POLA1","POLA1",-0.0372150754140426,4.38687278977311,0.153045496177816,0.696609823298186,0.96358230223968,-0.157010405596823
"3400","FAM149B1","FAM149B1",-0.0576470737044107,3.04859821656816,0.153019355279177,0.696634426324362,0.96358230223968,-0.156995067355147
"11555","TRMT44","METTL19",-0.06212271964679,3.30704894499912,0.152330121852256,0.697283989248086,0.963902334393786,-0.156590306774197
"6846","MTRES1","C6orf203",-0.0426045181661183,3.93904705534304,0.272582582971893,0.69741607628334,0.963902334393786,-0.156508045832033
"8252","POP1","POP1",-0.0671392474137056,2.61398437115377,0.232391344565235,0.697460326721834,0.963902334393786,-0.15648049110213
"11702","TUFT1","TUFT1",-0.0640135843010475,3.1626857992197,0.151820007228247,0.697765835649022,0.963902334393786,-0.156290298505477
"1368","CACNA1C","CACNA1C",-0.10188784438252,1.86653689887222,0.334167963658791,0.698028869386832,0.963902334393786,-0.156126615262052
"1900","CFAP36","CCDC104",-0.0251873441430296,5.86588712653364,0.151454957917693,0.698111229000135,0.963902334393786,-0.156075376384704
"7968","PIGS","PIGS",-0.0249979905236523,5.76095417863569,0.15135595724825,0.698204981722791,0.963902334393786,-0.156017056800843
"7038","NCK2","NCK2",-0.0329383825670923,5.85771946149576,0.15117962232136,0.698372056863993,0.963902334393786,-0.155913145866854
"8775","RAD51","RAD51",-0.0814250798366961,2.21433045318007,0.229806039830188,0.698525605491359,0.963902334393786,-0.155817669550107
"11139","TMEM106C","TMEM106C",-0.0334616753955294,5.4498322635976,0.150710855817352,0.698816754113395,0.963902334393786,-0.155636691365448
"660","ARID5B","ARID5B",-0.0299347536788012,8.84896273949784,0.150689746879932,0.698836797931863,0.963902334393786,-0.155624234888312
"1732","CDC42BPG","CDC42BPG",-0.136417930799981,1.47185167571595,0.295220165190527,0.698915367495343,0.963902334393786,-0.155575410313048
"11467","TRAP1","TRAP1",-0.0362484126036514,5.26555644473231,0.150428793171875,0.699084718091299,0.963902334393786,-0.155470191392894
"7645","PAPSS1","PAPSS1",-0.0389123431177874,5.76421419165865,0.150066177482039,0.699429634233038,0.963902334393786,-0.15525597095266
"2199","COPS6","COPS6",-0.0250195176988082,6.93323775123617,0.149782619318341,0.699699686201847,0.963902334393786,-0.155088320858242
"9355","RRP15","RRP15",-0.0342532277809268,5.54308517733075,0.149523379758121,0.699946835521799,0.963902334393786,-0.154934945580541
"6142","MACO1","TMEM57",-0.0394863235627716,4.47376604722903,0.149469239930642,0.699998481535428,0.963902334393786,-0.1549029020736
"11594","TSHZ2","TSHZ2",-0.0400436761031073,5.41443962978008,0.149372268350822,0.70009101328131,0.963902334393786,-0.154845497133638
"6631","MOSPD3","MOSPD3",-0.0329690544318384,4.14399230910491,0.149120508113951,0.700331408178409,0.963902334393786,-0.1546963961528
"9615","SEMA4A","SEMA4A",-0.103612365347882,2.11201697481473,0.149096484718984,0.70035435927303,0.963902334393786,-0.154682163790368
"491","ANO9","ANO9",-0.0302445233429536,5.74617527152254,0.149006460932814,0.700440383715324,0.963902334393786,-0.154628822726902
"12479","ZNF132","ZNF132",-0.12464745673003,1.56809188219737,0.182672955306385,0.700489372120753,0.963902334393786,-0.154598449477886
"10612","STK38L","STK38L",-0.0422450898120494,4.30293356239998,0.148896305021256,0.700545686587727,0.963902334393786,-0.154563536629533
"11650","TTC31","TTC31",-0.0354354208802545,5.51970866135852,0.148599112271185,0.700830009896075,0.963902334393786,-0.154387309732069
"12347","ZC3H8","ZC3H8",-0.0290567231366623,4.71740126140012,0.148247588888237,0.701166733571347,0.963902334393786,-0.154178696926668
"7359","NRIP3","NRIP3",-0.0719302581174696,2.80104676740129,0.148161560995123,0.70124920944573,0.963902334393786,-0.154127615337993
"1093","BOLA3-AS1","BOLA3-AS1",-0.0605483950948904,2.8104366618765,0.206867307711869,0.701269470914101,0.963902334393786,-0.154115067278517
"9919","SLC27A4","SLC27A4",-0.0645010570920537,2.65627223538021,0.162410071594068,0.701646919288101,0.963902334393786,-0.153881377300793
"7234","NKIRAS2","NKIRAS2",-0.0300006996993081,4.94141821324972,0.147616446000798,0.701772457998943,0.963902334393786,-0.153803680255403
"12462","ZMYM4","ZMYM4",-0.0405159940905258,4.77963389201126,0.147583039680654,0.701804560355797,0.963902334393786,-0.153783814047482
"12759","ZNF606","ZNF606",-0.06428014029798,2.87556480711592,0.147103853547972,0.702265502345315,0.963902334393786,-0.15349866507232
"8074","PLEK","PLEK",-0.0753851880560289,4.50498711951874,0.146936287474645,0.702426892113794,0.963902334393786,-0.153398870004773
"9005","RGL2","RGL2",-0.0436472812450795,4.82004627636706,0.14687757760019,0.702483463004855,0.963902334393786,-0.153363894925049
"2999","EEF1AKNMT","METTL13",-0.0454753810678437,3.99255413803577,0.146854896471951,0.702505321265775,0.963902334393786,-0.153350381760804
"4249","GTF2H2","GTF2H2",-0.0801151447801,2.24017652562155,0.254590834547389,0.702651094079438,0.963902334393786,-0.153260273174854
"5354","LCLAT1","LCLAT1",-0.0685163906426622,5.05229589920309,0.146662466483527,0.702690847957711,0.963902334393786,-0.153235702798839
"11786","UBE2G2","UBE2G2",-0.018560901122765,7.39981186926597,0.146660683196619,0.702692567923729,0.963902334393786,-0.153234639783946
"2852","DPM3","DPM3",-0.0353627641097119,4.05710087489439,0.146371395624655,0.702971742575399,0.963902334393786,-0.153062132007522
"10111","SMIM19","C8orf40",-0.0247956480959289,5.84432592811648,0.145854175882688,0.703471671584027,0.963902334393786,-0.152753386676215
"10007","SLC48A1","SLC48A1",-0.0416152329750251,3.892859018764,0.145800853611869,0.70352326908027,0.963902334393786,-0.15272153367197
"4542","HMGCL","HMGCL",-0.0453805743333734,4.01118392209563,0.145652830279166,0.703666561171699,0.963902334393786,-0.152633086522218
"1205","C12orf73","C12orf73",-0.051339259155123,3.31049204967026,0.176088056450739,0.703701035157216,0.963902334393786,-0.152611810116933
"385","ALOX15P1","ALOX15P1",-0.100769176290402,1.85038492090462,0.418211141176341,0.703718202302356,0.963902334393786,-0.152601215411096
"3960","GHRL","GHRL",-0.121260600586584,1.60827883861232,0.331782122882406,0.703811611485837,0.963902334393786,-0.152543572450206
"5028","KANK3","KANK3",-0.0782672886883159,2.27515295608827,0.281119443303743,0.704060844402288,0.963902334393786,-0.152389807837508
"10157","SNHG29","C17orf76-AS1",-0.02246044815301,9.15264763853102,0.145194618164461,0.704110657685629,0.963902334393786,-0.152359081986207
"915","AXL","AXL",-0.0628387298560208,3.22587667195415,0.145176086388463,0.704128635471179,0.963902334393786,-0.15234799345445
"8553","PSMD8","PSMD8",-0.0228445158414897,7.06232962865649,0.144852115143738,0.704443134662489,0.964019793666141,-0.152154059047252
"3710","FLYWCH2","FLYWCH2",-0.0453534153373887,3.91379722833707,0.144590942074964,0.704696965359987,0.964170802072077,-0.151997598703172
"2164","COL18A1","COL18A1",-0.0994526840161038,3.14248569847375,0.144572407907063,0.704714988456597,0.964170802072077,-0.151986491473119
"784","ATF7","ATF7",-0.0330607172223441,5.05232487046316,0.143877067799426,0.705392113647725,0.964221124616369,-0.151569400095835
"9193","RPA2","RPA2",-0.0390787730156401,6.74786601388825,0.143782711539961,0.705484142490874,0.964221124616369,-0.151512743647562
"8131","PLXNB2","PLXNB2",-0.146228723358728,1.48803749167579,0.143663896734192,0.70560007578207,0.964221124616369,-0.151441381232624
"11171","TMEM150A","TMEM150A",-0.0434747773854831,3.57275316897069,0.143487402441563,0.70577239109151,0.964221124616369,-0.1513353346855
"8696","RAB11FIP3","RAB11FIP3",-0.112169320746725,1.67410323885625,0.355913146438495,0.70594781234796,0.964221124616369,-0.151227403264116
"2203","COPS9","MYEOV2",-0.0278988431656436,5.52326716658145,0.143211836917185,0.706041674630381,0.964221124616369,-0.151169663639635
"1253","C1orf112","C1orf112",-0.0592604751185188,2.85927394082872,0.143171609388499,0.706081009903072,0.964221124616369,-0.151145468727868
"3393","FAM131A","FAM131A",-0.0655776441960327,2.55711302010336,0.257622315043648,0.70647902403967,0.964280242193018,-0.150900728194843
"3833","GABBR1","GABBR1",-0.0489407030778794,4.08167020431488,0.14170030312673,0.707524049930364,0.964952670693322,-0.150258793154163
"6038","LRRC37A4P","LRRC37A4",-0.042644281180083,4.70777620092709,0.141336006027663,0.707882669952451,0.964952670693322,-0.150038719732386
"5280","KRCC1","KRCC1",-0.0554477975021142,5.38739559592881,0.141143527237999,0.708072362497976,0.964952670693322,-0.149922356677932
"4520","HLA-DRB6","HLA-DRB6",-0.0778982481484135,3.01065087073931,0.140747306782197,0.708463313148439,0.964952670693322,-0.149682634209346
"2334","CSGALNACT1","CSGALNACT1",-0.030166988366615,6.80199124627865,0.140666373508253,0.708543247276177,0.964952670693322,-0.149633636623027
"3717","FMO5","FMO5",-0.0848809846496742,2.11651747303455,0.251349340846286,0.708586678562806,0.964952670693322,-0.149607016667034
"3339","EZH2","EZH2",-0.0348122524776991,4.8727601905359,0.140622091255877,0.708586993966601,0.964952670693322,-0.149606823355332
"8762","RABL3","RABL3",-0.0245070520111485,5.71048946169318,0.14034705224088,0.708858882895243,0.964952670693322,-0.149440214012745
"11310","TMTC4","TMTC4",-0.0541263842882922,3.4787823617591,0.140117682570411,0.709085858241885,0.964952670693322,-0.149301175954975
"7257","NME4","NME4",-0.0641362662256126,4.36357943323208,0.140095750049078,0.709107572921754,0.964952670693322,-0.149287876548227
"3863","GANAB","GANAB",-0.0259390781554711,7.35680369188934,0.140054190675644,0.709148724835159,0.964952670693322,-0.149262673700272
"10149","SNED1","SNED1",-0.054239554234591,4.66066643150716,0.140049110906712,0.709153755278547,0.964952670693322,-0.149259592983944
"1532","CCDC154","CCDC154",-0.146887176178851,1.3571079808948,0.298768707835607,0.709262655485018,0.964952670693322,-0.149192906278287
"10373","SPA17","SPA17",-0.13240279013195,1.47171521894786,0.222335842587092,0.709426845098493,0.964952670693322,-0.149092381613225
"4101","GPAA1","GPAA1",-0.0237315024790094,5.87067436188803,0.13956929084748,0.709629386436489,0.964952670693322,-0.148968408251083
"12963","ZW10","ZW10",-0.0514530573432545,3.93835573120215,0.13937989236629,0.70981738821316,0.964952670693322,-0.148853366058404
"10418","SPG11","SPG11",-0.0321336582229446,6.27602913286584,0.139351005148568,0.709846075209411,0.964952670693322,-0.148835814568918
"9018","RGS3","RGS3",-0.07273874477684,3.00722198867938,0.139298607509484,0.709898118330152,0.964952670693322,-0.148803974973768
"1659","CD226","CD226",-0.0374329167987223,5.28825224842248,0.138744917925172,0.710448745316044,0.965031234043973,-0.148467248390058
"10175","SNORA24","SNORA24",-0.061205735564556,2.65954704998344,0.282970915092713,0.710642694035969,0.965031234043973,-0.148348704492
"11551","TRMT13","CCDC76",-0.0487739658148953,4.56606916536163,0.138467271419575,0.710725327733959,0.965031234043973,-0.148298207564326
"9428","S100A9","S100A9",-0.087670899395892,4.62052861528493,0.137749652069186,0.711441664103363,0.965031234043973,-0.147860704851194
"291","AHDC1","AHDC1",-0.092419223559055,1.9315776018941,0.439064502074512,0.7115264275778,0.965031234043973,-0.147808964675889
"1587","CCDC9B","C15orf52",-0.0990015554362293,1.84234766425977,0.150096023719773,0.71152810235019,0.965031234043973,-0.147807942446041
"8744","RAB6B","RAB6B",-0.0891900562408786,2.01391076558651,0.180988659588176,0.711594529116941,0.965031234043973,-0.147767399519334
"11280","TMEM80","TMEM80",-0.0406647456689865,4.34666231299206,0.137544435945125,0.71164690403908,0.965031234043973,-0.147735435666743
"9536","SCP2","SCP2",-0.0234675896458058,7.31049261488667,0.137416910972474,0.711774531672395,0.965031234043973,-0.147657555742154
"8103","PLEKHO2","PLEKHO2",-0.060920624726906,3.49703127941084,0.137245663269728,0.711946023364473,0.965031234043973,-0.14755293142433
"2244","CPA5","CPA5",-0.133427766972565,2.80736703398956,0.137115918418585,0.712076034201679,0.965031234043973,-0.147473630701363
"4062","GNPDA2","GNPDA2",-0.0290695706687049,5.039503933421,0.137082724076571,0.71210930784384,0.965031234043973,-0.147453337613434
"10978","TGFB3","TGFB3",-0.0995910973111372,1.80614138512045,0.323254140665731,0.712314351219829,0.965031234043973,-0.147328305700644
"9545","SCYL3","SCYL3",-0.0330139765290547,4.41882872325807,0.136728496915634,0.712464667195835,0.965031234043973,-0.14723666847365
"6547","MIR4697HG","LOC283174",-0.0823882788260892,2.14756559056064,0.14176131599276,0.712471561172382,0.965031234043973,-0.147232466157907
"3379","FAM117A","FAM117A",-0.0412539839739944,4.54155629780321,0.136704549805108,0.712488709744388,0.965031234043973,-0.14722201319252
"1916","CFP","CFP",-0.0456028856507328,4.33945749478679,0.136639239048117,0.71255429297221,0.965031234043973,-0.147182039052912
"10880","TCAIM","C3orf23",-0.0520491104314427,4.19305740757849,0.13653173360696,0.712662285772696,0.965032664819831,-0.147116223543711
"5392","LGALS9","LGALS9",-0.0408181873288812,5.32604914698688,0.136266633185053,0.712928794893307,0.965032664819831,-0.146953843961829
"8556","PSME2","PSME2",-0.0360447297782747,7.91591761747771,0.136221423141644,0.712974274605076,0.965032664819831,-0.146926139991918
"2704","DIPK1A","FAM69A",-0.0300270883134603,6.45848811138825,0.136125391341675,0.713070907708888,0.965032664819831,-0.146867281795362
"4418","HDGF","HDGF",-0.0301114099566445,4.92146738382841,0.135868050060101,0.71333005164522,0.965167997496187,-0.146709479345683
"23","ABCA11P","ABCA11P",-0.0513906508867877,3.10513754808408,0.304792065931126,0.713608470927842,0.965190606709539,-0.146540003285264
"3396","FAM136A","FAM136A",-0.026729946287732,5.53150767755946,0.135568182283658,0.713632372302242,0.965190606709539,-0.146525457408075
"9267","RPLP1","RPLP1",-0.0209632718074787,11.3825455427022,0.135492879960462,0.713708350294706,0.965190606709539,-0.146479222024494
"12001","VAPB","VAPB",-0.0297570739888935,5.65248862240102,0.135338755165509,0.713863932884923,0.965190606709539,-0.146384559692541
"4261","GTF3C4","GTF3C4",-0.0533240779398035,3.00386336991751,0.142302612671006,0.714098040483329,0.965190606709539,-0.146242158646902
"12367","ZDHHC11","ZDHHC11",-0.0776255769942349,2.80312301879231,0.135051899851081,0.714153769767841,0.965190606709539,-0.146208266975164
"10116","SMIM4","C3orf78",-0.0368173624889425,3.59399613309001,0.142262085620088,0.714165161011706,0.965190606709539,-0.146201339734691
"6732","MRPS16","MRPS16",-0.0210514325165838,6.98567978636493,0.134807905039629,0.714400576087656,0.965332964246134,-0.146058203907319
"5629","LOC100289361","LOC100289361",-0.112220504110448,1.65419174997725,0.276638953985489,0.714451631323447,0.965332964246134,-0.146027167797257
"6973","NAGK","NAGK",-0.034059074316417,5.27221932739933,0.134477269281037,0.714735426966548,0.965332964246134,-0.145854690887825
"4393","HCG11","HCG11",-0.052302725423306,4.04309693204845,0.13444181032866,0.714771365718825,0.965332964246134,-0.14583285398312
"7781","PDIA4","PDIA4",-0.0317512180978599,6.5087744250431,0.1344220745376,0.714791370889414,0.965332964246134,-0.145820699028358
"5584","LOC100133445","LOC100133445",-0.0834497949274745,2.09172748609099,0.356135621909277,0.715060866990622,0.965527616784323,-0.145656988865958
"692","ARMC6","ARMC6",-0.0471467515613629,4.56742848791959,0.133885749714146,0.715335655936118,0.965590479093739,-0.145490126989168
"12708","ZNF546","ZNF546",-0.0699581365036439,2.87914252884957,0.133489252865238,0.715738833822947,0.965590479093739,-0.145245418642592
"3660","FKBP15","FKBP15",-0.0360622387485411,4.91537314743438,0.133483804871585,0.715744378345944,0.965590479093739,-0.145242054361793
"4829","IMMP2L","IMMP2L",-0.0377298315950975,3.79130664788923,0.133372622126292,0.71585755912385,0.965590479093739,-0.145173384732173
"719","ARRDC1-AS1","C9orf37",-0.0363918104292201,3.9204013925975,0.133362463345385,0.715867903133882,0.965590479093739,-0.145167109302147
"5339","LARS1","LARS",-0.0367141226908585,6.83022527399271,0.133134351070006,0.7161002924891,0.965793647412527,-0.145026148887218
"8439","PRKRIP1","PRKRIP1",-0.122120990040362,1.51982227263011,0.530900305445981,0.717327309318124,0.966544161174078,-0.144282634854794
"11479","TRAPPC6A","TRAPPC6A",-0.0267629764328779,5.91617144800011,0.131557124504956,0.717713305034829,0.966775982664919,-0.144049002702269
"1621","CCP110","CCP110",-0.0341283377938603,5.16119282325615,0.131442024271832,0.717831444817179,0.966775982664919,-0.143977521188804
"2480","CYTH4","CYTH4",-0.0289054827944712,6.07130118585509,0.131402556818092,0.717871968011344,0.966775982664919,-0.143953004983768
"10278","SNORD87","SNORD87",-0.0462380210872267,3.04739325023913,0.143829164395569,0.717951545814244,0.966782790517769,-0.143904865083029
"6173","MAL","MAL",-0.027956916504053,7.90873229435846,0.13123689832341,0.718042133043601,0.966799560692044,-0.143850071619141
"7900","PHEX","PHEX",-0.100130370602817,2.10167037988876,0.131064974697256,0.718218862314212,0.966799560692044,-0.143743193346108
"11586","TSEN2","TSEN2",-0.038746132604573,4.18586260462775,0.130635884648713,0.718660519736677,0.966820540639065,-0.143476212846694
"7070","NDUFA10","NDUFA10",-0.0176664558178366,6.64928709228196,0.13057919393933,0.718718932204406,0.966820540639065,-0.143440914982392
"11558","TRMT61A","TRMT61A",-0.0416772911840687,3.82690247100119,0.130125089442605,0.719187347102596,0.966829477674978,-0.143157961891987
"9991","SLC3A1","SLC3A1",-0.10158992724706,1.74086684737899,0.307134830698516,0.719253163419503,0.966829477674978,-0.143118219319301
"8688","R3HDM1","R3HDM1",-0.0267950796197218,5.85140531844327,0.129779379584898,0.719544571828162,0.966980890874433,-0.14294229873993
"10521","SSBP2","SSBP2",-0.0315011222054456,5.78754524512876,0.129702111769093,0.719624486837276,0.966980890874433,-0.142894067231191
"1775","CDK5RAP2","CDK5RAP2",-0.029160300650983,5.24442114700288,0.129319828754508,0.720020263479326,0.967149119875906,-0.142655281077869
"11983","UTP6","UTP6",-0.0323299003171397,4.81773988159013,0.129164758078817,0.720180996316845,0.967149119875906,-0.142558342703166
"12653","ZNF444","ZNF444",-0.0397596480164412,3.49045302199985,0.12904483769102,0.720305370214295,0.967149119875906,-0.142483347342231
"11899","UQCC2","MNF1",-0.0461133280950269,4.00652508015433,0.128707304504449,0.720655789504088,0.967149119875906,-0.142272120043171
"7057","NDC1","TMEM48",-0.0404104814452677,4.06189729247442,0.128643864785893,0.720721709127789,0.967149119875906,-0.142232396197239
"6890","MYCBP2","MYCBP2",-0.0291716432275401,7.57170367268321,0.128229038782652,0.721153204332176,0.967149119875906,-0.141972462426178
"112","ACE","ACE",-0.0580954849211872,3.59596295533776,0.127943970985322,0.721450184399558,0.967149119875906,-0.141793651247265
"11552","TRMT1L","TRMT1L",-0.0542198662041411,4.31993099176241,0.127773584527684,0.721627869303902,0.967149119875906,-0.14168670266792
"8188","POLD1","POLD1",-0.0350900591577794,4.34738709062485,0.127727741573945,0.721675698759109,0.967149119875906,-0.141657918607607
"5964","LOC730091","LOC730091",-0.0927114989330266,1.86197031540707,0.155539955181475,0.722007745075648,0.967149119875906,-0.141458143669177
"7120","NECAP2","NECAP2",-0.021114526614268,7.52853653957293,0.127360216005441,0.72205950095733,0.967149119875906,-0.141427013132989
"11791","UBE2K","UBE2K",-0.021552371697522,6.36186105690903,0.127017608076055,0.72241784528304,0.967149119875906,-0.141211534549161
"10669","SUDS3","SUDS3",-0.028644776852194,5.23549205538485,0.126894951223612,0.722546268458489,0.967149119875906,-0.141134337508678
"2622","DENND2D","DENND2D",-0.0469634879171792,6.61741686401986,0.126873155137182,0.722569096545081,0.967149119875906,-0.141120616649734
"1025","BEND2","BEND2",-0.128556920688418,1.45747087198619,0.376536038487408,0.722600157927781,0.967149119875906,-0.141101947850814
"482","ANKS1B","ANKS1B",-0.0866818353187145,1.98984203661079,0.180007353204601,0.722727158627837,0.967149119875906,-0.141025625065321
"5127","KHDC1","C6orf147",-0.11492434064541,1.61100630775174,0.287190049131081,0.722923333424409,0.967149119875906,-0.140907757527308
"4499","HIVEP3","HIVEP3",-0.0369259909114571,5.56790869795213,0.125872002343658,0.723620045376949,0.967686099234631,-0.140489411027237
"8120","PLPP6","PPAPDC2",-0.049091217178649,4.62914216272546,0.125696588030224,0.723804669136579,0.967703953396665,-0.140378619661487
"6215","MAP3K11","MAP3K11",-0.032263441486555,4.92930298070405,0.125601615360406,0.723904688563172,0.967703953396665,-0.14031861053757
"761","ASRGL1","ASRGL1",-0.124003442604504,1.55762730672639,0.161448679160596,0.724178492970024,0.967703953396665,-0.140154377231155
"8159","PNMA5","PNMA5",-0.111566856686714,1.5954362197961,0.166560577141577,0.724341710747088,0.967703953396665,-0.140056505513459
"10673","SUGP2","SUGP2",-0.0254438011416426,6.13381504731089,0.125166542378484,0.724363426469741,0.967703953396665,-0.140043485585142
"7682","PATZ1","PATZ1",-0.0315575813159318,4.6248697365297,0.125154288702282,0.724376359654929,0.967703953396665,-0.140035731520521
"3172","ENOX2","ENOX2",-0.0345979026486103,4.74430524862598,0.125051984794777,0.724484364513063,0.967703953396665,-0.13997098283459
"351","ALDH3A2","ALDH3A2",-0.0297008778686509,5.09810638892108,0.124990309532523,0.724549500712071,0.967703953396665,-0.139931938485801
"3171","ENOSF1","ENOSF1",-0.0314923296533161,4.78169839527713,0.1249809001864,0.724559439659327,0.967703953396665,-0.139925981128381
"4229","GSTK1","GSTK1",-0.0202444986953143,9.30184841856154,0.124939557387565,0.724603114414183,0.967703953396665,-0.139899803657834
"5501","LNPK","KIAA1715",-0.0354038284129828,5.53038166167858,0.124459853345507,0.725110472441478,0.968027975104944,-0.139595822509286
"217","ADH5","ADH5",-0.0179580669829304,6.81738597865247,0.124132665576414,0.72545715363617,0.968146862886743,-0.139388232418353
"1903","CFAP45","CCDC19",-0.0829634269551948,2.02182672727203,0.228045860332705,0.725567410685162,0.968194406379203,-0.13932223211865
"6460","MFSD14B","HIATL1",-0.0301061225557785,4.86437572407323,0.123935579261802,0.725666230303775,0.968194733713239,-0.139263086831604
"4313","H2AC7","HIST1H2AD",-0.0922170474309142,1.88034108045046,0.270336242574464,0.725791550555866,0.968194733713239,-0.139188092030092
"11122","TMCO4","TMCO4",-0.0319906350755599,4.55668119802869,0.123483286072857,0.726146748361985,0.968340069617539,-0.138975603041581
"11543","TRMO","C9orf156",-0.0262109771291919,5.59444548997804,0.123394416427882,0.726241280122728,0.968340069617539,-0.138919069083289
"9947","SLC35A5","SLC35A5",-0.0484569780893513,4.55795428894878,0.123363934553092,0.726273712894369,0.968340069617539,-0.138899674620819
"804","ATG9B","ATG9B",-0.0476574114376069,3.38446166155612,0.123263083490095,0.726381050743066,0.968383657516165,-0.138835493871697
"8665","PYCR3","PYCRL",-0.0545361764681473,2.89840213281129,0.1230956385789,0.726559374891462,0.96839444362255,-0.138728889096083
"6234","MAP4K4","MAP4K4",-0.0320211458345886,5.83392836735922,0.123068118558807,0.726588695989119,0.96839444362255,-0.13871136302125
"2380","CTPS2","CTPS2",-0.0476007752625066,3.14997875219869,0.131581253690962,0.726761367668996,0.96839444362255,-0.138608166468705
"7107","NDUFS4","NDUFS4",-0.0223409850824721,5.68701363208511,0.122793640925043,0.726881339028,0.96839444362255,-0.138536480491017
"6877","MVP","MVP",-0.0311224035180354,7.84954987528899,0.122791464366053,0.726883661104,0.96839444362255,-0.138535093107508
"5505","LOC100127983","LOC100127983",-0.120260210095355,1.58389469080178,0.204951103164188,0.727101695884352,0.96839444362255,-0.138404842411069
"1572","CCDC82","CCDC82",-0.0329353184496524,5.67039546372875,0.122250143398894,0.727461892715939,0.96839444362255,-0.138189751780751
"8753","RABEPK","RABEPK",-0.0325282290229742,4.48155942157516,0.121701870958003,0.72804901779006,0.96839444362255,-0.137839379699213
"11763","UBAC2-AS1","UBAC2-AS1",-0.110515143777032,1.61577750885526,0.22672526290185,0.728262482931699,0.96839444362255,-0.137712062523306
"3140","EMC7","C15orf24",-0.024783427608414,6.78185883942813,0.121482677717166,0.728284159413,0.96839444362255,-0.137699136090409
"296","AHSA2P","AHSA2",-0.0408005911485713,4.2054702301032,0.121305348307641,0.728474565554766,0.96839444362255,-0.137585606875525
"8527","PSMB3","PSMB3",-0.0207948542375785,7.14224967821127,0.121218917292595,0.728567426850039,0.96839444362255,-0.137530249310837
"10665","SUCLA2","SUCLA2",-0.0378790020884535,4.67685909936264,0.121181924519023,0.728607183161693,0.96839444362255,-0.13750655146892
"12630","ZNF415","ZNF415",-0.127039922353839,1.51738402610702,0.121156581073985,0.728634423815551,0.96839444362255,-0.137490314675243
"4166","GPRIN1","GPRIN1",-0.137332566941841,1.35608653890524,0.181782867745475,0.728674730061383,0.96839444362255,-0.137466291248081
"2993","EEA1","EEA1",-0.0486392129068725,5.36762042298748,0.12087245861749,0.728940034783288,0.96839444362255,-0.13730819683137
"3011","EFCAB13","C17orf57",-0.0598168861680992,3.00578931707768,0.120868596502639,0.728944191769629,0.96839444362255,-0.13730572015154
"8860","RBBP7","RBBP7",-0.0177335385862979,7.39090793519936,0.120855104685233,0.728958714268804,0.96839444362255,-0.13729706794126
"1343","C8orf44","C8orf44",-0.0646116890253226,2.47579677607436,0.271430979283569,0.729275787446587,0.96839444362255,-0.137108205130129
"3501","FANCI","FANCI",-0.0356605970400727,3.98233961491597,0.120181617358343,0.729684810453552,0.96839444362255,-0.136864694181573
"4884","INTS7","INTS7",-0.0368369321806619,4.57798899574226,0.120084409565948,0.729789799819169,0.96839444362255,-0.136802211008651
"5819","LOC285540","LOC285540",-0.0744745214794893,2.29864496720022,0.156045556410417,0.730061126006494,0.96839444362255,-0.136640776076874
"7097","NDUFB5","NDUFB5",-0.0325177169255085,5.84715925660816,0.119740891158196,0.73016119937635,0.96839444362255,-0.136581249097144
"4704","IDO1","IDO1",-0.119797891516133,1.48804056096406,0.423338168238135,0.730473259870353,0.96839444362255,-0.136395677475483
"844","ATP5MC2","ATP5G2",-0.0186409244386977,8.43084390549974,0.119062581237061,0.730896320918397,0.96839444362255,-0.136144224200115
"8621","PTPRC","PTPRC",-0.0210757409882979,11.2598895032337,0.118965848985008,0.731001345927095,0.96839444362255,-0.136081823413997
"8167","PNPLA7","PNPLA7",-0.0645805825500101,2.41739654989263,0.158326164148314,0.731214207997383,0.96839444362255,-0.135955378550327
"7101","NDUFB9","NDUFB9",-0.019997268511295,7.82499241829427,0.118637545161059,0.731358151958895,0.96839444362255,-0.135869893455571
"12854","ZNF77","ZNF77",-0.0568596460024733,2.60310898218862,0.118967824140802,0.731362564623562,0.96839444362255,-0.135867273138659
"3840","GADD45G","GADD45G",-0.120328101561995,1.84480964050335,0.118618685265647,0.731378665989545,0.96839444362255,-0.135857712002005
"2528","DCBLD2","DCBLD2",-0.101596589088255,1.80703845120065,0.118609627364629,0.731388518976449,0.96839444362255,-0.135851861313137
"7721","PCK2","PCK2",-0.0380386097587367,4.26180562578203,0.118538436193923,0.731465973849359,0.96839444362255,-0.135805871470541
"11660","TTC8","TTC8",-0.0987552231949305,1.87755688361398,0.118478664921558,0.731531024167546,0.96839444362255,-0.135767250756635
"10059","SLK","SLK",-0.0294632527149341,5.5680678354245,0.118415206758962,0.73160010711562,0.96839444362255,-0.135726239609345
"3987","GK5","GK5",-0.0317333498480358,4.33973161908043,0.118402895467463,0.731613512051941,0.96839444362255,-0.135718282206819
"1857","CEP164","CEP164",-0.025664914902676,4.61704238338373,0.118285777743433,0.731741072691012,0.96839444362255,-0.135642567294829
"10112","SMIM20","C4orf52",-0.023799341604215,4.91769976362588,0.118203264773992,0.731830985464519,0.96839444362255,-0.135589206585709
"1309","C3orf18","C3orf18",-0.0461460526312508,3.8786464680622,0.118159474762376,0.731878716855499,0.96839444362255,-0.135560882007836
"4122","GPD1L","GPD1L",-0.0326586367819383,5.11004478866892,0.11796604983446,0.73208966978956,0.96839444362255,-0.135435721250713
"9765","SHOC1","C9orf84",-0.124583400260516,1.44739995912714,0.231051539032829,0.73212387385986,0.96839444362255,-0.135415430987647
"6656","MPZL1","MPZL1",-0.0728152264473492,2.66902330692675,0.117811906790951,0.732257919774272,0.96839444362255,-0.135335922486017
"1948","CHGB","CHGB",-0.163604308338697,1.63957930523899,0.11776849519159,0.732305326565034,0.96839444362255,-0.13530780692639
"2241","COX7C","COX7C",-0.0197332490271823,9.12978196781069,0.117552849590918,0.732540963168305,0.96839444362255,-0.135168084857071
"4772","IKBKE","IKBKE",-0.0360002380460147,6.34437118138018,0.117534204087391,0.732561348520589,0.96839444362255,-0.135155999358416
"4538","HMGA1","HMGA1",-0.0251405381584635,6.20631214043761,0.117508564532662,0.73258938350706,0.96839444362255,-0.135139379307441
"9775","SIDT2","SIDT2",-0.0428964898827569,3.3513455395995,0.117438483466661,0.732666029512549,0.96839444362255,-0.13509394431095
"11700","TUBGCP6","TUBGCP6",-0.025691241194377,5.79891389353292,0.11739726196774,0.732711124441401,0.96839444362255,-0.135067214702514
"6086","LSS","LSS",-0.0335191160551592,4.86526014050921,0.117391269151429,0.732717681117527,0.96839444362255,-0.13506332842943
"5760","LOC147670","LOC147670",-0.0939170147981938,1.82289348741854,0.387000461660101,0.733017411055875,0.96839444362255,-0.134885709621236
"786","ATF7IP2","ATF7IP2",-0.0333825562346646,4.77785061076724,0.117031012661535,0.733112178281561,0.96839444362255,-0.134829566039472
"7145","NELFB","COBRA1",-0.0423891878048636,3.40236434796609,0.116975618123505,0.733172898012122,0.96839444362255,-0.13479359725773
"11268","TMEM60","TMEM60",-0.0443521604962606,3.85742437028907,0.116616280899118,0.733567169997442,0.968607317697386,-0.134560113281322
"5738","LOC100507582","LOC100507582",-0.0833074114601464,1.9712703579303,0.116278088531346,0.734004170314965,0.968858700482728,-0.134301472591243
"3234","ERCC6L","ERCC6L",-0.107328391942311,1.76088328414932,0.11592457216134,0.734328042516739,0.968878673954682,-0.134109886639339
"3426","FAM193B","FAM193B",-0.0373839452424601,3.74762236751891,0.115592824624777,0.734693861316973,0.968923190802208,-0.133893588857546
"12187","WNK1","WNK1",-0.0238866002821612,7.9762188173802,0.115577246307883,0.734711053967604,0.968923190802208,-0.133883426004243
"10058","SLIRP","SLIRP",-0.0266975311193679,5.74120586800682,0.115543169627944,0.734748666422052,0.968923190802208,-0.133861193504509
"9626","SENP6","SENP6",-0.0260193778491063,6.73729102257552,0.115517200925935,0.734777333778781,0.968923190802208,-0.133844249163493
"10834","TBC1D13","TBC1D13",-0.0332357951834884,4.6816649001728,0.115212031216383,0.735114486507495,0.968958919880906,-0.133645018757301
"65","ABHD3","ABHD3",-0.0287021283464678,6.14423125338948,0.115151010054838,0.735181962720753,0.968958919880906,-0.133605156664029
"1367","CACFD1","C9orf7",-0.0882347334086939,1.88350354492872,0.142889083528731,0.735216372388023,0.968958919880906,-0.133584830296316
"5461","LINC01558","C6orf123",-0.115426754418756,1.50461925894286,0.530310819737709,0.735632601726607,0.968958919880906,-0.13333903196765
"1596","CCNB1","CCNB1",-0.0742103432195441,2.15787741908866,0.127532931951401,0.735655140363092,0.968958919880906,-0.133325726065377
"7774","PDF","PDF",-0.0876009713421943,1.90361016954931,0.24096150551745,0.735703829528743,0.968958919880906,-0.133296983336497
"9258","RPL5","RPL5",-0.0211351693429776,11.9611868701908,0.114501148699486,0.735901810256734,0.968958919880906,-0.133180128744636
"610","ARHGAP11A","ARHGAP11A",-0.0486708637162021,3.77215272362473,0.11447323657549,0.73593277934267,0.968958919880906,-0.133161852637758
"12530","ZNF226","ZNF226",-0.0331176627627018,4.49648100011496,0.114390334366349,0.736024785921681,0.968958919880906,-0.133107560380211
"9184","ROGDI","ROGDI",-0.0401883845686382,3.61429923156402,0.114350408046919,0.7360691102431,0.968958919880906,-0.133081407417737
"1070","BLVRB","BLVRB",-0.0455302679874748,3.45220729101135,0.114350046763044,0.736069511362866,0.968958919880906,-0.13308117074967
"9728","SH2D1A","SH2D1A",-0.0217540342979438,7.09006484984378,0.114029765095947,0.736425386388225,0.969030522499326,-0.132871248714619
"10635","STRN3","STRN3",-0.0385155493068408,5.30486124640885,0.113621090686943,0.736880287627042,0.969030522499326,-0.132603061185592
"1052","BIN2","BIN2",-0.0218463615794307,8.76787388081045,0.113576635682669,0.736929826087246,0.969030522499326,-0.13257386572857
"623","ARHGAP31","ARHGAP31",-0.0387534761108607,3.70401408678435,0.113306698227822,0.737230863349516,0.969030522499326,-0.132396491817293
"8695","RAB11FIP2","RAB11FIP2",-0.0339188144992146,5.17856594754381,0.113270024274774,0.737271793376918,0.969030522499326,-0.132372381063788
"2826","DOCK8-AS1","C9orf66",-0.0751714437807992,2.15878291890583,0.135380022694944,0.737375206138472,0.969030522499326,-0.132311469412675
"5329","LAP3","LAP3",-0.0297464193313229,6.03748492279345,0.112996298194144,0.737577519330681,0.969030522499326,-0.132192328640192
"11109","TMBIM1","TMBIM1",-0.0216935508101136,7.08092755303286,0.112813886676883,0.737781484762203,0.969030522499326,-0.132072247952403
"6841","MTMR9LP","MTMR9LP",-0.13469331825401,1.38957734284318,0.224965376214793,0.737824149840809,0.969030522499326,-0.1320471339141
"6103","LUC7L3","LUC7L3",-0.0304674071574707,7.99479951524069,0.112440220494179,0.738199877977129,0.969030522499326,-0.131826030928311
"7192","NFYB","NFYB",-0.0481264474994713,4.86395517642813,0.112422678000719,0.73821953928346,0.969030522499326,-0.131814464029708
"3415","FAM172A","FAM172A",-0.0271595344057189,6.1656965443298,0.112231897327658,0.738433473171897,0.969030522499326,-0.131688624977329
"4792","IL17RC","IL17RC",-0.0580388480169755,2.56169116392215,0.144815888941641,0.738553624122857,0.969030522499326,-0.131617966411376
"12956","ZSWIM3","ZSWIM3",-0.0883392082097092,1.83585072888295,0.136204919555829,0.738786965002041,0.969030522499326,-0.131480775762422
"11573","TRPV1","TRPV1",-0.0720645278347733,2.21020619403602,0.217012399184767,0.738810249534864,0.969030522499326,-0.131467088210739
"4084","GOLPH3","GOLPH3",-0.0152457549334426,7.79028277362795,0.111799989770725,0.738918546289472,0.969030522499326,-0.131403432845626
"10227","SNORD19B","SNORD19B",-0.0949823703804257,1.73562738987059,0.271381463459823,0.738966017072201,0.969030522499326,-0.131375533103644
"3571","FBXO46","FBXO46",-0.069200630404691,2.30248518852586,0.206821774554546,0.739016979435786,0.969030522499326,-0.131345583268835
"11454","TRAF3IP2-AS1","TRAF3IP2-AS1",-0.0364673825741758,3.68835438240297,0.111708764408685,0.739021134351519,0.969030522499326,-0.131343141576758
"9033","RHOA","RHOA",-0.0153589452367705,9.43834885385984,0.111702971171525,0.739027650747218,0.969030522499326,-0.131339312156888
"312","AK5","AK5",-0.0471003056273577,4.28979750735602,0.111674786242634,0.739059356629295,0.969030522499326,-0.131320680385465
"8614","PTPN22","PTPN22",-0.0288983332236971,6.13789631678175,0.111419891041843,0.739346296594887,0.969030522499326,-0.131152098176668
"8589","PTGER4","PTGER4",-0.0452180758865578,7.81905979354326,0.111410175934783,0.739357240281125,0.969030522499326,-0.131145669866427
"5405","LILRB1","LILRB1",-0.127199855087799,1.39427597789847,0.234235703994746,0.739472963372561,0.969030522499326,-0.131077700061621
"11112","TMC4","TMC4",-0.0996391043153946,1.6643265882695,0.18837493805764,0.739508418028929,0.969030522499326,-0.131056877944703
"5347","LAX1","LAX1",-0.0244959480472065,5.52210692275076,0.111172482216165,0.739625158462445,0.969030522499326,-0.130988324668647
"4857","INPP1","INPP1",-0.0561698544248198,2.73797035312709,0.165527174850594,0.739682855853352,0.969030522499326,-0.130954447128255
"10516","SS18","SS18",-0.0178822759042494,6.43409715851702,0.111049205631642,0.73976423602283,0.969030522499326,-0.130906668523977
"8815","RAP2A","RAP2A",-0.0370430067519278,3.92528555764282,0.110653132407668,0.740211657860691,0.969290989949201,-0.130644079326425
"12228","XRCC2","XRCC2",-0.0784704027027715,2.01885722366395,0.193734702082156,0.740530423301103,0.96941006613427,-0.130457094603437
"7135","NEK11","NEK11",-0.0555933864020561,2.69233077657593,0.11028441988355,0.740628972692893,0.96941006613427,-0.130399302771946
"1206","C12orf75","C12orf75",-0.0285134020159461,6.40575693756012,0.110238386419066,0.74068112853255,0.96941006613427,-0.130368720393074
"10531","SSR4","SSR4",-0.0184903144615947,7.68869064113186,0.110086595048006,0.74085319370499,0.96941006613427,-0.13026784260154
"2093","CMBL","CMBL",-0.0943836192114081,1.72752082499397,0.332960834119377,0.740976091866588,0.96941006613427,-0.130195804622456
"3069","EIF3E","EIF3E",-0.0173330521804269,8.79745279059059,0.109932438287668,0.741028075165857,0.96941006613427,-0.130165337690533
"11917","USB1","C16orf57",-0.0264741379467296,5.19800846410599,0.10969681788288,0.741295635618454,0.96941006613427,-0.130008556781539
"4851","INKA2","FAM212B",-0.0903600068359511,1.81864258706024,0.156511193112858,0.741318966338664,0.96941006613427,-0.129994888491704
"2143","CNTROB","CNTROB",-0.0420612938341943,3.30120051560043,0.109611026470358,0.741393135941412,0.96941006613427,-0.129951439127291
"8041","PLA2G4C","PLA2G4C",-0.162437598158445,1.7688824373008,0.109258789971993,0.741793890923468,0.96941006613427,-0.129716747644173
"9055","RILP","RILP",-0.0914116727329338,1.82364413247681,0.149085556425499,0.74186342321622,0.96941006613427,-0.129676040816808
"5575","LOC100132526","LOC100132526",-0.118725381947374,1.44697718428458,0.343573784950425,0.74190410900882,0.96941006613427,-0.129652223588248
"5687","LOC100506469","LOC100506469",-0.0623569731583972,2.42042032193319,0.160524934149926,0.742336034951411,0.96941006613427,-0.12939945713463
"10155","SNHG15","SNHG15",-0.0446306870616811,6.33016911700053,0.108669407407093,0.742466064834678,0.96941006613427,-0.129323391427371
"2165","COL4A4","COL4A4",-0.087942657538492,1.8280464373872,0.146949457063162,0.742494485755603,0.96941006613427,-0.129306767350556
"12413","ZFP41","ZFP41",-0.0576302079197591,2.54164132598034,0.120376478970575,0.742573801813769,0.96941006613427,-0.129260376855643
"9366","RSBN1L","RSBN1L",-0.0495237738056783,2.85881403337625,0.118207495071116,0.742936547869953,0.96941006613427,-0.129048276531067
"8067","PLCL2","PLCL2",-0.0330667219255238,5.91189254231303,0.108202655002565,0.742999819322109,0.96941006613427,-0.129011291848335
"836","ATP5F1A","ATP5A1",-0.0127843787995553,8.89362123693647,0.10816897681127,0.743038381362607,0.96941006613427,-0.128988752345118
"9283","RPS10","RPS10",-0.0289404934256806,6.43232724635638,0.107930307940894,0.74331185185087,0.96941006613427,-0.128828942466258
"611","ARHGAP11B","ARHGAP11B",-0.0634804169208838,2.41274161744897,0.142690240060386,0.743324165137415,0.96941006613427,-0.128821748247445
"5254","KLRF1","KLRF1",-0.0975376233704267,1.83915180441266,0.107885111243396,0.743363676681493,0.96941006613427,-0.128798663851265
"11289","TMEM97","TMEM97",-0.0515405429771888,2.88270196023809,0.119780532988501,0.743696960955985,0.96941006613427,-0.128603993210301
"11673","TTLL4","TTLL4",-0.0438892371325588,3.75318850287297,0.107565271151784,0.743730766095935,0.96941006613427,-0.128584252572856
"11217","TMEM212","TMEM212",-0.0419065035774673,4.01636004134434,0.107531577014276,0.743769473011962,0.96941006613427,-0.128561650626848
"7961","PIGK","PIGK",-0.0352396078896038,6.10988596695729,0.107503819051728,0.743801365661418,0.96941006613427,-0.128543028587058
"6491","MIAT","MIAT",-0.0338673518841092,7.11510917909017,0.107397196206953,0.743923912969963,0.969455039975825,-0.128471480942129
"11568","TRPM2","TRPM2",-0.163466495931741,2.05082454470401,0.107257776139581,0.744084257651073,0.969469225118747,-0.128377883592527
"10045","SLC9A9","SLC9A9",-0.02629092994977,5.91421208738457,0.107108974789166,0.744255519065965,0.96953776611731,-0.128277936135713
"6115","LYG1","LYG1",-0.0955163758771058,1.71155761839885,0.194559589866217,0.744537193803233,0.969669813794733,-0.128113601927883
"4090","GORAB","GORAB",-0.0366038208253817,3.85796566897521,0.106578257256638,0.744867418979125,0.96990515170292,-0.127921021654135
"6410","MEI1","MEI1",-0.0215316000997334,5.93263732801869,0.106367926129077,0.745110390769123,0.970026803757936,-0.12777938020431
"2557","DDB1","DDB1",-0.0186061055167589,6.7775185429212,0.106293060539714,0.745196938723139,0.970042131853831,-0.12772893785843
"544","APBB3","APBB3",-0.0309846078728844,4.53952817828611,0.106113068942545,0.745405155237069,0.97016717865655,-0.127607607982407
"2961","EBF1","EBF1",-0.11634977523264,1.45816775036181,0.106080745442337,0.745442568168388,0.97016717865655,-0.127585810679609
"4276","GUSB","GUSB",-0.0223081507636187,5.69694216538647,0.105639051957928,0.745954441171162,0.970497220183667,-0.1272876960557
"12227","XRCC1","XRCC1",-0.0293583657500937,4.96183732029168,0.105358528237362,0.746280151774627,0.970497220183667,-0.12709810881426
"1080","BMPR2","BMPR2",-0.030496051842218,5.06589400956959,0.105342497836898,0.746298778843511,0.970497220183667,-0.127087269007983
"4053","GNGT2","GNGT2",-0.0937766291185101,1.71121142496356,0.169006964204849,0.746487804866701,0.970497220183667,-0.126977282811507
"5223","KLHL12","KLHL12",-0.0247921475973682,5.51419714393118,0.105104432739711,0.746575591442755,0.970497220183667,-0.126926213010046
"6613","MOGS","MOGS",-0.0337279378636203,4.44017807761366,0.105027316094047,0.74666533395563,0.970497220183667,-0.126874011550097
"9109","RNF115","RNF115",-0.0197400837881163,5.65410695568884,0.104968953952724,0.746733275625879,0.970497220183667,-0.126834495385676
"1929","CHCHD3","CHCHD3",-0.0220289416300116,5.77414555769034,0.104895946738718,0.746818295621179,0.970497220183667,-0.126785051207704
"12555","ZNF266","ZNF266",-0.0287875363219194,6.50003930082614,0.104808884203731,0.746919726423213,0.970508805844903,-0.126726070533668
"6230","MAP4","MAP4",-0.0265684913424398,7.01195486347839,0.104601930003081,0.747161022223744,0.970508805844903,-0.12658579239183
"7776","PDHA1","PDHA1",-0.0224553320093271,5.38998474257602,0.104539516814007,0.747233843936444,0.970508805844903,-0.126543466138268
"6468","MFSD9","MFSD9",-0.042690726959551,3.32000233283004,0.104320515255684,0.747489558248107,0.970508805844903,-0.126394869661595
"5654","LOC100505687","LOC100505687",-0.0543727744773379,2.69431791270135,0.129524887111594,0.7475005001158,0.970508805844903,-0.12638851243837
"10866","TBL1XR1","TBL1XR1",-0.0246757368014029,8.42832699945265,0.104202358694011,0.747627645452024,0.970576748168628,-0.126314647842591
"10481","SRGAP1","SRGAP1",-0.112957600445009,1.47617830538084,0.223458660647602,0.748226644367964,0.970839017784235,-0.125966830625989
"4342","H4-16","HIST4H4",-0.0585254301670619,2.4648312650575,0.277775758176752,0.748320906137087,0.970839017784235,-0.125912121550791
"12166","WDR86","WDR86",-0.0530670995876838,2.95619486210317,0.103311328537303,0.748671772242279,0.970839017784235,-0.125708541107997
"10818","TAS2R30","TAS2R30",-0.0996054919700274,1.61754919998537,0.233110773834667,0.748681671836343,0.970839017784235,-0.12570279852385
"11639","TTC22","TTC22",-0.0568488918055819,2.58428555931887,0.14623746998476,0.748857657436352,0.970839017784235,-0.125600724977151
"11282","TMEM86B","TMEM86B",-0.0778755847527915,1.99201410714778,0.178277797350015,0.748883308801537,0.970839017784235,-0.125585848911656
"10789","TAGAP","TAGAP",-0.0261223369701024,7.98320173068011,0.103073371234499,0.748951456071163,0.970839017784235,-0.125546330556401
"6906","MYLK-AS1","MYLK-AS1",-0.109165469921051,1.52858791389651,0.233615787771378,0.749033505342713,0.970839017784235,-0.125498755251132
"11363","TNS2","TENC1",-0.126514054048248,1.3854492425651,0.233523064695684,0.749130591669714,0.970839017784235,-0.125442467617183
"1684","CD47","CD47",-0.0200613884804737,9.41713023114332,0.102810239521311,0.749261144060783,0.970839017784235,-0.125366788898685
"876","ATP7B","ATP7B",-0.110735718185833,1.50153064031948,0.148787328090185,0.749376239651254,0.970839017784235,-0.125300081127379
"2690","DHX57","DHX57",-0.0300246452539782,4.22002370956821,0.102672121648502,0.749423874432061,0.970839017784235,-0.125272475681845
"10037","SLC7A8","SLC7A8",-0.112287726156995,2.7033914191442,0.102444362562516,0.749692484088656,0.970839017784235,-0.125116843075703
"12360","ZCCHC7","ZCCHC7",-0.0272936351672037,6.75826071410663,0.102431916692848,0.749707171724021,0.970839017784235,-0.125108334658395
"8964","RER1","RER1",-0.025552978965052,6.34967532642649,0.102374122469363,0.749775388821418,0.970839017784235,-0.125068819281863
"4863","INPP5E","INPP5E",-0.0425804585999177,3.75268320707272,0.102291002547936,0.749873536232504,0.970869200154119,-0.125011972804803
"10416","SPEG","SPEG",-0.100868408364022,1.59548592729598,0.156815864365965,0.750135417290331,0.970910848127008,-0.124860329043987
"10466","SQLE","SQLE",-0.0380153208429708,3.54833097434748,0.101973247661835,0.750249145078589,0.970910848127008,-0.124794490788632
"3504","FANK1","FANK1",-0.0676987171696401,2.81260071415934,0.101921420855635,0.750310469248257,0.970910848127008,-0.124758993700406
"11316","TMX4","TMX4",-0.0178940515376189,7.01717916318921,0.101884316207995,0.750354383959225,0.970910848127008,-0.124733575744341
"2535","DCLRE1C","DCLRE1C",-0.0251559491126602,5.46426844327043,0.101884007511112,0.750354749350296,0.970910848127008,-0.12473336426122
"3588","FCF1","FCF1",-0.0223619471410355,4.80144825433219,0.101720593165349,0.75054826157558,0.97099933654204,-0.124621376622478
"494","ANP32B","ANP32B",-0.0146651501579212,7.16718699195701,0.10169985481982,0.75057283179246,0.97099933654204,-0.124607159635376
"4964","ITGB1BP2","ITGB1BP2",-0.124902578465571,1.38053619494743,0.207872869022052,0.750780589887672,0.971171262599738,-0.124486963825923
"11148","TMEM120B","TMEM120B",-0.0308909854918601,3.659765374449,0.101321634383724,0.751021422366195,0.971358552009381,-0.124347674869684
"1673","CD37","CD37",-0.0177360601637715,8.24467715051208,0.101118394675698,0.751262857334197,0.971358552009381,-0.124208082281701
"7537","ORC6","ORC6",-0.0645875140600952,2.28410166018175,0.26056607466551,0.751673616283482,0.971358552009381,-0.12397069320686
"8765","RAC2","RAC2",-0.0327821244953381,9.42094162562366,0.100571065036391,0.751914380530732,0.971358552009381,-0.123831609115825
"5848","LOC387895","LOC387895",-0.0757175298686846,2.98148574660511,0.100547515162857,0.751942457304441,0.971358552009381,-0.123815392694706
"11814","UBIAD1","UBIAD1",-0.018493103573302,6.01533826566525,0.100521369773808,0.751973632762677,0.971358552009381,-0.123797387262655
"2387","CTSF","CTSF",-0.0314444209041373,4.37324874993087,0.100433748405175,0.752078144040972,0.971373991409799,-0.123737032064472
"8104","PLGRKT","C9orf46",-0.0276355297580893,5.47800551521691,0.10028280559649,0.752258300438221,0.971373991409799,-0.123633011544507
"9669","SESTD1","SESTD1",-0.0831057090133466,3.70054050832421,0.100146454757085,0.752421169136045,0.971373991409799,-0.123538994209326
"11321","TNFAIP8L1","TNFAIP8L1",-0.0255181867551875,4.70362215921939,0.0996934418842251,0.752963163468653,0.971373991409799,-0.123226269873158
"7108","NDUFS5","NDUFS5",-0.0140372888242675,7.54531359042379,0.099682935891383,0.752975749131807,0.971373991409799,-0.123219010768538
"9774","SIDT1","SIDT1",-0.0271850419726204,5.34290750899468,0.0995632858573228,0.753119135522724,0.971373991409799,-0.123136317547576
"9710","SFXN5","SFXN5",-0.0687430158149119,2.15176001378999,0.148630524707128,0.753126319872672,0.971373991409799,-0.123132174632452
"2176","COMMD10","COMMD10",-0.0287178103576679,5.45868910820937,0.0995301505114278,0.753158861074139,0.971373991409799,-0.123113409972994
"3817","FZD3","FZD3",-0.0452773183029879,3.83565738304261,0.0994129276974468,0.753299456482406,0.971373991409799,-0.12303234591771
"207","ADD3","ADD3",-0.0191240461527333,9.5604731296146,0.0993064590163831,0.753427232604633,0.971373991409799,-0.122958686288081
"12941","ZSCAN16","ZSCAN16",-0.02643671704317,4.45703783148856,0.133134451525754,0.753430575038623,0.971373991409799,-0.122956759629002
"11356","TNPO1","TNPO1",-0.0170533199141979,6.91880494176276,0.0991296645913782,0.75363957526484,0.971373991409799,-0.122836303861862
"3603","FCSK","FUK",-0.0358519731735146,3.5329831738678,0.0991076840049354,0.753665990066402,0.971373991409799,-0.122821082260052
"10190","SNORA44","SNORA44",-0.0794468351204641,1.9135834599427,0.38661240493455,0.753927933628383,0.971373991409799,-0.122670165434381
"6577","MLLT10P1","MLLT10P1",-0.0846166922105325,1.90746062531229,0.14938963231086,0.754119939466118,0.971373991409799,-0.122559576005809
"2234","COX5B","COX5B",-0.0196949450735583,7.62786030876335,0.0986632718283828,0.754200747674002,0.971373991409799,-0.122513041394026
"3201","EPHA4","EPHA4",-0.0237916163411484,6.90677033596515,0.0986147642384969,0.754259196581256,0.971373991409799,-0.122479385826302
"1160","BTLA","BTLA",-0.0420289038379572,4.84662533989224,0.0984916693026758,0.754407590020031,0.971373991409799,-0.122393950854987
"7034","NCF1C","NCF1C",-0.108158709128985,1.49244842479012,0.307758228940598,0.754565664273549,0.971373991409799,-0.122302960804514
"7019","NBR2","NBR2",-0.0561657177705855,2.58795083736759,0.147698628229254,0.754567340465896,0.971373991409799,-0.12230199606372
"10197","SNORA61","SNORA61",-0.0649778800621598,2.24470283769867,0.194939606471578,0.754619421830965,0.971373991409799,-0.122272021444231
"5184","KIF5B","KIF5B",-0.0204955971420794,8.28827155164721,0.0982466617818085,0.754703255273559,0.971373991409799,-0.122223776755263
"6940","N4BP2L1","N4BP2L1",-0.0284715729103223,5.55048671506322,0.0982311841623778,0.754721946647377,0.971373991409799,-0.122213020925165
"3910","GCNA","ACRC",-0.0661538314043622,2.20550088006398,0.13566815487553,0.754825513002439,0.971373991409799,-0.122153429163015
"7328","NPM3","NPM3",-0.0392910290111733,3.33655935728348,0.117558713879916,0.754922770847314,0.971373991409799,-0.122097474742187
"7272","NOB1","NOB1",-0.0200936240408267,5.57059208125631,0.0979955954270536,0.755006652807671,0.971373991409799,-0.122049221529843
"9273","RPP25","RPP25",-0.0859922428320309,1.80020120120826,0.117825488508557,0.75574162819327,0.971818171515956,-0.12162665506593
"3649","FIBP","FIBP",-0.0228785525708507,5.55998490479216,0.0973822627936037,0.755749626621074,0.971818171515956,-0.121622058713754
"7560","OST4","OST4",-0.0166096484292803,7.42204547377793,0.0970027677285709,0.756210623946033,0.972128739365263,-0.121357225560196
"8335","PPP1R3E","PPP1R3E",-0.0427537812016391,3.30182812261908,0.0953210478791237,0.758265526126079,0.972979761520836,-0.120178688380507
"10909","TCTEX1D2","TCTEX1D2",-0.036066140324365,3.36765926226492,0.113520335970388,0.758435530766164,0.972979761520836,-0.120081329606923
"8415","PRKAB2","PRKAB2",-0.0287055754892641,4.44674999991052,0.0951445402311237,0.758482350845975,0.972979761520836,-0.120054520374126
"10590","STIL","STIL",-0.0671340205127871,2.1388520454787,0.119425362799576,0.758594964451463,0.972979761520836,-0.119990044467662
"2641","DEXI","DEXI",-0.0469463709017269,2.96495332741883,0.0948039639057612,0.758901343985584,0.972979761520836,-0.11981467805378
"4184","GRAP2","GRAP2",-0.0220185698756118,5.60181661361795,0.0947887876485134,0.758920033716819,0.972979761520836,-0.119803982661999
"1797","CDO1","CDO1",-0.125530554370294,1.88289933180913,0.0946514446829474,0.759089247726656,0.972979761520836,-0.119707160182801
"824","ATP1A3","ATP1A3",-0.0535933611332348,2.52125920053493,0.0984675509223122,0.759145634104885,0.972979761520836,-0.119674901283703
"9583","SEC24B-AS1","1/2-SBSRNA4",-0.0670988053760958,2.17313422739058,0.240796085905835,0.759691758076025,0.972979761520836,-0.11936258524705
"7229","NKAPD1","C11orf57",-0.0210714494108831,4.62562833402589,0.0940351236148004,0.759850249734173,0.972979761520836,-0.119271989459034
"11307","TMSB4Y","TMSB4Y",-0.116125441433401,2.18247279754404,0.0938323697224196,0.76010119671632,0.972979761520836,-0.119128583706381
"6548","MIR4712","MIR4712",-0.0925970376989803,1.67619850987618,0.145941787183274,0.760137609167619,0.972979761520836,-0.119107779439822
"10193","SNORA53","SNORA53",-0.0900235289868047,1.70815202889851,0.221083748729186,0.760156176132352,0.972979761520836,-0.119097171581779
"4253","GTF2H5","GTF2H5",-0.0360654671071033,5.03227152523315,0.0936987903186112,0.760266689187655,0.972979761520836,-0.119034037553377
"4295","GZMM","GZMM",-0.0281674450907093,5.68035076070986,0.0936250361862446,0.760358119043791,0.972979761520836,-0.118981812334067
"20","ABAT","ABAT",-0.0455513647843135,2.86683655657383,0.0935697928833452,0.760426627637072,0.972979761520836,-0.118942683977329
"11794","UBE2M","UBE2M",-0.0575054427621931,2.40311694434027,0.211167950334192,0.760454522458905,0.972979761520836,-0.118926752992588
"6941","N4BP2L2","N4BP2L2",-0.0258898574571493,8.57864394219791,0.0933404597816694,0.760711266257096,0.972979761520836,-0.118780151725714
"11355","TNNT3","TNNT3",-0.120846106171388,1.38919252309095,0.234720820020005,0.760994391083151,0.972979761520836,-0.118618544189498
"5241","KLHL36","KLHL36",-0.0224389503082125,5.70617628222506,0.0930724487300232,0.761044395650589,0.972979761520836,-0.118590007850076
"11114","TMC6","TMC6",-0.0213651315585662,7.82389475224632,0.0930703917702283,0.761046954415515,0.972979761520836,-0.118588547678204
"6868","MUC16","MUC16",-0.131511510582577,1.41308024888825,0.0929844596504452,0.761153877738227,0.972979761520836,-0.118527535743201
"3767","FRMD4B","FRMD4B",-0.041695764755255,4.53591280654436,0.0929705861701746,0.76117114525141,0.972979761520836,-0.118517683463853
"3153","EMP1","EMP1",-0.13440909639374,1.33829058207011,0.123116671135396,0.761371734711629,0.972979761520836,-0.118403250041515
"5179","KIF2C","KIF2C",-0.0801820734956231,1.84857723957009,0.115601072615482,0.761674296512574,0.972979761520836,-0.118230699876097
"266","AGBL5","AGBL5",-0.0273856212696697,4.2415916605938,0.0925450475778246,0.761701474487914,0.972979761520836,-0.118215203706412
"5558","LOC100131193","LOC100131193",-0.0728287957536388,1.98900601507865,0.14479307231853,0.761740385065461,0.972979761520836,-0.118193018876694
"10258","SNORD52","SNORD52",-0.10083940686108,1.54285885496991,0.264740091076112,0.762308653590245,0.972979761520836,-0.117869150169413
"5238","KLHL32","KLHL32",-0.0511238227869395,2.63365400368964,0.0960797872164694,0.762832486332016,0.972979761520836,-0.117570820169413
"3783","FTH1P3","FTH1P3",-0.0965977542163895,1.61126040155586,0.171674945513114,0.762906329063871,0.972979761520836,-0.117528782186666
"8478","PRR14","PRR14",-0.0307994781984497,3.94405266422998,0.144020580848904,0.76403153525998,0.972979761520836,-0.116888715630136
"11129","TMED4","TMED4",-0.0160480952254705,6.65025582129271,0.0905599406340234,0.764193208484852,0.972979761520836,-0.116796826279459
"6948","NAA20","NAA20",-0.0142869460835164,6.25558484829381,0.0903769262115304,0.764424426033968,0.972979761520836,-0.116665444167675
"416","ANAPC10","ANAPC10",-0.0257120480003036,4.94680360652283,0.0903571692901602,0.764449401892561,0.972979761520836,-0.11665125479852
"11439","TPST2","TPST2",-0.0364621123506145,5.38302158439946,0.0903143307849237,0.764503566743762,0.972979761520836,-0.116620484073086
"1749","CDCP1","CDCP1",-0.108216945851516,1.44493969329575,0.19952481179363,0.764512497151752,0.972979761520836,-0.116615410971497
"10981","TGFBR2","TGFBR2",-0.0290977953738469,7.34540706262302,0.0900551092942842,0.764831624911264,0.972979761520836,-0.116434162781518
"11027","THYN1","THYN1",-0.0187860680392332,6.03577250795038,0.0899644206870992,0.764946517638331,0.972979761520836,-0.116368928122868
"3907","GCLC","GCLC",-0.0453017615264208,3.40901318869692,0.0899332302773789,0.764986047137412,0.972979761520836,-0.116346486031337
"3291","ETV3","ETV3",-0.0510495490392341,3.98426366835569,0.0899178998491763,0.765005479060396,0.972979761520836,-0.116335454366415
"11860","UGCG","UGCG",-0.0332770676703605,4.74648882034235,0.0899141651311692,0.765010213236643,0.972979761520836,-0.116332766777483
"5492","LMNB1","LMNB1",-0.0395625170977063,3.53312191591347,0.117542712247752,0.765250898326302,0.972979761520836,-0.116196151913017
"4630","HSF4","HSF4",-0.0675999907760329,2.08287147401033,0.13014287295353,0.765266940634133,0.972979761520836,-0.116187047692744
"10261","SNORD58A","SNORD58A",-0.0886373983872048,1.68797408735646,0.21641794369991,0.765565927221725,0.972979761520836,-0.11601740379558
"12634","ZNF419","ZNF419",-0.0479812600413386,2.86914913972167,0.128724553814614,0.765572532978151,0.972979761520836,-0.116013656461633
"6978","NAIP","NAIP",-0.0479002785489785,4.37715260806801,0.0893998918339866,0.765663139728853,0.972979761520836,-0.115962260046828
"5707","LOC100506963","LOC100506963",-0.0940745391885332,1.65316862689791,0.311356880449977,0.765829249883179,0.972979761520836,-0.115868050341075
"168","ACYP1","ACYP1",-0.0320538958865595,4.25164105773392,0.0892197673482092,0.765892311638924,0.972979761520836,-0.115832290091637
"11751","UAP1","UAP1",-0.0263489556874142,5.06838670539967,0.0891582058884777,0.765970693942343,0.972979761520836,-0.115787846167135
"1713","CD99L2","CD99L2",-0.0325910644135267,3.86526150801703,0.0891565383289257,0.765972817550481,0.972979761520836,-0.115786642113214
"37","ABCC4","ABCC4",-0.0322835416885182,4.20733387288283,0.0891518811439242,0.765978748509389,0.972979761520836,-0.115783279366267
"9287","RPS13","RPS13",-0.0200536074829242,10.8450243985081,0.0889190737373175,0.766275445918031,0.973101210687705,-0.115615090498587
"803","ATG9A","ATG9A",-0.028352020064412,5.25788320563892,0.0889068875637537,0.766290988031092,0.973101210687705,-0.115606281935656
"9074","RIPOR2","FAM65B",-0.0272004183476943,9.54199042957149,0.0888921281999088,0.766309813517515,0.973101210687705,-0.115595612745264
"1437","CARF","ALS2CR8",-0.0317912328357517,4.5494393778141,0.0888415032251549,0.766374398334717,0.973101210687705,-0.115559011820527
"651","ARHGEF9","ARHGEF9",-0.0275349797423686,4.19057264537776,0.088715964891,0.766534640448541,0.973169852998029,-0.11546821417462
"11523","TRIM59","TRIM59",-0.0266949696002157,7.03895708502939,0.0886254033943988,0.766650313458481,0.973169852998029,-0.115402682420099
"1175","BYSL","BYSL",-0.0414570514944802,3.09240229515936,0.145791763803855,0.766653503248274,0.973169852998029,-0.115400875461699
"4847","ING3","ING3",-0.0268489732703825,6.46992136068207,0.0882267121272302,0.767160323852586,0.973534934046363,-0.115113866183403
"12791","ZNF664","ZNF664",-0.0346432134064844,4.86989812842071,0.0881748596729566,0.767226746269309,0.973534934046363,-0.115076265646176
"3364","FAHD2A","FAHD2A",-0.0328042609211043,3.5177582434753,0.0961426189875,0.76759936906942,0.973534934046363,-0.114865390906058
"3999","GLIDR","MGC21881",-0.053189718994035,2.54096010365827,0.119463555812647,0.767630049558922,0.973534934046363,-0.114848032761232
"8919","RCAN1","RCAN1",-0.0631336247630512,2.33707893296798,0.0876983780746166,0.767838112186566,0.973534934046363,-0.114730335170516
"4483","HIGD2A","HIGD2A",-0.0152646178534261,7.24709691703939,0.0876320267771884,0.767923389776718,0.973543451145642,-0.114682104261194
"5342","LASP1","LASP1",-0.0282978605984097,6.70596809067974,0.0871958346009099,0.768484879948335,0.97396974868794,-0.114364672887206
"2226","COX15","COX15",-0.0311278165449275,4.87564901279121,0.0870758628916666,0.768639581873769,0.974070655040383,-0.114277254861599
"12167","WDR88","WDR88",-0.101917191806294,1.50954817459364,0.239834944795929,0.768881101464057,0.974146473938283,-0.114140813606099
"3526","FBLIM1","FBLIM1",-0.0508223526659523,2.59360873214822,0.172035581041186,0.768970355354289,0.974146473938283,-0.114090402401703
"634","ARHGEF1","ARHGEF1",-0.0168467846602179,8.46966488220069,0.0865041590720486,0.769378383801345,0.974243864440323,-0.113860019650821
"97","ACADSB","ACADSB",-0.0224312706473432,5.40111380735941,0.0864996918592551,0.769384167133647,0.974243864440323,-0.113856755119456
"434","ANKFY1","ANKFY1",-0.0225105459710228,5.33024724556539,0.0864471956966255,0.769452141760237,0.974243864440323,-0.113818387159087
"5054","KBTBD7","KBTBD7",-0.0438778498930119,3.59883514725361,0.0862313183373749,0.769731906595382,0.974251355187817,-0.113660510879636
"4745","IFT43","IFT43",-0.0338249581332182,3.48595086482954,0.0861377126656409,0.769853332573174,0.974251355187817,-0.11359200589416
"4753","IFT88","IFT88",-0.0339799944046526,4.30567650710808,0.0860383044783317,0.769982364170078,0.974251355187817,-0.113519221881196
"6365","MDP1","MDP1",-0.0609631028653488,2.25804392189878,0.207578670108082,0.769991975224302,0.974251355187817,-0.113513800975524
"3988","GKAP1","GKAP1",-0.0495001532659445,2.6624388257394,0.168458146858567,0.770456817291981,0.974251355187817,-0.113251697681916
"4687","ICE2","NARG2",-0.0305109474869268,6.09616620869113,0.0855750172825956,0.770584781127086,0.974251355187817,-0.113179572454856
"2717","DLAT","DLAT",-0.0228449705343612,5.09426412903519,0.085555671890138,0.77060997462811,0.974251355187817,-0.113165373861934
"2055","CLIC3","CLIC3",-0.0744434086618921,1.96614639332704,0.103823654788057,0.77092989250759,0.974251355187817,-0.112985114402316
"2629","DENND6B","FAM116B",-0.0796611427482401,1.80636325167561,0.171045991114518,0.770986982940989,0.974251355187817,-0.11295295435452
"11821","UBN2","UBN2",-0.0374917186905519,4.20637198005675,0.0852093261420562,0.771061545294371,0.974251355187817,-0.112910955652061
"6769","MSH2","MSH2",-0.0343862991858433,5.19861493456279,0.0851532978612575,0.771134689402433,0.974251355187817,-0.112869759749978
"9601","SELENOH","C11orf31",-0.0232794360001576,6.41621933664399,0.0848932342729931,0.771474541289224,0.974251355187817,-0.112678401110928
"9750","SH3YL1","SH3YL1",-0.0371981846269816,5.45705672770858,0.0848166346357152,0.771574749661415,0.974251355187817,-0.112621993394856
"11844","UBXN8","UBXN8",-0.0417918346767451,2.91957251697047,0.10311028530203,0.771806005816066,0.974251355187817,-0.112491846284668
"10703","SUSD3","SUSD3",-0.0276380955982243,6.60943457062516,0.084424642784748,0.772088327705859,0.974251355187817,-0.112333013082729
"4593","HPF1","C4orf27",-0.0350993473542931,5.02972853025937,0.0842751145168019,0.772284576857845,0.974251355187817,-0.11222263828401
"11278","TMEM71","TMEM71",-0.0282589387450752,5.95464581253571,0.0842700750005655,0.772291194286966,0.974251355187817,-0.112218916986544
"4409","HDAC3","HDAC3",-0.0191600707214421,6.12868739239845,0.0842638677377965,0.772299345388532,0.974251355187817,-0.112214333275404
"12498","ZNF169","ZNF169",-0.0370246689894866,3.33766399550669,0.0839305064335815,0.772737580131184,0.974251355187817,-0.111967966431386
"2345","CSNK2A2","CSNK2A2",-0.0605356585365856,2.27000770629902,0.133843415857144,0.773199432006676,0.974251355187817,-0.111708473676668
"5844","LOC386597","LOC386597",-0.102218522268193,1.46801699738701,0.162065432006853,0.773306746003296,0.974251355187817,-0.111648201202751
"7880","PGM1","PGM1",-0.0251337537945266,5.32874785611619,0.0834798239716652,0.773331548210144,0.974251355187817,-0.111634272333132
"10996","THAP5","THAP5",-0.0244506371577588,5.96160560059432,0.0832389459979902,0.773649721708589,0.974251355187817,-0.111455626347821
"12354","ZCCHC17","ZCCHC17",-0.0201900385304458,5.47400225523411,0.0831853666332763,0.77372056203175,0.974251355187817,-0.11141586138427
"11255","TMEM38A","TMEM38A",-0.0779347728120776,1.80576330894428,0.281654121337197,0.773736670253084,0.974251355187817,-0.111406819826942
"9359","RRP7BP","RRP7B",-0.0268201125510469,3.76538246752111,0.0870843563529859,0.773747405136426,0.974251355187817,-0.111400794432984
"4530","HLTF","HLTF",-0.0359954613652796,4.43361477849174,0.0831229472592691,0.773803121430048,0.974251355187817,-0.111369522718791
"3581","FBXW4P1","FBXW4P1",-0.0702771732006928,1.97542934360846,0.112483936261426,0.77393101512434,0.974251355187817,-0.11129774873059
"9131","RNF168","RNF168",-0.0313485219582906,6.65719357877544,0.0830206772817398,0.773938462154175,0.974251355187817,-0.111293569820144
"9861","SLC1A4","SLC1A4",-0.057388939776035,3.62135536105725,0.0829589069976091,0.774020250688357,0.974251355187817,-0.11124767672388
"3265","ESAM","ESAM",-0.0794540452527275,1.81721414060261,0.110648224162439,0.77422132828552,0.974251355187817,-0.111134868887481
"1754","CDHR3","CDHR3",-0.0640500723401913,2.15081871345626,0.131397001662657,0.774659785291056,0.974251355187817,-0.110888988862896
"11322","TNFAIP8L2","TNFAIP8L2",-0.0501276665433132,3.98942008876886,0.0824419049361729,0.774706098379175,0.974251355187817,-0.110863025313772
"12102","WASHC4","KIAA1033",-0.0209167437340083,6.94493144235585,0.0823305612063293,0.774854110091617,0.974251355187817,-0.110780058972981
"4515","HLA-DQB1","HLA-DQB1",-0.0613472438057616,4.74361996910856,0.0823117647527353,0.774879107331862,0.974251355187817,-0.110766048608642
"8064","PLCG2","PLCG2",-0.104460720224995,1.4333693604085,0.110952806248864,0.774891471619413,0.974251355187817,-0.110759118883779
"4284","GUSBP5","GUSBP5",-0.0630437569020661,2.59881363770096,0.0820452444790877,0.775233883540187,0.974251355187817,-0.110567253613459
"10200","SNORA64","SNORA64",-0.0681891175005585,1.99169502715798,0.127746302780921,0.775272954099822,0.974251355187817,-0.110545366411099
"4306","H2AC15","HIST1H2AK",-0.0761259994403543,1.83571344528688,0.22671185049668,0.775303555070191,0.974251355187817,-0.11052822461578
"6961","NAB2","NAB2",-0.0741276711042249,1.90394024915982,0.112952827797614,0.775355626825491,0.974251355187817,-0.110499057051092
"4476","HIBADH","HIBADH",-0.0296933795546901,4.97562189391012,0.0816873907563245,0.775711220324489,0.974251355187817,-0.110299926630111
"7062","NDFIP2","NDFIP2",-0.0520913542898778,3.23404102429348,0.0816532799188834,0.775756779404255,0.974251355187817,-0.110274420390921
"461","ANKRD31","ANKRD31",-0.0648576234712072,2.19117172204367,0.0816087944645608,0.775816210499013,0.974251355187817,-0.110241150159114
"10542","ST3GAL4","ST3GAL4",-0.0624173152957158,2.20794384245524,0.121059865642473,0.776083330703108,0.974251355187817,-0.110091644564572
"4931","IRGM","IRGM",-0.0720703133915292,1.97416197710874,0.107090075602926,0.776189533824899,0.974251355187817,-0.110032217603139
"8452","PROCR","PROCR",-0.108585963932649,1.40729164544811,0.132996122694383,0.776297395454416,0.974251355187817,-0.109971870930068
"1341","C8orf33","C8orf33",-0.0185815028916267,5.30582777639722,0.0811846206508541,0.776383775497261,0.974251355187817,-0.109923548870531
"8660","PXN","PXN",-0.0203467916172872,7.39100517478693,0.0811521363294873,0.776427307160044,0.974251355187817,-0.109899198759753
"10729","SYMPK","SYMPK",-0.0270374372632652,4.39479722181133,0.081095331606762,0.776503452823308,0.974251355187817,-0.109856608784392
"6878","MX1","MX1",-0.0516787730614806,6.31228703425223,0.0810583404414867,0.776553054299357,0.974251355187817,-0.109828867813924
"11924","USP10","USP10",-0.0195656062684304,7.60995043123021,0.0809688121990739,0.776673153478355,0.974258443248376,-0.109761706430008
"12836","ZNF736","ZNF736",-0.0520081826973552,2.43733386378105,0.105050317268418,0.777192986094032,0.974421114907864,-0.109471127416572
"577","APPL2","APPL2",-0.0237152619271043,4.40580439924603,0.0805566105381903,0.777227037180976,0.974421114907864,-0.10945210012801
"9685","SEZ6","SEZ6",-0.0931393719418951,1.55851001011632,0.126583065209492,0.777262028043405,0.974421114907864,-0.109432548573982
"8539","PSMC5","PSMC5",-0.0174674041501064,7.49057217221324,0.0804376116734205,0.777387223312782,0.974421114907864,-0.10936260145926
"11256","TMEM38B","TMEM38B",-0.0279595986277949,4.06213221234417,0.0911214102219942,0.777679529066781,0.974421114907864,-0.109199332869933
"3678","FLI1","FLI1",-0.0284239558229052,7.1542854319858,0.0802096905722142,0.777694389360767,0.974421114907864,-0.109191034230485
"5781","LOC221442","LOC221442",-0.0502826518271701,2.51855196433018,0.0823934881869639,0.777868135778809,0.974421114907864,-0.109094018379691
"9399","RUFY3","RUFY3",-0.0297270129659886,5.02166957806395,0.0800331737304816,0.777932602947134,0.974421114907864,-0.109058026964098
"11680","TUB","TUB",-0.0699674814505688,2.00508378349539,0.102465179185142,0.778004617915336,0.974421114907864,-0.109017825209288
"3474","FAM76A","FAM76A",-0.0199481365185574,5.81072407113216,0.0797101114990531,0.778369319443815,0.97443215506327,-0.108814290749532
"5325","LAMTOR4","C7orf59",-0.0205134983106974,7.09786660957908,0.0796649697319808,0.778430418321905,0.97443215506327,-0.108780201707795
"4297","H1-1","HIST1H1A",-0.070661052277935,2.01737170836795,0.0914444526606731,0.778748800779186,0.97443215506327,-0.108602609116573
"3481","FAM86DP","FAM86DP",-0.0490671465216822,2.64573514747341,0.0791896734857008,0.779074864921108,0.97443215506327,-0.108420806948883
"1839","CENPN","CENPN",-0.0362991881546213,3.45770763774461,0.101916405879281,0.779180674741617,0.97443215506327,-0.108361827378358
"2513","DCAF10","DCAF10",-0.0232850829008949,5.58457982124074,0.0789740388962759,0.779367929224704,0.97443215506327,-0.108257469273771
"2466","CYP2U1","CYP2U1",-0.041691514848692,2.89784414640371,0.102950780479376,0.779377315241958,0.97443215506327,-0.108252239047068
"7799","PDSS1","PDSS1",-0.0415452482132322,3.23034468685156,0.0789565910689095,0.779391661073086,0.97443215506327,-0.108244245155232
"1995","CIAO2A","FAM96A",-0.0187086696444651,6.41243350802794,0.0788719234522807,0.779506862859869,0.97443215506327,-0.108180056884311
"10886","TCEAL4","TCEAL4",-0.0323171417040929,3.9954552830361,0.0787715038493702,0.779643583945414,0.97443215506327,-0.108103890773098
"2927","DVL3","DVL3",-0.0329660642048776,3.6306242068031,0.0787546834824675,0.779666494038787,0.97443215506327,-0.10809112906871
"4270","GTSF1","GTSF1",-0.0475237246445361,2.96528830619158,0.0785656925932346,0.779924089865443,0.97443215506327,-0.107947665202937
"1260","C1orf21","C1orf21",-0.102341716093509,1.850904582834,0.0784741162812557,0.780049029271707,0.97443215506327,-0.107878099267264
"2239","COX7A2L","COX7A2L",-0.0141600126128362,6.93617093025677,0.0783219351403073,0.780256827206012,0.97443215506327,-0.107762422592234
"9992","SLC3A2","SLC3A2",-0.0214125248603828,7.32249999146623,0.0780124948366448,0.780680029818112,0.97443215506327,-0.107526929961205
"12301","ZBTB20-AS1","ZBTB20-AS1",-0.0724669596636914,1.87249802951659,0.137861447689659,0.780705071070367,0.97443215506327,-0.107512999666022
"12057","VPS37B","VPS37B",-0.0432749254862359,4.67852425823408,0.0779521312419312,0.780762690918824,0.97443215506327,-0.107480947794246
"9942","SLC33A1","SLC33A1",-0.0229135964664319,5.24143614463134,0.0776632333768495,0.781158782630279,0.97443215506327,-0.107260680064769
"11560","TRMT9B","KIAA1456",-0.082932126112684,1.66954694134724,0.266463976048002,0.781224594356875,0.97443215506327,-0.107224092796698
"118","ACKR4 /// CX3CR1","CCRL1",-0.0677208798469669,1.96401340773131,0.108203129880267,0.781300082474868,0.97443215506327,-0.107182129845834
"2489","DAGLA","DAGLA",-0.0801319936269607,1.72025955292475,0.103786945077516,0.781325423352735,0.97443215506327,-0.107168044060872
"5035","KAT14 /// PET117","CSRP2BP",-0.0261617142573802,4.10919251032092,0.0774889090213136,0.78139817348045,0.97443215506327,-0.107127608274133
"6194","MANBAL","MANBAL",-0.0261535087284408,4.11492056902699,0.0774483714437779,0.781453883294042,0.97443215506327,-0.107096646335623
"6683","MRPL16","MRPL16",-0.0196757220133974,5.35820006061833,0.077425948369688,0.781484705536304,0.97443215506327,-0.107079517153668
"10655","STX7","STX7",-0.0370086597074089,4.19832495764688,0.0772157190535464,0.781773916288359,0.97443215506327,-0.106918823800177
"6467","MFSD8","MFSD8",-0.0262442005178587,5.24578645218639,0.0770375359765466,0.782019373784141,0.97443215506327,-0.106782487575291
"5614","LOC100287792","LOC100287792",-0.0775400260099553,1.76462182308596,0.197051946831275,0.782087920558554,0.97443215506327,-0.106744421790409
"6056","LRRC8A","LRRC8A",-0.0262502227167367,4.61584940835803,0.0769698068005191,0.782112754889923,0.97443215506327,-0.1067306314715
"9654","SERPINB6","SERPINB6",-0.0478878872212033,4.40948268185869,0.0769644808135742,0.782120099933124,0.97443215506327,-0.106726552907721
"1238","C18orf32","C18orf32",-0.0594985073291953,2.18080505344645,0.306534890266158,0.782287947811302,0.97443215506327,-0.106633360587883
"8831","RASA3","RASA3",-0.0187631042807819,7.27422464089337,0.07651105230004,0.782746428231231,0.97443215506327,-0.106378905445964
"11247","TMEM267","C5orf28",-0.0213373147509348,4.90136692211642,0.0764856405724429,0.782781588970811,0.97443215506327,-0.106359397503578
"12589","ZNF324B","ZNF324B",-0.0792223793273842,1.72141446242271,0.136178422991378,0.782836349176278,0.97443215506327,-0.106329017096593
"457","ANKRD26","ANKRD26",-0.0305606035842854,4.84642666353982,0.0764043700235559,0.782894080596043,0.97443215506327,-0.106296990591173
"10160","SNHG4","SNHG4",-0.0843551711302888,1.64129701968409,0.220207153070616,0.782935781115869,0.97443215506327,-0.106273858696578
"11274","TMEM67","TMEM67",-0.0425472430182819,2.94571136639129,0.0762821830100975,0.783063328600142,0.97443215506327,-0.106203113868718
"10320","SNX2","SNX2",-0.0186552956746305,6.83561059594244,0.0762497487479569,0.783108279612049,0.97443215506327,-0.106178184319069
"10435","SPN","SPN",-0.0287865559945819,7.46884410279137,0.0761615971504967,0.783230501960104,0.97443215506327,-0.106110407804745
"7949","PIBF1","PIBF1",-0.0269298052815246,5.91118831298977,0.0760578799576245,0.783374403615246,0.97443215506327,-0.106030622921245
"10952","TEX12","TEX12",-0.0798042618997504,1.70332210419689,0.111114020650459,0.78376548748808,0.97443215506327,-0.105813864261188
"8390","PRDX2","PRDX2",-0.0223214466799418,7.12066675342666,0.0754323644035017,0.784244519109602,0.97443215506327,-0.105548507796011
"11823","UBP1","UBP1",-0.0298192325366603,4.97625633879297,0.0754024640221219,0.784286208734355,0.97443215506327,-0.10552542176567
"5596","LOC100233209","LOC100233209",-0.0222947700601485,7.23570691278824,0.0753942229787579,0.7842977006534,0.97443215506327,-0.105519058220821
"4625","HSD17B8","HSD17B8",-0.0289806123844089,4.78334234314706,0.0753147652902637,0.784408537011752,0.97443215506327,-0.105457688389108
"7760","PDE3B","PDE3B",-0.0214933317813685,7.19428374422918,0.0751254446286287,0.784672876178808,0.97443215506327,-0.105311359407419
"4158","GPR65","GPR65",-0.0293088874182833,6.86017754791088,0.0749448818611079,0.784925321218396,0.97443215506327,-0.105171660612143
"10106","SMIM11A","FAM165B",-0.0302011299210826,4.20517660017645,0.0749399989729427,0.784932152531403,0.97443215506327,-0.105167880903994
"12386","ZDHHC8P1","ZDHHC8P1",-0.0948086617313354,1.48900800360953,0.297077841250339,0.784940063251553,0.97443215506327,-0.105163504010034
"10506","SRSF12","SRSF12",-0.0584879341132999,2.17347524189528,0.11087346329422,0.784996993988084,0.97443215506327,-0.105132006308107
"181","ADAM8","ADAM8",-0.0266499714446205,6.53623589582896,0.0748828286527383,0.785012153412264,0.97443215506327,-0.105123619536245
"7269","NMUR1","NMUR1",-0.0785918985865407,1.85488899342018,0.097345418398222,0.78523426604159,0.97443215506327,-0.105000756922166
"3252","ERMARD","C6orf70",-0.0235383306531598,4.47404489457987,0.0747039784637339,0.785262638496969,0.97443215506327,-0.104985065072313
"913","AXIN1","AXIN1",-0.0266304526231346,4.48809811663913,0.0745901829238397,0.785422180488539,0.97443215506327,-0.104896838324373
"9506","SCARNA1","SCARNA1",-0.0966000959603225,1.46470050336112,0.167849044377474,0.785501551240469,0.97443215506327,-0.104852952960722
"1197","C12orf42","C12orf42",-0.0511805894900657,2.40735131794057,0.118332556438773,0.786154051062893,0.97443215506327,-0.10449234331038
"1868","CEP55","CEP55",-0.0811065347627304,1.67803234738451,0.0876051078357423,0.786272286053081,0.97443215506327,-0.104427031756266
"2912","DUSP19","DUSP19",-0.0575088041328975,2.20088993268016,0.0861514503557448,0.786807111512217,0.97443215506327,-0.104131723388496
"8630","PTRH2","PTRH2",-0.0311254447972329,3.637040849507,0.116989683703331,0.786834199529951,0.97443215506327,-0.104116771853421
"5592","LOC100188947","LOC100188947",-0.0910855509301136,1.55494177398732,0.287626675683824,0.786897067987853,0.97443215506327,-0.104082072886793
"5438","LINC00467","LINC00467",-0.0659052741792944,1.95683429023091,0.122204219014617,0.787429462782895,0.97443215506327,-0.103788339501785
"4957","ITGAE","ITGAE",-0.0232003296616416,4.87445093572737,0.073153514699761,0.787447757226158,0.97443215506327,-0.103778249603147
"10777","TAF4","TAF4",-0.050830285713832,2.41198624255589,0.110840331147467,0.787700249492177,0.97443215506327,-0.103639016974433
"12717","ZNF557","ZNF557",-0.0279232707557619,5.56649865419277,0.0729341622235462,0.787758899422446,0.97443215506327,-0.103606681840756
"138","ACSL1","ACSL1",-0.0384459427382135,3.45216061119362,0.0728776397259146,0.787839155572839,0.97443215506327,-0.103562438573034
"7977","PIK3AP1","PIK3AP1",-0.0739168665977024,1.95606229475027,0.0728207222849166,0.787920006275624,0.97443215506327,-0.103517872099986
"6132","LYST","LYST",-0.0223501391034924,6.06601136225522,0.0725454634561158,0.788311488437688,0.974550735345849,-0.103302144211267
"6742","MRPS26","MRPS26",-0.0241591748125958,4.81057159867938,0.0725362335175976,0.788324629362471,0.974550735345849,-0.103294904708053
"12705","ZNF542P","ZNF542",-0.0455179452016751,2.86514194980862,0.0722047182447907,0.78879721330106,0.974949147118393,-0.103034632359581
"830","ATP2A2","ATP2A2",-0.0326526320640639,3.82007905069893,0.0719753084795523,0.789124924951876,0.975075497799856,-0.102854238967283
"7858","PFKL","PFKL",-0.0223575108310181,7.26834732433638,0.071649946473894,0.789590666512261,0.975393046282615,-0.102597993958201
"382","ALKBH8","ALKBH8",-0.0219762553277714,4.4639360918938,0.0714950658352977,0.789812769838487,0.975393046282615,-0.102475848789452
"3133","EMBP1","EMBP1",-0.0251610013734831,4.52061657070472,0.0712685969504814,0.790137997645534,0.975393046282615,-0.102297052529639
"12625","ZNF407","ZNF407",-0.0258222224043781,5.52938693216204,0.0712280842860457,0.790196235526355,0.975393046282615,-0.102265043616893
"3448","FAM220A","C7orf70",-0.0243867104920479,4.18165970945533,0.0711808511849262,0.790264156609521,0.975393046282615,-0.102227715567688
"336","AKR7A2","AKR7A2",-0.0246839856786792,5.74408571956444,0.0709987465751112,0.790526248943286,0.975393046282615,-0.102083705008228
"2","A1BG-AS1","A1BG-AS1",-0.090509388002036,1.51533643896269,0.239899231872085,0.791187419656545,0.975393046282615,-0.101720626892651
"1409","CAND2","CAND2",-0.0621974848561976,2.09770516116989,0.100030145258837,0.791260227586804,0.975393046282615,-0.101680663381153
"7704","PCBP3","PCBP3",-0.0721815847760825,1.81689018935549,0.0752358371781003,0.791642062457264,0.975393046282615,-0.101471138407315
"11640","TTC23","TTC23",-0.0952065658459591,1.45306837982716,0.15796746684306,0.791692824846312,0.975393046282615,-0.101443291076171
"11755","UBA3","UBA3",-0.0212957347330783,6.95770488785443,0.0700263748480087,0.791931860808354,0.975393046282615,-0.101312184253929
"7527","OR52N4","OR52N4",-0.0659092482623387,1.9292345320547,0.119782777852486,0.792124747933382,0.975393046282615,-0.101206418066052
"7305","NOS3","NOS3",-0.041891673724905,2.7757508342039,0.069741101482596,0.792346218160158,0.975393046282615,-0.10108501060567
"2732","DLGAP5","DLGAP5",-0.107037517850612,1.32521837882127,0.075016637620833,0.792633175207096,0.975393046282615,-0.100927754474882
"1772","CDK5","CDK5",-0.0333847060924697,3.3566280076241,0.0692490943314015,0.793062991754301,0.975393046282615,-0.100692315980241
"2862","DPY19L2P2","DPY19L2P2",-0.0246899979822214,3.58504568037728,0.0691749124057617,0.793171298748163,0.975393046282615,-0.100633009318999
"1235","C17orf97","C17orf97",-0.100288844598269,1.40163952157279,0.153122136031022,0.793722843175205,0.975393046282615,-0.100331120611358
"7420","NUDT14","NUDT14",-0.0318108054380929,3.39438355750328,0.068712542583291,0.793847772141094,0.975393046282615,-0.100262769685605
"9863","SLC20A1","SLC20A1",-0.0222618327965755,5.99936181408986,0.068677740060809,0.793898788593876,0.975393046282615,-0.10023486074285
"1479","CBLL1","CBLL1",-0.0168799663539195,8.0059648156534,0.0686607442636029,0.79392370748093,0.975393046282615,-0.100221229326025
"3186","EOMES","EOMES",-0.0712303842919536,3.24770669196768,0.0686072851348391,0.794002109661831,0.975393046282615,-0.100178343651903
"4992","IZUMO4","IZUMO4",-0.049457071510224,2.40587839740087,0.148844985438458,0.794010194046487,0.975393046282615,-0.100173921767214
"9597","SEH1L","SEH1L",-0.0231500141086803,5.06338263227397,0.0685364524201355,0.794106041955083,0.975393046282615,-0.100121499637256
"2736","DLX6-AS1","DLX6-AS1",-0.080413405830538,1.64373195370813,0.227728179939741,0.794196032869907,0.975393046282615,-0.100072286633772
"5092","KCTD15","KCTD15",-0.063562432504069,2.02273312778363,0.0683567638796372,0.794369955456555,0.975393046282615,-0.099977190023979
"6309","MBOAT4","MBOAT4",-0.0324577810513969,3.53299333164709,0.0681725103856379,0.794640959006913,0.975393046282615,-0.0998290534107353
"11653","TTC37","TTC37",-0.0194504752200493,7.06015123928285,0.0681629073647096,0.794655094040355,0.975393046282615,-0.0998213282710246
"4091","GORASP1","GORASP1",-0.0247098647696877,4.59521096594539,0.0681176224146395,0.794721764941954,0.975393046282615,-0.0997848928535576
"3745","FOXM1","FOXM1",-0.0699009400637084,1.82005594949452,0.152669450422946,0.794912951302816,0.975393046282615,-0.0996804271154991
"10484","SRGAP3","SRGAP3",-0.0631412436499455,1.98041056071072,0.0773488844967887,0.795194470565699,0.975393046282615,-0.0995266484939854
"6326","MCFD2","MCFD2",-0.019841144004745,5.81668928719911,0.0677052175559282,0.795330022425067,0.975393046282615,-0.0994526233218647
"9543","SCYL1","SCYL1",-0.0183218790228893,5.24941403451896,0.0675995055688828,0.795486255946809,0.975393046282615,-0.0993673194970026
"11116","TMC8","TMC8",-0.019152667192083,8.19937930875914,0.0675993395975538,0.795486501341199,0.975393046282615,-0.0993671855243381
"5735","LOC100507557","LOC100507557",-0.0458571873655205,2.71834642114263,0.0675057730794681,0.795624893964256,0.975393046282615,-0.0992916368822275
"5702","LOC100506804","LOC100506804",-0.0646517513809077,1.98702333558088,0.150269550516831,0.79571530846678,0.975393046282615,-0.0992422866307694
"4376","HAUS4","HAUS4",-0.0222381676166911,4.94892885624054,0.0674311395789016,0.795735356559416,0.975393046282615,-0.0992313446943384
"2493","DAND5","DAND5",-0.0634584191607061,1.9582643725216,0.179699729893115,0.7958361536537,0.975393046282615,-0.0991763353886091
"454","ANKRD20A5P","ANKRD20A5P",-0.0519599311144941,2.28409594694125,0.0760466707336008,0.796033676918006,0.975393046282615,-0.0990685586564562
"9906","SLC25A45","SLC25A45",-0.0251901574963812,5.03819303772788,0.0671817069088294,0.796105008202366,0.975393046282615,-0.0990296439771071
"4381","HAVCR1","HAVCR1",-0.0805725612593385,1.61212453142055,0.159809078673933,0.796388851820411,0.975393046282615,-0.0988748280353438
"7617","PAFAH2","PAFAH2",-0.0318779793828996,3.66514798215165,0.0668348858982039,0.796620206355002,0.975393046282615,-0.0987486818619409
"7224","NIPSNAP3B","NIPSNAP3B",-0.0786673674343628,1.6701172835973,0.104561927571915,0.79667013173793,0.975393046282615,-0.0987214648283577
"10171","SNORA16A","SNORA16A",-0.0915514144576049,1.46134946847665,0.258073673572721,0.796745376303391,0.975393046282615,-0.0986804481576498
"12973","ZZZ3","ZZZ3",-0.017134770323758,6.10945195631639,0.0666811719048144,0.796849002903131,0.975393046282615,-0.0986239664567901
"9807","SKA1","SKA1",-0.0480628132259636,2.40471312383647,0.136569217068007,0.796975741200625,0.975393046282615,-0.0985548977043225
"4581","HOOK2","HOOK2",-0.0443207800935426,2.56101822848218,0.0850914196854646,0.797214792305161,0.975501556364351,-0.0984246515710168
"10771","TAF1A","TAF1A",-0.0379279179053585,3.05394349671367,0.124195049599888,0.79733187326972,0.975534792267205,-0.0983608746768901
"109","ACBD7","ACBD7",-0.0825568025993151,1.57770926696203,0.166977020037597,0.797420871693399,0.975534792267205,-0.0983124013013603
"12883","ZNF81","ZNF81",-0.0442882549956092,3.41927967889028,0.0662665572594215,0.797467545825462,0.975534792267205,-0.0982869821964427
"10324","SNX24","SNX24",-0.0393807571013591,2.86572493711277,0.0879103289032836,0.797591642722851,0.975594605038992,-0.0982194052710807
"4956","ITGA6","ITGA6",-0.0218139177349786,6.49466050222806,0.0660838960379516,0.797740704133511,0.975625152842389,-0.0981382478264511
"5587","LOC100134015","LOC100134015",-0.0922478498525016,1.44764383890171,0.198555797954379,0.797889278391004,0.975681563545698,-0.0980573707044681
"601","ARFIP1","ARFIP1",-0.0447514045598285,4.28154267402819,0.0656909421128872,0.798329710149152,0.975681563545698,-0.0978177079909605
"1834","CENPH","CENPH",-0.0281907485961186,3.82380413870882,0.0729834885252818,0.798345782000126,0.975681563545698,-0.0978089649292345
"6289","MAU2","MAU2",-0.0159519699831495,5.81988087147594,0.0656150799726474,0.798443637521682,0.975681563545698,-0.097755735476973
"1280","C20orf96","C20orf96",-0.0650420374894961,1.89244788048442,0.101146659470685,0.79862031545625,0.975681563545698,-0.0976596463351114
"4716","IFI27L2","IFI27L2",-0.0290438627314363,4.72834780574105,0.0654524823191277,0.798688058352379,0.975681563545698,-0.0976228089072523
"5541","LOC100130557","LOC100130557",-0.0415743942967723,3.62218095151128,0.06538415610481,0.798790864597153,0.975681563545698,-0.0975669105986979
"6743","MRPS27","MRPS27",-0.0155758549965124,5.78026314649368,0.0651599116672618,0.799128674359946,0.975849751027333,-0.0973832856857747
"1141","BST2","BST2",-0.0268761640443594,5.70951493201439,0.0650260267170153,0.799330658844014,0.975849751027333,-0.0972735290651267
"11619","TSR1","TSR1",-0.0165829326251843,4.8770129768929,0.0647954985000369,0.799678963386928,0.975849751027333,-0.097084328523368
"1643","CCT6B","CCT6B",-0.0471514477822072,2.49392342812085,0.0787830841663682,0.799728298173207,0.975849751027333,-0.0970575363160691
"971","BBS10","BBS10",-0.0468086242521962,2.83703988383864,0.0646445154485381,0.799907441232538,0.975849751027333,-0.0969602631174932
"5349","LBH","LBH",-0.0235238527343214,7.59404121713805,0.0643508422877993,0.800352663019585,0.975849751027333,-0.0967186056896627
"12392","ZFAND1","ZFAND1",-0.0161293902399478,5.98835685025292,0.0640261744736169,0.80084613525609,0.975849751027333,-0.0964509159108514
"630","ARHGAP5-AS1","ARHGAP5-AS1",-0.074110707284752,1.69672629296593,0.122462941032872,0.800858849073812,0.975849751027333,-0.0964440213317191
"3659","FKBP14","FKBP14",-0.0336098275001909,3.11244412296017,0.105098876257852,0.800900400047758,0.975849751027333,-0.0964214894078779
"7042","NCKIPSD","NCKIPSD",-0.0355481170051098,3.5245862684927,0.0639489551478873,0.800963699189783,0.975849751027333,-0.0963871663112828
"156","ACTR2","ACTR2",-0.0176149763940358,8.04705319898693,0.0633702405571641,0.801847188959028,0.976190580138542,-0.0959083889666839
"1990","CHTF8","CHTF8",-0.0219319619192234,6.38415061693545,0.063266560475223,0.802005924130474,0.976190580138542,-0.0958224237262195
"3235","ERCC6L2","C9orf102",-0.0225913644294066,5.53556050937358,0.0631279841529557,0.802218302012271,0.976190580138542,-0.0957074341366366
"11748","U2AF2","U2AF2",-0.0264026616287116,3.9547776457985,0.0630958961829267,0.802267514414538,0.976190580138542,-0.0956807929852679
"6521","MINAR1","KIAA1024",-0.0896377289506928,1.46160836089001,0.111526762621939,0.80241133348887,0.976190580138542,-0.0956029458439238
"11517","TRIM46","TRIM46",-0.0411496234453902,2.75757014033225,0.0626943131113615,0.80288454008802,0.976190580138542,-0.0953469045444395
"6904","MYL6B","MYL6B",-0.0418257793343979,2.66522412704298,0.0832879518755717,0.802950057059892,0.976190580138542,-0.0953114666986975
"2377","CTNNBL1","CTNNBL1",-0.0150678500119852,6.11111399200143,0.0626417033950869,0.802965529557917,0.976190580138542,-0.0953030981137361
"1114","BRD3OS","LINC00094",-0.0241015975179073,4.68012180072815,0.0623609880035743,0.803398286401508,0.976190580138542,-0.0950690989264323
"4118","GPC1","GPC1",-0.0932691058123746,1.41441305131702,0.121902107198167,0.803488216742948,0.976190580138542,-0.0950204878378364
"6933","MYZAP","MYZAP",-0.0833306905146751,1.54519718677653,0.0739534273722053,0.803644226960396,0.976190580138542,-0.0949361707337465
"2391","CTSO","CTSO",-0.0204708272968509,5.70052053935497,0.0621475835193147,0.803727968549048,0.976190580138542,-0.0948909186011143
"2552","DCUN1D5","DCUN1D5",-0.0209771087285182,5.71276217120947,0.0621331402957006,0.803750303170976,0.976190580138542,-0.0948788502537779
"6822","MTHFR","MTHFR",-0.0272731447427086,3.63156406891009,0.0620330003465006,0.803905232894197,0.976190580138542,-0.0947951443571145
"1196","C12orf40","C12orf40",-0.089310834989357,1.47060067623665,0.104757133035336,0.803945429065291,0.976190580138542,-0.0947734296845814
"8259","POT1","POT1",-0.0319512931224801,4.4671153073079,0.0618201760721706,0.804234942072247,0.976190580138542,-0.0946170617734007
"7756","PDCL3","PDCL3",-0.0217922309459001,5.21845351545951,0.0617522561866605,0.804340291034402,0.976190580138542,-0.094560176062292
"4050","GNG4","GNG4",-0.058830192991401,2.0073473557678,0.134138681130736,0.804399699505205,0.976190580138542,-0.0945281003120633
"9882","SLC25A19","SLC25A19",-0.0473741767031187,2.4183749506586,0.141426089657124,0.80457696831121,0.976202918159509,-0.0944324036296773
"12131","WDR36","WDR36",-0.0160048587018993,5.67461171887195,0.0615507453760283,0.804653212492893,0.976202918159509,-0.0943912505021735
"11689","TUBB2A","TUBB2A",-0.049200091377513,2.80239500379761,0.0615433366969058,0.80466472762164,0.976202918159509,-0.0943850355004652
"11799","UBE2Q2P1","UBE2Q2P1",-0.0335438290065155,3.1279309577497,0.0827394182273171,0.80476332468813,0.976202918159509,-0.0943318238494063
"12251","YIF1A","YIF1A",-0.0254392007211605,4.72483640987688,0.0614652694830704,0.804786110361208,0.976202918159509,-0.0943195276230597
"3350","FAAH","FAAH",-0.0535752520917044,2.36174988118742,0.0613498199949092,0.804965767061374,0.976238281395458,-0.0942225885668764
"5404","LILRA6","LILRA6",-0.0771802836550876,1.61447717475732,0.133798765386021,0.805225142113873,0.976344358702186,-0.0940826732880407
"1919","CGNL1","CGNL1",-0.0883266199709587,1.45961410031982,0.219259828872855,0.805306414114687,0.976344358702186,-0.094038841819629
"9516","SCARNA9","SCARNA9",-0.0307256817541292,4.41111352092053,0.06108653295038,0.805376153829447,0.976344358702186,-0.0940012334492255
"4470","HFE","HFE",-0.0720383468647769,1.79588342420421,0.0609855242807073,0.80553384571042,0.976346486055855,-0.0939162073286031
"4985","ITPRIPL1","ITPRIPL1",-0.032139039679761,4.36426739496275,0.0608066932018205,0.805813372115985,0.976346486055855,-0.0937655299632805
"5941","LOC728537","LOC728537",-0.0946033295969928,1.37910597261086,0.14771871105408,0.805851001814269,0.976346486055855,-0.0937452498471628
"4717","IFI30","IFI30",-0.0402687733701985,3.89058957845477,0.0607321331417752,0.8059300439577,0.976346486055855,-0.0937026540282737
"2516","DCAF13","DCAF13",-0.0207338491602055,5.83874955436839,0.0606394937992543,0.80607511227186,0.976346486055855,-0.0936244875679922
"1888","CERS4","CERS4",-0.0281267699578291,3.82190236847843,0.0605735456866567,0.806178455203386,0.976346486055855,-0.0935688123741239
"992","BCKDK","BCKDK",-0.0246825560580377,4.3604353428193,0.0605612655232315,0.806197705228933,0.976346486055855,-0.0935584423623648
"5882","LOC440434","LOC440434",-0.0349044290427876,3.01231583828389,0.104073574066736,0.806240752850789,0.976346486055855,-0.0935352534529935
"6035","LRRC37A","LRRC37A",-0.085706446426366,1.48027931643936,0.202755691162291,0.806317818117012,0.976346486055855,-0.0934937429981235
"6328","MCM10","MCM10",-0.0988082322986406,1.39267045262369,0.107128018211331,0.806425797854638,0.976346486055855,-0.0934355874378549
"6887","MYBBP1A","MYBBP1A",-0.0190644052150304,5.24404957154824,0.060072669680149,0.806965300994824,0.976346486055855,-0.0931451392685893
"11476","TRAPPC3","TRAPPC3",-0.0173654748976181,6.11318400763711,0.0599376912804664,0.807177938584741,0.976456489860112,-0.0930307165454801
"12482","ZNF135","ZNF135",-0.0926813916312941,1.4370635392636,0.116028910364945,0.80777764535293,0.976863942546044,-0.0927081697773251
"184","ADAMTS13","ADAMTS13",-0.0846978871218063,1.48444626720601,0.135163388236679,0.807815954338546,0.976863942546044,-0.0926875737795857
"9029","RHEB","RHEB",-0.0195206706915861,6.14268337324839,0.0594525567712892,0.807944296777224,0.976928079233006,-0.0926185803593178
"6135","LZTFL1","LZTFL1",-0.028877247521807,3.8673896183855,0.0592394080265856,0.808282052001895,0.977009249629834,-0.0924370646544727
"1352","C9orf72","C9orf72",-0.0229242149281661,6.06689208524873,0.0592367705813638,0.808286235324796,0.977009249629834,-0.0924348169374212
"10898","TCF7L1","TCF7L1",-0.0930203241101955,1.38584757140475,0.134366469748681,0.808372802196984,0.977009249629834,-0.0923883068025442
"8835","RASD1","RASD1",-0.0832136059672691,1.56278840388959,0.0604295934224298,0.808430956805562,0.977009249629834,-0.0923570646366686
"8932","RCN1","RCN1",-0.0208380412554619,4.19879659843223,0.0590022707046321,0.80865857719715,0.977009249629834,-0.0922348026609282
"11548","TRMT11","TRMT11",-0.021232998952818,4.47918388702826,0.0589829904355922,0.808689225508761,0.977009249629834,-0.0922183431305888
"4463","HES6","HES6",-0.0867394599199053,1.45171434041897,0.0992963692965361,0.808957605154163,0.977010123980758,-0.0920742377573845
"6417","MESD","MESDC2",-0.0141050315799454,6.03531969127384,0.0586846686770163,0.80916412197685,0.977010123980758,-0.0919633819231215
"11849","UCKL1","UCKL1",-0.0198202661604972,5.45915226353098,0.0586466850232453,0.809224679599871,0.977010123980758,-0.0919308806582808
"11864","UGT8","UGT8",-0.081587011612723,1.52622984346252,0.137339565317595,0.809291652893976,0.977010123980758,-0.0918949389362269
"8822","RAPH1","RAPH1",-0.0400792051180894,2.65599043085521,0.0813485285184739,0.809368514948345,0.977010123980758,-0.0918536940019679
"367","ALG1L","ALG1L",-0.0922771428355055,1.38538461587712,0.143666923585004,0.809386610857359,0.977010123980758,-0.0918439841288625
"11911","URB2","URB2",-0.0258390370195116,4.03802281379352,0.0583245070707517,0.809739167820625,0.977010123980758,-0.0916548529963223
"4339","H3C12","HIST1H3J",-0.0884828247348634,1.45439162388805,0.115150888582079,0.810482883011663,0.977010123980758,-0.0912561527982918
"12780","ZNF638","ZNF638",-0.0207197868951614,7.16024092731433,0.0576268516535162,0.810858439929648,0.977010123980758,-0.0910549585183084
"1547","CCDC28A","CCDC28A",-0.0208451072339156,5.58059259771106,0.0575424838029247,0.810994279096575,0.977010123980758,-0.0909822093715226
"11057","TIMM9","TIMM9",-0.0151229175498824,5.43401252598945,0.0574401374047047,0.811159206729126,0.977010123980758,-0.0908938981708831
"5278","KRBA2","KRBA2",-0.0573004604613209,2.12344260601842,0.122258477462307,0.811234120220872,0.977010123980758,-0.0908537913539137
"4718","IFI35","IFI35",-0.0320212753493798,5.0673177354399,0.0573541690950224,0.811297861824574,0.977010123980758,-0.0908196686036982
"4493","HIPK2","HIPK2",-0.021308525844172,5.26100972315697,0.0572298284866755,0.811498600818334,0.977010123980758,-0.0907122246453902
"6085","LSR","LSR",-0.0310519647199145,5.21498244129851,0.0572289641994489,0.811499996954993,0.977010123980758,-0.0907114774673611
"8851","RASSF7","RASSF7",-0.0283745719844308,5.13967993359896,0.0571112397103747,0.811690268929928,0.977010123980758,-0.0906096606059731
"10485","SRGN","SRGN",-0.0248153391178057,9.74752810221203,0.0569780733586967,0.811905748979961,0.977010123980758,-0.0904943834111456
"6866","MUC1","MUC1",-0.0677331758746385,1.75642717259489,0.0878079460470038,0.812059152981875,0.977010123980758,-0.0904123342096502
"9086","RMI1","RMI1",-0.0378325439882636,3.15513953708166,0.0568175255653702,0.812165890055271,0.977010123980758,-0.0903552542843583
"3213","EPRS1","EPRS",-0.0169740868824663,7.05404293800355,0.0566435979826392,0.812448149821952,0.977010123980758,-0.0902043459980112
"4421","HDHD2","HDHD2",-0.0313147688671547,5.34169805636006,0.0563307066047967,0.812957083920936,0.977010123980758,-0.0899323802463629
"9070","RIPK1","RIPK1",-0.0166796514971436,5.80002640451069,0.0562729902359662,0.813051125676935,0.977010123980758,-0.0898821445642751
"11342","TNFSF4","TNFSF4",-0.0496960432234914,2.22257065340934,0.05871244163781,0.813114481263985,0.977010123980758,-0.0898483042447532
"11966","USP6NL","USP6NL",-0.0468792727681508,2.31964751046683,0.057932246223332,0.8131504331862,0.977010123980758,-0.0898291023037956
"12027","VIM","VIM",-0.0150030115786049,9.67933579974466,0.0561448650175831,0.813260072360595,0.977010123980758,-0.0897705492037636
"12117","WDR12","WDR12",-0.0258222126356161,4.12649385162861,0.0561105837424562,0.813316020999098,0.977010123980758,-0.0897406727226316
"11714","TWF2","TWF2",-0.0216907941912086,6.44952282069781,0.0560894989742233,0.813350441294018,0.977010123980758,-0.0897222933627588
"11386","TOP2B","TOP2B",-0.0201281427546284,6.94137986703317,0.0559879496303198,0.813516313588912,0.977010123980758,-0.0896337336544652
"8448","PRMT9","PRMT10",-0.0363248327325497,4.6792048594403,0.0559832364618348,0.813524016010625,0.977010123980758,-0.089629621747481
"8916","RBX1","RBX1",-0.0119775060245297,6.7282081707599,0.0558997691956619,0.813660477876213,0.977010123980758,-0.0895567785811695
"3774","FRYL","FRYL",-0.0233711660355587,6.96270003160176,0.0558178147433152,0.813794571188679,0.977080700789517,-0.0894852116450143
"4457","HERC4","HERC4",-0.032348064650292,5.44332654429522,0.0554379125041729,0.814417527115248,0.977241458046002,-0.0891528884361879
"11208","TMEM198B","TMEM198B",-0.0236601235243092,3.72451304019073,0.0553947087283401,0.814488514365304,0.977241458046002,-0.0891150355825316
"4868","INSIG2","INSIG2",-0.0212194858139722,5.14387838647827,0.0549525102520391,0.815216768859946,0.977483226990034,-0.0887268955516293
"11462","TRAK1","TRAK1",-0.0239430270128916,3.94968372193623,0.0549175724272955,0.815274439429231,0.977483226990034,-0.0886961735092265
"6079","LSM4","LSM4",-0.017084508591386,6.14779551759948,0.0548960889418715,0.815309911034866,0.977483226990034,-0.0886772782921964
"7168","NFATC1","NFATC1",-0.0183104278930958,6.14255336754043,0.0548547055395802,0.815378260253615,0.977483226990034,-0.0886408719588641
"10352","SORBS3","SORBS3",-0.0204229534603851,5.08572649213833,0.0548350480175251,0.81541073633594,0.977483226990034,-0.0886235745851646
"6665","MRGBP","C20orf20",-0.0358367353183616,2.78806842249098,0.0602954106602435,0.815641383442332,0.977669377011676,-0.0885007474050567
"3742","FOXK1","FOXK1",-0.0191584522725829,5.86064128528408,0.0546435159579666,0.815727487469135,0.977682251934321,-0.0884549030783546
"6025","LRRC2","LRRC2",-0.0506100024315531,2.18154293533833,0.0831623390579775,0.816217701425601,0.977902569569426,-0.0881939908564278
"6581","MLST8","MLST8",-0.019870061949451,5.18133098548251,0.0543026135445975,0.816292716214621,0.977902569569426,-0.0881540786958644
"12642","ZNF431","ZNF431",-0.018375414536743,5.11375687056586,0.0541875167076383,0.816483973464422,0.977902569569426,-0.0880523354885809
"4810","IL27RA","IL27RA",-0.0157737484360339,6.7007234543736,0.0541692495861684,0.816514347766594,0.977902569569426,-0.0880361794501395
"9632","SEPTIN1","SEPT1",-0.0187482847064212,7.55882813415068,0.0538215867151918,0.817093469441562,0.977968973955593,-0.0877282605534792
"6440","METTL5","METTL5",-0.0232335189773277,6.45869257329157,0.0537402241254317,0.817229284277255,0.977968973955593,-0.0876560794207086
"11861","UGDH","UGDH",-0.0328601316441494,4.40736813949242,0.0535050373576283,0.817622481384814,0.977968973955593,-0.0874471756644266
"699","ARMCX5","ARMCX5",-0.0213764615672008,4.43328234276468,0.0534921192491765,0.817644104898179,0.977968973955593,-0.0874356901089663
"4475","HHLA3","HHLA3",-0.0317915953901158,2.94392647201442,0.0534002926352374,0.817797892073993,0.977968973955593,-0.0873540132018503
"5043","KATNA1","KATNA1",-0.0162872707963833,5.33976153977957,0.0533423993554675,0.817894920833119,0.977968973955593,-0.087302488790431
"83","ABRAXAS2","FAM175B",-0.0201841766110419,4.9597271205338,0.0532357253293633,0.818073851241311,0.977968973955593,-0.0872074888239782
"5209","KLF5","KLF5",-0.0401056372182605,3.19176293893246,0.0527718460091857,0.818854147856648,0.977968973955593,-0.0867934467400957
"1792","CDKN2B-AS1","CDKN2B-AS1",-0.0876074365591892,1.44204024603046,0.114740212454989,0.818950130023899,0.977968973955593,-0.086742543801071
"7620","PAICS","PAICS",-0.0191545295933772,5.45603921950528,0.0526975589278153,0.81897944213118,0.977968973955593,-0.0867269996816377
"8182","POGLUT1","POGLUT1",-0.018488278374138,6.0112404951449,0.0526006369789232,0.819143052816642,0.977968973955593,-0.0866402476611607
"890","ATRX","ATRX",-0.0207896367604655,8.62974468100182,0.0525794579820981,0.819178825499764,0.977968973955593,-0.0866212820609437
"4078","GOLGA7","GOLGA7",-0.0107938780360425,8.07335067435594,0.0525586363617093,0.819214001948572,0.977968973955593,-0.0866026333738201
"8475","PRR11","PRR11",-0.0272643239791128,3.22982120416566,0.0554849502754787,0.819249653313517,0.977968973955593,-0.0865837337283857
"7312","NPAP1","C15orf2",-0.0563229636577629,1.94394272927313,0.145161959010275,0.819530102935656,0.977968973955593,-0.0864350893189449
"5048","KBTBD11","KBTBD11",-0.0594594002351066,2.20457672217677,0.0523666603337678,0.819538676286411,0.977968973955593,-0.086430546057586
"7498","ODF2","ODF2",-0.021018554834823,5.08701098937661,0.0522193502957693,0.81978823559527,0.977968973955593,-0.0862983183355903
"9220","RPL18A","RPL18A",-0.0126824890946025,10.9041962512086,0.0519592345101484,0.820229806729717,0.977968973955593,-0.0860644527234531
"7674","PART1","PART1",-0.0665707252851282,1.6973584792281,0.17019231041868,0.820676744440805,0.977968973955593,-0.0858278730275021
"782","ATF6","ATF6",-0.0156168436666273,6.6012437041292,0.0516879022547727,0.82069166033242,0.977968973955593,-0.0858199797484522
"10402","SPATS2","SPATS2",-0.0311629147054209,2.94485206577994,0.0700877329819624,0.82102198843998,0.977968973955593,-0.0856452115403986
"4536","HMG20A","HMG20A",-0.0159431862775873,5.33738676148281,0.0514190283063981,0.821150589496245,0.977968973955593,-0.0855771910047163
"1168","BUB1","BUB1",-0.0414438741887804,2.78402630766381,0.051416883735098,0.821154255039229,0.977968973955593,-0.0855752523572156
"6695","MRPL3","MRPL3",-0.0121515325424667,6.5619006267238,0.0513001632796616,0.821353877341569,0.977968973955593,-0.0854696883565401
"11132","TMED8","TMED8",-0.0303474783435026,3.31480330033969,0.0691020519181708,0.821527099862119,0.977968973955593,-0.0853781058424825
"6646","MPP1","MPP1",-0.0269378823294225,3.41558756977215,0.0511831050544341,0.821554317373877,0.977968973955593,-0.0853637177360322
"12069","VPS8","VPS8",-0.021117433305217,5.40091845895535,0.0511547793447957,0.821602856000494,0.977968973955593,-0.0853380597429363
"4322","H2BC12","HIST1H2BK",-0.0203289677371587,4.72142549787444,0.0511042723705251,0.821689439281041,0.977968973955593,-0.0852922947367842
"7768","PDE6B","PDE6B",-0.0210453643979361,4.22408955478684,0.0510994460020528,0.82169771540054,0.977968973955593,-0.0852879205112469
"2383","CTSA","CTSA",-0.0197011294686756,6.83319205526667,0.0510834355577665,0.821725172599148,0.977968973955593,-0.0852734087140313
"2389","CTSK","CTSK",-0.0302811388344072,3.31961414744602,0.0510724658890819,0.82174398770456,0.977968973955593,-0.0852634647532261
"10908","TCTA","TCTA",-0.0162319493467019,5.50202577143983,0.0506133187651881,0.822533428148325,0.977968973955593,-0.0848464430857676
"9462","SAP30L-AS1","FLJ38109",-0.0375666097487648,2.85322574053982,0.0506016541671563,0.822553532753954,0.977968973955593,-0.0848358280611599
"347","ALDH18A1","ALDH18A1",-0.0242789192514705,5.53817934803717,0.0504087802802817,0.822886315753975,0.977968973955593,-0.0846601597464752
"8194","POLE","POLE",-0.021515680126725,3.98787416580285,0.0503849769543196,0.822927432167899,0.977968973955593,-0.0846384602902533
"2437","CYB5A","CYB5A",-0.0221776637601016,4.5196136150753,0.0503334980771787,0.823016388562577,0.977968973955593,-0.0845915166814985
"7658","PARN","PARN",-0.0154380210150339,6.27802879551503,0.0502272091260574,0.823200209089584,0.977968973955593,-0.0844945279365357
"5381","LEPROT","LEPROT",-0.0138070087474169,6.05304984526994,0.0502225626858168,0.823208249496689,0.977968973955593,-0.0844902860919077
"11991","UXT","UXT",-0.0116861497763375,6.86128672657632,0.0501960129580068,0.823254199826488,0.977968973955593,-0.0844660450596424
"1069","BLVRA","BLVRA",-0.0194999203245873,5.96410074397586,0.0501067718859455,0.823408745418591,0.977968973955593,-0.084384524675348
"8204","POLM","POLM",-0.0218193129506194,4.5693860718648,0.0500892426215457,0.823439119173582,0.977968973955593,-0.0843685047934
"9235","RPL26L1","RPL26L1",-0.019929073877977,4.30719127869254,0.082620758190627,0.823531119533352,0.977968973955593,-0.0843199850962206
"7235","NKPD1","NKPD1",-0.0764557971867379,1.50829717554012,0.118684151229766,0.823790221652411,0.978038852887044,-0.0841833674021844
"6550","MIR568","MIR568",-0.0638868778150427,1.74882484566236,0.127402296787877,0.824266210382905,0.978335365717971,-0.0839325030739595
"4080","GOLGA8A","GOLGA8A",-0.0269449761552218,5.3681278124261,0.0495213626129563,0.824426148129506,0.978373369415707,-0.0838482422588278
"10855","TBCA","TBCA",-0.0185266352401934,6.01490065801373,0.0492879180085251,0.824833619900512,0.978650681449547,-0.0836336456880386
"9528","SCML2","SCML2",-0.0643903640417216,1.71588691079077,0.0931383845394304,0.82527269556074,0.978893673843828,-0.0834025234396252
"2893","DTWD2","DTWD2",-0.0299771711941382,3.08636400026117,0.0489984745917308,0.825340245471656,0.978893673843828,-0.0833669771854417
"2953","E2F5","E2F5",-0.0810283964575302,1.44586646039445,0.0985921493405137,0.825717343592471,0.978982918883671,-0.0831685932684437
"5982","LOXL2","LOXL2",-0.0531795108983591,1.97566557056185,0.0845333961815736,0.825835284948764,0.979033277130614,-0.0831065652356363
"2478","CYTH2","CYTH2",-0.0161506235014921,5.14879794908457,0.0485236556397844,0.826174755044705,0.979167284596652,-0.0829280796478441
"6573","MLH3","MLH3",-0.0216675933617885,5.06139055058062,0.0482578540833107,0.826643780685358,0.979544187690094,-0.0826815973526965
"6612","MOG","MOG",-0.0735460456929284,1.53305554340983,0.168978826148979,0.826915764562729,0.979687508097926,-0.0825387284750517
"12881","ZNF805","ZNF805",-0.019105701946858,5.86983987621867,0.0479098269312401,0.827259952051139,0.979962369292163,-0.0823579995142619
"8462","PRPF38A","PRPF38A",-0.0157906944078071,5.97356304021201,0.0477023652986037,0.827628373255717,0.979965632163091,-0.0821646290053748
"7554","OSGEP","OSGEP",-0.0200598835364597,5.20281714476094,0.047685212948998,0.827658870849008,0.979965632163091,-0.0821486258173771
"3259","ERP29","ERP29",-0.0119801168000035,7.84420143923153,0.0474614190817183,0.828057313746404,0.979965632163091,-0.0819396026083962
"12797","ZNF672","ZNF672",-0.0206348238465115,4.76935616551286,0.0474184782005255,0.828133878246293,0.979965632163091,-0.0818994483798313
"1014","BCORL1","BCORL1",-0.0423296096094408,2.42555742188943,0.0473633628497459,0.828232203342055,0.979965632163091,-0.0818478872581117
"1600","CCND1","CCND1",-0.0644519699679313,1.72248082065977,0.0631946126223438,0.828261173136665,0.979965632163091,-0.0818326968297999
"10285","SNRK","SNRK",-0.0155771793468992,8.03266791721778,0.0472669205041676,0.828404399613368,0.979965632163091,-0.0817576032566944
"12416","ZFP62","ZFP62",-0.0199888638756223,4.99342283089939,0.0470190927581328,0.828847738127656,0.979965632163091,-0.0815252433513079
"3544","FBXL4","FBXL4",-0.0210950977849271,4.73675353902561,0.0469946613417564,0.828891509647125,0.979965632163091,-0.0815023088284026
"5851","LOC389634","LOC389634",-0.0703386066467993,1.57323226430703,0.147150363587452,0.829046081187102,0.979965632163091,-0.0814213292216469
"7829","PET100","C19orf79",-0.0169769641436462,6.26033793995466,0.0467358671123404,0.829355901129462,0.979965632163091,-0.0812590608520348
"12365","ZCWPW2","ZCWPW2",-0.0618432156628931,1.73820712927424,0.0620359479717605,0.829419900446368,0.979965632163091,-0.081225548728015
"5854","LOC389765","LOC389765",-0.0455679025543684,2.27643909352096,0.0757805711736803,0.829538359674581,0.979965632163091,-0.0811635264451556
"5001","JAKMIP2","JAKMIP2",-0.045586202366778,3.2121424025622,0.0466063255547831,0.829588861804662,0.979965632163091,-0.0811370874884063
"425","ANG","ANG",-0.0833384373370558,1.45372748572978,0.107570017235992,0.829668787018643,0.979965632163091,-0.0810952482002782
"7952","PIDD1","PIDD",-0.022656915108891,3.87289675538365,0.0464667127388114,0.829840313985978,0.979965632163091,-0.081005470788836
"75","ABL1","ABL1",-0.0201248850905542,3.88905224395749,0.0463500186662054,0.830050791558902,0.979965632163091,-0.0808953319385586
"6420","METAP1D","METAP1D",-0.0399835783313311,2.43717900209363,0.089305856219246,0.830207589408243,0.979965632163091,-0.0808133008020483
"7211","NINJ1","NINJ1",-0.0204479604868416,6.02968677947287,0.0461969038022977,0.830327381391293,0.979965632163091,-0.0807506402761096
"6242","MAPK11","MAPK11",-0.0547541053418542,1.96594919398517,0.0581278222883431,0.830369105338184,0.979965632163091,-0.0807288175287905
"196","ADAT2","ADAT2",-0.0226664506663944,3.59375925017201,0.0543486638784419,0.830519711745751,0.979965632163091,-0.0806500554451974
"1276","C20orf194","C20orf194",-0.0235395712018055,3.85152362590512,0.0458713390759299,0.830917087140578,0.980010007939802,-0.0804423100231342
"4920","IRF2","IRF2",-0.0250760036482231,6.02827695565396,0.0458174481887899,0.831014912429242,0.980010007939802,-0.0803911828011811
"4094","GOSR2","GOSR2",-0.0157180198995754,5.74003497557306,0.0457490403850908,0.831139176256139,0.980010007939802,-0.0803262464697189
"3495","FANCB","FANCB",-0.0370112666593176,2.76863862761004,0.045603680531825,0.831403547775482,0.980010007939802,-0.0801881265990758
"6124","LYRM2","LYRM2",-0.0135993276292654,6.35605925312552,0.0455252540838635,0.831546368029259,0.980010007939802,-0.0801135289847011
"2436","CYB561D2","CYB561D2",-0.0173906861555048,5.4153768505278,0.0453827038606198,0.831806292223625,0.980010007939802,-0.0799777987250363
"7166","NFAM1","NFAM1",-0.060831164066635,1.73263803601948,0.110744797360189,0.832024889567728,0.980010007939802,-0.0798636818339864
"5685","LOC100506334","LOC100506334",-0.020142473744748,5.11785577201589,0.0452386792401948,0.832069338776983,0.980010007939802,-0.0798404811690479
"5063","KCNAB3","KCNAB3",-0.0712666929771277,1.53070498403092,0.0819481623004858,0.832127493844501,0.980010007939802,-0.0798101284794706
"466","ANKRD36B","ANKRD36B",-0.0186730984688972,6.96584290061308,0.0450506483664983,0.832413418221332,0.980029147834993,-0.0796609277245713
"9920","SLC27A5","SLC27A5",-0.0308488365910105,2.84626018983426,0.0873540872730942,0.832558036738896,0.980029147834993,-0.0795854825580731
"9412","RWDD3","RWDD3",-0.0194321067737283,5.13406044881442,0.0449276755031318,0.832638853620859,0.980029147834993,-0.0795433273917837
"1032","BEX1","BEX1",-0.057714151378022,1.78860622064215,0.0712662077969157,0.832990640011668,0.980113985503585,-0.0793598785621456
"12387","ZDHHC9","ZDHHC9",-0.0285781458425628,3.12198568046563,0.0446695774472687,0.833113053410153,0.980113985503585,-0.0792960608492647
"7456","NUP43","NUP43",-0.0275395227066902,3.93469803767741,0.0446009000540589,0.833239474428993,0.980113985503585,-0.079230163687569
"739","ASB16-AS1","C17orf65",-0.0214746938502975,4.08676967170459,0.0445281410099627,0.833373519951335,0.980113985503585,-0.0791603031608618
"6454","MFSD1","MFSD1",-0.022072596098565,6.01780069433229,0.0445071142380858,0.833412279329804,0.980113985503585,-0.0791401050235827
"9738","SH3BP2","SH3BP2",-0.0176539669565289,4.77034396946685,0.0443483429151688,0.833705257410538,0.980113985503585,-0.0789874597993714
"12322","ZBTB48","ZBTB48",-0.0196691901021633,4.1239443426749,0.044338110904295,0.833724157151094,0.980113985503585,-0.0789776146413557
"12692","ZNF517","ZNF517",-0.060425122068161,1.72152497542568,0.125414167095377,0.833797693967402,0.980113985503585,-0.0789393103354318
"2630","DENR","DENR",-0.0165773408207303,6.91899076547495,0.0442377252790922,0.8339097023011,0.980113985503585,-0.0788809732417256
"349","ALDH1L2","ALDH1L2",-0.0517932373486474,1.96760311075891,0.119879199950283,0.833975671542422,0.980113985503585,-0.0788466182699201
"4008","GLRX2","GLRX2",-0.0265816964175176,3.1576468465083,0.0458630209121397,0.834864995573607,0.980233307258502,-0.0783837477712099
"4927","IRF5","IRF5",-0.0301420858740531,3.49904300340661,0.0436647604819606,0.834972961860029,0.980233307258502,-0.0783275876362919
"12438","ZGPAT","ZGPAT",-0.0159558805970632,5.80114892841869,0.0435905010677308,0.835111298224451,0.980233307258502,-0.0782556407036871
"9656","SERPINB9","SERPINB9",-0.019539999777526,6.81507990425373,0.0435618706341363,0.83516466613899,0.980233307258502,-0.078227887935525
"2771","DNAJB6","DNAJB6",-0.020970481271784,7.57752111439974,0.0435474694676211,0.835191517230316,0.980233307258502,-0.0782139253077778
"8149","PMS2P3","PMS2P3",-0.0526336629716505,1.93950298517817,0.118533268790262,0.83562593946405,0.980365048657011,-0.0779880871320723
"3961","GHRLOS","GHRLOS",-0.0407112062668278,2.36168275401278,0.0680913094275578,0.835637406912623,0.980365048657011,-0.0779821272698549
"5073","KCNJ11","KCNJ11",-0.0620489599985678,1.6741820533915,0.152354998753786,0.835922265459078,0.980503973551753,-0.0778341068335031
"12025","VHL","VHL",-0.0121327539962447,6.8160262044477,0.0430201309922646,0.836177955577649,0.98054204263842,-0.0777012860766599
"5911","LOC643770","LOC643770",-0.0420918278492973,2.27073389469715,0.0580754360972159,0.836473191587963,0.980557145642389,-0.0775479733291841
"9194","RPA3","RPA3",-0.0141454261005392,5.70647170963079,0.0428216358033754,0.836550893670821,0.980557145642389,-0.0775076325042804
"3864","GANC","GANC",-0.0195425388055604,4.70561205458484,0.042766588647559,0.836654477394657,0.980557145642389,-0.0774538604563147
"12587","ZNF322","ZNF322",-0.0384924155629033,3.00194977535908,0.0426930832314243,0.836792903023367,0.980557145642389,-0.0773820117832784
"3989","GLA","GLA",-0.0299814703770762,3.21309898930278,0.0675656266367827,0.836940858288564,0.980563152735732,-0.0773052299713838
"2399","CUEDC2","CUEDC2",-0.0165295897496871,5.39320903714856,0.042568717801274,0.83702739176717,0.980563152735732,-0.0772603294635152
"6076","LSM14B","LSM14B",-0.0390811313922543,2.38386895797149,0.0469980763281351,0.837270412879725,0.98067073549013,-0.0771342554417765
"7383","NSUN4","NSUN4",-0.0172971544259599,4.75997840033932,0.0422341103483525,0.837660067468199,0.980683440287587,-0.076932187543842
"6815","MTFR2","FAM54A",-0.0575539915184406,1.75490387201326,0.0483559228544724,0.837811369580143,0.980683440287587,-0.0768537503099469
"3309","EXOC1","EXOC1",-0.0143978951440744,5.49819382556025,0.0421086333550213,0.837897992818467,0.980683440287587,-0.0768088499289065
"2616","DENND10P1","FAM45B",-0.0722422809890091,1.47764295908242,0.120819798932731,0.837922998442624,0.980683440287587,-0.0767958893506043
"10792","TALDO1","TALDO1",-0.0182288111016519,6.57137381050335,0.0420370586960687,0.838033875894553,0.980683440287587,-0.0767384255025211
"7302","NOP56","NOP56",-0.0130454123225143,6.95239448608088,0.0420305801727207,0.838046181193184,0.980683440287587,-0.0767320485716922
"7591","P3H1","LEPRE1",-0.0204472442915002,4.34423244375961,0.0417097420138839,0.838656822262161,0.980966094599857,-0.0764157157949771
"3531","FBRSL1","FBRSL1",-0.0471691104793594,2.04309496237682,0.0876593506192157,0.839701802279411,0.981009245971344,-0.0758749146727398
"10121","SMPD2","SMPD2",-0.024615633764225,3.45113032581559,0.041090205359236,0.83984293188048,0.981009245971344,-0.0758019284570412
"375","ALKBH1","ALKBH1",-0.0278035181484802,3.39829478031816,0.0693925307436139,0.839864999935277,0.981009245971344,-0.0757905169083501
"11017","THOC7","THOC7",-0.0138600230481674,6.36480377428892,0.0410126829375508,0.839992003309514,0.981009245971344,-0.075724848384645
"12728","ZNF569","ZNF569",-0.0199986770498778,4.1491069591555,0.0408628294770615,0.840280579942451,0.981009245971344,-0.0755756734926992
"2173","COLGALT2","GLT25D2",-0.0730745602634957,1.45524767657277,0.045245150877248,0.840345468574327,0.981009245971344,-0.075542137448437
"5661","LOC100505783","LOC100505783",-0.0288749888277274,3.78710886597415,0.0408183078633898,0.840366422486232,0.981009245971344,-0.0755313085034363
"7694","PBX3","PBX3",-0.019793750433829,4.04704437830864,0.0407871033730413,0.840426617218905,0.981009245971344,-0.0755002014728464
"113","ACER1","ACER1",-0.0545766061283988,1.80821202799862,0.066732174718857,0.840576539943823,0.981009245971344,-0.0754227350956547
"8705","RAB1B","RAB1B",-0.015911663092084,6.39194330197525,0.0406733358192375,0.840646282761749,0.981009245971344,-0.0753867030830196
"9891","SLC25A3","SLC25A3",-0.00978334643049383,8.47231065595367,0.040588033460689,0.840811196816647,0.981009245971344,-0.0753015135791163
"1924","CHAF1B","CHAF1B",-0.0296110233442082,3.09340519495436,0.0573204109787902,0.840906268435911,0.981009245971344,-0.075252410111347
"2018","CITED4","CITED4",-0.0408880809322255,2.31398537078543,0.0404633385340991,0.841052593012946,0.981009245971344,-0.075176845889189
"11331","TNFRSF19","TNFRSF19",-0.0847603221520341,1.46793103604231,0.0401587577885786,0.841643861888824,0.981009245971344,-0.0748716395402539
"9452","SAMD9L","SAMD9L",-0.0307630397867291,6.37994320392876,0.0401511304545264,0.841658698385143,0.981009245971344,-0.0748639838654702
"1268","C1orf74","C1orf74",-0.0669104480488983,1.53726016822717,0.0521951522505206,0.841680717068936,0.981009245971344,-0.0748526224100404
"12685","ZNF510","ZNF510",-0.0231373430539971,3.76227390529662,0.0400041669511032,0.841944854899338,0.981009245971344,-0.0747163526775581
"8507","PSD","PSD",-0.0633236963645785,1.61952241713254,0.0655293136412788,0.842429723684225,0.981009245971344,-0.074466318218219
"2486","DAB1","DAB1",-0.066000066448404,1.54389305666897,0.0602191362301579,0.842479175505163,0.981009245971344,-0.0744408252637096
"689","ARMC12","ARMC12",-0.0820851400195997,1.3874788980646,0.0734491912437466,0.842530203992152,0.981009245971344,-0.0744145210892698
"7875","PGD","PGD",-0.0181386399401352,5.16780483801793,0.0396611675079959,0.842614853068031,0.981009245971344,-0.0743708896802945
"2989","EDEM3","EDEM3",-0.016605418363502,6.3555940782724,0.039653983373655,0.842628918357415,0.981009245971344,-0.0743636403105955
"12134","WDR41","WDR41",-0.0310263948810709,3.51417168652493,0.0396339088262847,0.842668227866992,0.981009245971344,-0.074343380496904
"63","ABHD18","C4orf29",-0.0156069220296847,4.74185552659309,0.0394816535882141,0.842966708189521,0.981053835591877,-0.0741895768996803
"9119","RNF138P1","RNF138P1",-0.0348509793425897,2.58933829016163,0.0520570880462379,0.84324728255785,0.981292339130156,-0.0740450496905338
"582","AQP6","AQP6",-0.067342547836554,1.50829381467196,0.117764394892332,0.843505874802775,0.981417194064251,-0.0739118883142841
"9451","SAMD9","SAMD9",-0.0216938893697472,6.88048939573412,0.0390933878392342,0.843730582123367,0.981590605496049,-0.0737962090334662
"3077","EIF3M","EIF3M",-0.00921343743096255,7.7072787690851,0.0390365980210398,0.843842640429627,0.981632942458174,-0.0737385329534226
"12403","ZFP1","ZFP1",-0.0191817143639714,4.56441861047589,0.0388818539823835,0.844148413779964,0.98173136440906,-0.0735811912662307
"7182","NFKBID","NFKBID",-0.025733797941276,3.06966891119328,0.0388611315835391,0.844189409104744,0.98173136440906,-0.0735601006490594
"1535","CCDC163","CCDC163P",-0.0496349635549307,3.06615423970269,0.0385050742615929,0.844895583105504,0.982417352301488,-0.0731969602611256
"7500","ODF3B","ODF3B",-0.0310592783639577,2.8627182118524,0.0384261433827811,0.845052586745787,0.98250544228134,-0.0731162645143255
"4729","IFITM2","IFITM2",-0.0194407429274777,8.77841424542374,0.0383908664485073,0.84512281125549,0.98250544228134,-0.0730801758135762
"11505","TRIM28","TRIM28",-0.0215212745931008,4.68321390309422,0.0382395741218064,0.84542436415439,0.982571046427449,-0.0729252404609422
"1124","BRICD5","C16orf79",-0.067651953887973,1.48654005502456,0.0967841433849125,0.845756098080208,0.982571046427449,-0.0727548621736951
"8319","PPP1R13L","PPP1R13L",-0.0626684393808487,1.58714205837029,0.0824779964112634,0.845839191755332,0.982571046427449,-0.072712195792637
"2010","CIRBP","CIRBP",-0.0106120632392759,8.72008649019832,0.0378369723490885,0.846229853330917,0.982571046427449,-0.0725116576762101
"1651","CD109","CD109",-0.037667644363236,2.45054481937855,0.0418901998608504,0.846946849729267,0.982571046427449,-0.0721438430265069
"53","ABHD12","ABHD12",-0.0131548358550383,5.28132057178009,0.0374503391192337,0.847007593019024,0.982571046427449,-0.0721126964089834
"1528","CCDC144B","CCDC144B",-0.0360086386459658,5.09136761580987,0.0373506448590276,0.847208809941068,0.982571046427449,-0.0720095367427597
"99","ACAN","ACAN",-0.0579499609618352,1.67197591356655,0.0819383634336008,0.847251811955011,0.982571046427449,-0.0719874936959885
"4495","HIRA","HIRA",-0.0294410014005374,3.07300749890426,0.0519145003692722,0.847291614032143,0.982571046427449,-0.0719670919497661
"7233","NKIRAS1","NKIRAS1",-0.0286315588350771,2.86539315637253,0.0426701398975855,0.847308215408908,0.982571046427449,-0.0719585827003302
"4683","ICAM2","ICAM2",-0.020479912907158,6.14096448122551,0.0372948327230113,0.847321579504843,0.982571046427449,-0.071951732881995
"12570","ZNF283","ZNF283",-0.0341258428962666,2.57143677832236,0.0450438017650115,0.847402040221571,0.982571046427449,-0.0719104947179613
"4014","GLTP","GLTP",-0.0101365443139323,6.34908509810219,0.0370787330799247,0.847759041215056,0.982571046427449,-0.0717275698437474
"10394","SPATA33","C16orf55",-0.0404941921985773,2.21028748480096,0.0889527683253022,0.847953109646479,0.982571046427449,-0.0716281628197386
"4047","GNG10","GNG10",-0.0494334400076562,1.89811604503861,0.11071969427408,0.84797995594085,0.982571046427449,-0.0716144132234339
"10330","SNX30","SNX30",-0.0215302385992171,4.06001787885673,0.0369516053578545,0.848017010543722,0.982571046427449,-0.0715954360555767
"1768","CDK20","CDK20",-0.0354363162895413,2.66606351447446,0.0367384461100689,0.84845059138759,0.982571046427449,-0.0713734432844369
"7263","NMNAT3","NMNAT3",-0.0700162178857765,1.70566631553981,0.0464630888785463,0.848699716711767,0.982571046427449,-0.0712459427868638
"8139","PMF1","PMF1",-0.0161858011202519,5.04335309330725,0.0365473106725918,0.848840484949429,0.982571046427449,-0.0711739151919658
"171","ADA2","CECR1",-0.0198301628978501,6.89493687845903,0.0365266108828138,0.848882773446275,0.982571046427449,-0.0711522795564275
"5415","LIMS2","LIMS2",-0.0333442962810576,3.54827649773714,0.0364959401555158,0.848945454853814,0.982571046427449,-0.0711202124851292
"3467","FAM50B","FAM50B",-0.0266522271652655,3.27359383944676,0.0364331318989412,0.849073900638208,0.982571046427449,-0.0710545085279725
"6311","MBP","MBP",-0.0131533117655837,8.10483084505127,0.036331058514279,0.84928289053726,0.982571046427449,-0.070947625026388
"609","ARHGAP10","ARHGAP10",-0.0214839955278704,3.6606577674237,0.0456256668436066,0.849704940762348,0.982571046427449,-0.070731856456143
"8426","PRKCD","PRKCD",-0.0182327236726567,4.90213794737196,0.0360497303694665,0.849860475638625,0.982571046427449,-0.0706523679727372
"9364","RSAD2","RSAD2",-0.0572792469710507,3.57157702599782,0.0359473817556969,0.850071183276494,0.982571046427449,-0.0705447058036019
"6984","NAP1L1","NAP1L1",-0.0133359063655845,9.01998792642448,0.0358459911599937,0.850280225355152,0.982571046427449,-0.0704379210281219
"9842","SLC16A1","SLC16A1",-0.0192780755819429,5.15202037189417,0.0357796896729785,0.850417088165744,0.982571046427449,-0.0703680217426071
"1776","CDK5RAP3","CDK5RAP3",-0.0138017020049113,6.49948859502679,0.0355658038393158,0.850859499789444,0.982571046427449,-0.0701421479104575
"3860","GALT","GALT",-0.0161489584691466,6.59584176598531,0.035541431216682,0.850910000654217,0.982571046427449,-0.0701163720966317
"5976","LONP1","LONP1",-0.0182517164109535,4.06835059404541,0.0354872159623189,0.851022400788199,0.982571046427449,-0.0700590081754994
"6225","MAP3K6","MAP3K6",-0.0310985005571568,2.97957359758222,0.0354401981769929,0.851119951021573,0.982571046427449,-0.0700092291096484
"1147","BTBD19","BTBD19",-0.0624069760530761,1.5632386751722,0.0573853789264926,0.851284049320054,0.982571046427449,-0.0699255039941927
"5015","JOSD1","JOSD1",-0.0265195606193378,5.41593619523208,0.0353581477329253,0.851290346006486,0.982571046427449,-0.0699222916632903
"2954","E2F6","E2F6",-0.0296619609381026,3.02884790376876,0.0352506110633371,0.851513978852672,0.982571046427449,-0.0698082180610434
"7318","NPEPPS","NPEPPS",-0.0112811046142581,5.52390173518971,0.0352355488100011,0.851545330448658,0.982571046427449,-0.0697922282184548
"8708","RAB22A","RAB22A",-0.0150525392798236,5.72516284140465,0.0351681718484335,0.851685658452526,0.982571046427449,-0.0697206657841505
"5939","LOC728392","LOC728392",-0.0271941133888906,2.96524078695427,0.0552514699705556,0.851766655727949,0.982571046427449,-0.06967936533858
"15","AARSD1","AARSD1",-0.0129035383077944,4.86008668314047,0.0350902649801276,0.851848091055838,0.982571046427449,-0.0696378454895321
"11195","TMEM181","TMEM181",-0.0141266455782196,5.54770241194635,0.0349697578813559,0.852099711586091,0.982571046427449,-0.0695095816912547
"7651","PAQR8","PAQR8",-0.0448333929477922,3.83566649684582,0.0348896530535888,0.852267220045831,0.982571046427449,-0.0694242150972177
"5362","LDB1","LDB1",-0.0195397921892175,5.63553765206475,0.0348746566699861,0.852298601334582,0.982571046427449,-0.0694082242561831
"3189","EP400P1","EP400NL",-0.032633773192244,2.53891519872265,0.0658773987455459,0.85243602032793,0.982571046427449,-0.0693382071287189
"1858","CEP170","CEP170",-0.0164273134110857,5.21636517235891,0.0347840765930186,0.85248829702596,0.982571046427449,-0.0693115742966774
"3911","GCNT1","GCNT1",-0.0343728824422143,3.2795460804657,0.0347195071531508,0.85262367654775,0.982571046427449,-0.0692426115771481
"6549","MIR5047","MIR5047",-0.0208094973962509,4.78015918927574,0.0347121502216565,0.852639109725259,0.982571046427449,-0.0692347505672387
"8191","POLD4","POLD4",-0.0139314020952916,6.24160995118582,0.0346689259473029,0.852729818682609,0.982571046427449,-0.0691885501246045
"4467","HEXD","HEXDC",-0.0209035962498759,3.98117514894281,0.0346608173837453,0.852746841550314,0.982571046427449,-0.0691798804808819
"10498","SRR","SRR",-0.0320068073202635,2.57228946851115,0.0547369464861964,0.852753211418072,0.982571046427449,-0.069176636390197
"248","AFDN-DT","MLLT4-AS1",-0.0556980769083462,1.67027201245269,0.12241393124663,0.853236124534136,0.982679280477821,-0.0689307655600257
"12004","VASH1","VASH1",-0.0249263227821119,3.19006766345066,0.0341577816518199,0.853806958076371,0.98317394524452,-0.06864031024669
"11889","UPF1","UPF1",-0.0239461085519717,3.58188486196443,0.0339348147117838,0.854279429500097,0.983238862368675,-0.0684000510432831
"3480","FAM86C2P","FAM86C2P",-0.0615525985562825,1.52878615078035,0.0607915608129907,0.854364149479708,0.983238862368675,-0.0683569836415913
"3296","EVC","EVC",-0.0628943225194069,1.50638796619217,0.05027954165422,0.854393871539511,0.983238862368675,-0.068341875444403
"9353","RRP1","RRP1",-0.0193334460283748,4.31037670362494,0.0336703163330011,0.854841993555382,0.983448848725642,-0.0681141515507662
"2549","DCUN1D2","DCUN1D2",-0.0229060217660947,3.08070617861785,0.0454088798014122,0.854859267618035,0.983448848725642,-0.0681053757134188
"12493","ZNF154","ZNF154",-0.0397408695296019,2.7053197514011,0.0335043032138545,0.855196256193893,0.983638711907383,-0.067934209012904
"2978","ECRG4","C2orf40",-0.0442958305514228,2.11372199916155,0.0419933242625525,0.855512730059377,0.983858927902661,-0.0677735237577041
"12447","ZKSCAN3","ZKSCAN3",-0.0246528437422695,3.30503424541987,0.0332774700954597,0.855681775467301,0.983858927902661,-0.0676877176288813
"4311","H2AC4","HIST1H2AB",-0.0524367383564834,1.75662870277339,0.0596749278830319,0.856102998269656,0.983858927902661,-0.0674739819476043
"6212","MAP2K6","MAP2K6",-0.0206549855055241,4.66351757692168,0.033042483841939,0.856186553091774,0.983858927902661,-0.0674315972958005
"4486","HINFP","HINFP",-0.0201661085350053,3.78804150529341,0.0330236943117145,0.856226995149691,0.983858927902661,-0.0674110838367573
"6012","LRP10","LRP10",-0.0139758975250695,7.6718882721818,0.0330079108164335,0.856260976291608,0.983858927902661,-0.0673938483026438
"2733","DLK2","DLK2",-0.0739608478712413,1.42279319581118,0.0567954634224916,0.856337941754989,0.983858927902661,-0.067354813271483
"5713","LOC100507053","LOC100507053",-0.0407804435617821,2.09166456632773,0.0343578242001417,0.856467308457822,0.983858927902661,-0.0672892094962931
"8493","PRRT3","PRRT3",-0.0240899308107402,3.23487529595722,0.0426038263252636,0.856559487691496,0.983858927902661,-0.0672424700843246
"6279","MASP2","MASP2",-0.0281772375934663,2.91751089225381,0.032547187374255,0.857256617451494,0.98419139957938,-0.0668891537352395
"3941","GFM2","GFM2",-0.0186864814185768,4.50448749080621,0.0541275340730617,0.857334684276459,0.98419139957938,-0.0668496061284237
"770","ATAD3A","ATAD3A",-0.0259993897675999,3.16168744463024,0.0325002721695364,0.857358410292883,0.98419139957938,-0.0668375875601516
"4255","GTF2IRD1","GTF2IRD1",-0.0698499569404446,1.42397204023801,0.056235845826759,0.857683376990542,0.98419139957938,-0.066673007027676
"2980","ECT2","ECT2",-0.0364161878375404,2.949574269894,0.0322967014215554,0.857800983199263,0.98419139957938,-0.0666134603145138
"9513","SCARNA22","SCARNA22",-0.0421871402989099,2.02862584670065,0.0598697867341064,0.857930174341729,0.984248848921753,-0.0665480572936001
"5147","KIAA1107","KIAA1107",-0.0381193149244825,2.58402172001272,0.0322040940190781,0.858002792912672,0.984248848921753,-0.0665112984629636
"5466","LINC02693","C17orf51",-0.0390993014395725,2.2007277539675,0.0439616275649405,0.858279718211489,0.984297372597656,-0.0663711500556478
"9799","SIRT2","SIRT2",-0.0146155866596818,5.40277635239056,0.0320460430470202,0.858347910254289,0.984297372597656,-0.0663366458598371
"981","BCAR3","BCAR3",-0.0667003414366159,1.41610331165322,0.0603373615316063,0.858419866309203,0.984297372597656,-0.0663002401000904
"3499","FANCF","FANCF",-0.0183959164399917,4.75216789949267,0.0318847510987329,0.858701011588563,0.984297372597656,-0.0661580254824686
"12459","ZMYM1","ZMYM1",-0.0234238521728813,4.5848062991663,0.0318712050491799,0.858730708606728,0.984297372597656,-0.0661430062523383
"2177","COMMD2","COMMD2",-0.0104598806571949,5.91556436657587,0.0318610584104993,0.85875295736055,0.984297372597656,-0.066131754312997
"9727","SH2B3","SH2B3",-0.0162619302129588,5.1025131045088,0.0318378684253634,0.858803820275408,0.984297372597656,-0.0661060323298283
"3701","FLOT1","FLOT1",-0.0183271659942809,6.22789785620211,0.031757521527253,0.858980194281518,0.984330822437026,-0.066016849688443
"802","ATG7","ATG7",-0.0169602397611992,4.79072808888043,0.0317554447907349,0.858984756094162,0.984330822437026,-0.0660145432734507
"3382","FAM118B","FAM118B",-0.0235864359359745,3.43915127415321,0.0315682120259886,0.859396670869627,0.984393613701324,-0.0658063330185934
"5483","LMBR1","LMBR1",-0.0110552145006679,6.43806701413155,0.0315185072724316,0.859506233646523,0.984393613701324,-0.0657509692055854
"7255","NME2","NME2",-0.0368373272518719,2.25889669069539,0.0702412193995395,0.859902741929692,0.984393613701324,-0.0655506662353111
"8305","PPM1L","PPM1L",-0.0292177264657678,2.89614684120777,0.0313360270461328,0.859909235931213,0.984393613701324,-0.0655473864476808
"2677","DHTKD1","DHTKD1",-0.0219033803818776,4.09978579448007,0.0313309370227107,0.859920494432568,0.984393613701324,-0.065541700413852
"8738","RAB4A","RAB4A",-0.0148509685755752,5.24029588947125,0.0557458172897976,0.860086927796535,0.984393613701324,-0.0654576529953735
"7275","NOC4L","NOC4L",-0.0160903788184225,4.19415176628627,0.0312071391566888,0.86019461107259,0.984393613701324,-0.0654032825314834
"10440","SPON2","SPON2",-0.0539667665574801,1.63740002266231,0.0523090447419251,0.860211169263566,0.984393613701324,-0.0653949227235198
"2245","CPD","CPD",-0.0171586895428321,5.02961429753563,0.0311888345254909,0.86023518925497,0.984393613701324,-0.0653827959290155
"7395","NT5M","NT5M",-0.0633592815872626,1.46392299805706,0.062275580056028,0.86050030754904,0.984463868963296,-0.0652489701164011
"4578","HOMER3","HOMER3",-0.0685239719282347,1.40580658096068,0.0607287227757122,0.860623239637238,0.984463868963296,-0.0651869307262231
"8307","PPM1N","PPM1N",-0.0271293111961517,2.70690538704353,0.032999133396629,0.860831976666199,0.984463868963296,-0.0650816089735195
"1121","BRF2","BRF2",-0.0185303725142579,4.11134073704568,0.0307432222409824,0.861226849938425,0.984463868963296,-0.0648824389062316
"2422","CXCR4","CXCR4",-0.0200161603042806,11.2859152314254,0.0306046219105824,0.861536798669225,0.984463868963296,-0.0647261678762262
"5899","LOC613037","LOC613037",-0.03060697783437,2.53061739203193,0.044271507791145,0.861771123656308,0.984463868963296,-0.0646080624022469
"4004","GLMP","C1orf85",-0.0141019996728168,4.62168138798063,0.0304540450193961,0.861874351474792,0.984463868963296,-0.0645560432687919
"1777","CDK6","CDK6",-0.0164885561175937,6.9421987371441,0.0304252441693228,0.861939013149008,0.984463868963296,-0.0645234617737272
"2435","CYB561D1","CYB561D1",-0.0184188944657384,4.52730914599196,0.030383842518871,0.862032020561161,0.984463868963296,-0.0644766018148029
"4667","HYAL1","HYAL1",-0.0542746240362195,1.61336827794228,0.0713886334401555,0.862067822018938,0.984463868963296,-0.0644585653007044
"10333","SNX4","SNX4",-0.013554716983206,5.61023046131735,0.0303118880558801,0.862193819366196,0.984463868963296,-0.064395094709661
"7685","PAX8","PAX8",-0.0573419253038831,1.65468790733306,0.0302532188183889,0.862325891185803,0.984463868963296,-0.0643285740868681
"4482","HIGD1A","HIGD1A",-0.0114990148849241,6.85667908800237,0.0301851502070336,0.862479287674328,0.984463868963296,-0.0642513256538253
"4140","GPR152","GPR152",-0.0607144548351076,1.51665583377063,0.056063897139754,0.862610488706052,0.984463868963296,-0.0641852654580165
"12660","ZNF461","ZNF461",-0.0229506887543679,3.55274136280927,0.0301230985306276,0.862619280033043,0.984463868963296,-0.0641808393521495
"8093","PLEKHG5","PLEKHG5",-0.0294699235616305,2.5718576158076,0.0303927873579312,0.86266852776769,0.984463868963296,-0.0641560457851718
"10804","TAPBP","TAPBP",-0.00933533375978463,9.31538483981364,0.0300464328617421,0.862792447796312,0.984463868963296,-0.0640936650237607
"10176","SNORA25","SNORA25",-0.0517081961259964,1.69786131682279,0.0711316396146072,0.863222499524776,0.984463868963296,-0.0638772484779369
"3067","EIF3B","EIF3B",-0.0156167598664469,5.03184816530684,0.0298045665304559,0.86334025777096,0.984463868963296,-0.0638180073569533
"12665","ZNF471","ZNF471",-0.0229307684989469,3.3111713466262,0.0297817820793752,0.86339198075435,0.984463868963296,-0.0637919894188158
"4268","GTPBP4","GTPBP4",-0.0134900908527406,6.31519455958993,0.0296995347430449,0.863578860213362,0.984463868963296,-0.0636979974228638
"10589","STEAP2","STEAP2",-0.0622516318485581,1.44573648589904,0.0974472174385372,0.863592065352973,0.984463868963296,-0.0636913565986342
"7898","PHETA1","FAM109A",-0.0622206558749445,1.44078665899585,0.0682422932853143,0.863920007021219,0.984463868963296,-0.0635264683053552
"2213","COQ8A","ADCK3",-0.0131246465233364,5.68725422527264,0.0295477697431309,0.863924396206864,0.984463868963296,-0.0635242618577117
"7067","NDST2","NDST2",-0.0146206026652037,5.49841820230371,0.0294267573498097,0.864200570596413,0.984463868963296,-0.0633854512777488
"7652","PARD6A","PARD6A",-0.026231228167006,2.8974645762322,0.0293817796845273,0.864303367617842,0.984463868963296,-0.063333794838642
"6481","MGC72080","MGC72080",-0.0170787807414255,3.66365540689439,0.03984714671484,0.864388237744027,0.984463868963296,-0.0632911514574904
"5425","LINC00115","LINC00115",-0.0267010392148815,2.71914989707492,0.0364495309802244,0.864412227421719,0.984463868963296,-0.0632790984937683
"7241","NLGN4Y","NLGN4Y",-0.0686636617221536,2.25632920305644,0.029333914913324,0.864412852182294,0.984463868963296,-0.06327878460421
"4890","IPCEF1","IPCEF1",-0.0136907527053212,7.18443235580979,0.0292382933159315,0.864631850142763,0.984540418845086,-0.0631687705529126
"10900","TCFL5","TCFL5",-0.0464526648526164,1.79892523999814,0.0595096599108155,0.864897337501147,0.984584643046881,-0.0630354398216475
"2672","DHRS4","DHRS4",-0.0207218173527434,3.05602894647948,0.0290769585046943,0.865002185665811,0.984584643046881,-0.0629827951694032
"3509","FARS2","FARS2",-0.0143756982880538,5.38094960138622,0.0290273949402058,0.865116168468963,0.984584643046881,-0.0629255712200775
"10348","SOD2","SOD2",-0.0155499356727607,7.03279890194394,0.0288492676408868,0.865526642196743,0.984584643046881,-0.062719559353059
"39","ABCC9","ABCC9",-0.0571465663836577,1.54644499773729,0.0960782052649421,0.865659000600499,0.984584643046881,-0.062653151079936
"9628","SENP8","SENP8",-0.0584071515320295,1.56315479171153,0.0394801571572148,0.86569264313105,0.984584643046881,-0.0626362732083257
"3022","EFNA1","EFNA1",-0.0692750401372889,1.34095524719602,0.0393697962338001,0.865748683509108,0.984584643046881,-0.0626081601829653
"5393","LGMN","LGMN",-0.0226288009995171,3.48589891551016,0.0286876409155567,0.865900222311753,0.984584643046881,-0.062532148855577
"11947","USP34","USP34",-0.0162523128654673,7.038220444875,0.0285986372695869,0.866106405641595,0.984584643046881,-0.0624287493865584
"11499","TRIM22","TRIM22",-0.0121550240454341,8.42812248989751,0.0285985786298525,0.866106541593485,0.984584643046881,-0.0624286812157762
"2763","DNAJA4","DNAJA4",-0.0207175181349098,3.39793063450854,0.0398488561461203,0.866370885718337,0.984584643046881,-0.0622961505474653
"12661","ZNF462","ZNF462",-0.0450648367831138,2.19729658430888,0.0284259765716284,0.866507330030244,0.984584643046881,-0.0622277591148392
"2039","CLDN12","CLDN12",-0.0580300625167705,1.52046612099101,0.0354818217218,0.866951452981376,0.984933987172904,-0.0620052212003831
"2721","DLEU2","DLEU2",-0.0238457839938415,3.2014840204588,0.0450651073552958,0.867057363713665,0.984968054243203,-0.0619521690518335
"6361","MDM1","MDM1",-0.0152486155717527,4.51850781442802,0.0279715825644164,0.867568474552347,0.985235869583498,-0.0616962376360694
"5847","LOC387723","LOC387723",-0.0210658325512798,3.51284210992555,0.0278179131894011,0.86792934124228,0.985432826227366,-0.0615156296134341
"11978","UTP20","UTP20",-0.0133494388968512,4.86267728313172,0.0277215207987374,0.868156225790618,0.985432826227366,-0.0614021159597244
"1223","C16orf72","C16orf72",-0.0176677676695897,4.87833768611259,0.0275872507151044,0.868472942249303,0.985432826227366,-0.0612437076888152
"3264","ERVV-1","ERVV-1",-0.0466404510383449,1.75524335725679,0.0937731206068639,0.868509399547146,0.985432826227366,-0.0612254769873285
"1577","CCDC88A","CCDC88A",-0.0196256152824007,4.19949424215487,0.0275045685394691,0.868668367347368,0.985432826227366,-0.0611459930796416
"6730","MRPS14","MRPS14",-0.0143721153929107,5.18248258365044,0.0274163179954083,0.868877287054626,0.985432826227366,-0.0610415553329497
"8125","PLSCR1","PLSCR1",-0.0213143614348953,4.47884764708763,0.0272661543921677,0.869233572309254,0.985432826227366,-0.0608635083212736
"5753","LOC143666","LOC143666",-0.0311269718078012,2.68445735693025,0.0272446517550725,0.869284672921429,0.985432826227366,-0.0608379777132898
"777","ATF1","ATF1",-0.0113869869261317,5.03313140112938,0.027117149685456,0.869588105809644,0.985432826227366,-0.0606864091432035
"8526","PSMB2","PSMB2",-0.00757217219150849,6.93971086702155,0.0270956098984051,0.869639439094302,0.985432826227366,-0.0606607727480844
"1011","BCLAF3","CXorf23",-0.0192443105661108,3.62308064243419,0.0270830647569414,0.869669346140223,0.985432826227366,-0.0606458375449451
"7734","PCOLCE","PCOLCE",-0.0465898214565599,1.75020811665447,0.0572158251167319,0.87024935787198,0.985453234243793,-0.060356288494991
"4777","IKZF4","IKZF4",-0.0244570677101847,3.10382598978172,0.0268033095996876,0.870338127784829,0.985453234243793,-0.0603119904822105
"746","ASCC2","ASCC2",-0.0105793883959026,5.98032741625283,0.0267914832180061,0.870366478684647,0.985453234243793,-0.060297843751854
"2073","CLOCK","CLOCK",-0.0196114798552596,4.92583465263686,0.0267903772352673,0.870369130340304,0.985453234243793,-0.0602965206337263
"8002","PINX1","PINX1",-0.0194807678829335,3.72925535022572,0.0422862755525391,0.870383941379218,0.985453234243793,-0.0602891303236632
"2205","COQ10A","COQ10A",-0.0148109262617385,3.90728872308925,0.0270814896960609,0.870898858982453,0.98562077096566,-0.0600322784438976
"2438","CYB5B","CYB5B",-0.0118442523531214,6.28770449382725,0.0265194864060512,0.871020307983685,0.985672230937923,-0.0599717192260492
"968","BBIP1","BBIP1",-0.0119081486861094,4.66499853040553,0.0263599805719534,0.871405332458633,0.985734007172512,-0.0597797867800292
"12910","ZNF875","HKR1",-0.0128365669718515,4.7050539792513,0.0262647634617067,0.871635743318839,0.985734007172512,-0.0596649688711095
"3525","FBL","FBL",-0.00916870820104002,6.75250912772137,0.0261738738009366,0.871856082712921,0.985734007172512,-0.0595551981431067
"4616","HSD17B1","HSD17B1",-0.0215085753016993,2.92813902299154,0.0270916428934318,0.871868699206524,0.985734007172512,-0.0595489135807613
"8154","PNKD","PNKD",-0.0156158331435097,4.73424013083636,0.0261408465845955,0.87193624624537,0.985734007172512,-0.0595152684115222
"7172","NFE2L1","NFE2L1",-0.0240906661708626,3.8698098645949,0.0593855835593371,0.871974174850715,0.985734007172512,-0.0594963773219216
"3459","FAM32A","FAM32A",-0.0099003715594669,6.69926239943711,0.0261122586368726,0.872005676781142,0.985734007172512,-0.0594806877891072
"5502","LNX1","LNX1",-0.0216554879865155,3.12893610400415,0.0447502113773228,0.872039424641734,0.985734007172512,-0.059463880299873
"11729","TXNDC17","TXNDC17",-0.0115596822387143,5.37851265733627,0.0260887979531972,0.872062684060658,0.985734007172512,-0.0594522967609951
"8824","RARB","RARB",-0.0475425612110343,1.706747817557,0.0491499486463952,0.87246668417763,0.985914209256601,-0.0592511479264497
"6595","MMRN1","MMRN1",-0.0567515033568795,1.54061134748139,0.0258359437463127,0.87267877376283,0.985914209256601,-0.0591455872850077
"9735","SH3BGRL2","SH3BGRL2",-0.0606248528809988,1.49660500517142,0.025792186040462,0.872785704752172,0.985914209256601,-0.0590923756164284
"5539","LOC100130357","LOC100130357",-0.070770313762778,1.39327974671629,0.0609134307904909,0.872794160014232,0.985914209256601,-0.0590881683341037
"3894","GBP3","GBP3",-0.0131658632983201,5.43208042730256,0.0257812597905055,0.87281241981877,0.985914209256601,-0.0590790825155193
"8352","PPP2R5D","PPP2R5D",-0.01130104351091,6.09671564550921,0.0257773428045681,0.872821998401959,0.985914209256601,-0.0590743164250025
"652","ARID1A","ARID1A",-0.0106735611516301,6.43548359047335,0.0257740361571627,0.872830085046794,0.985914209256601,-0.0590702927306335
"4224","GSPT2","GSPT2",-0.0192770500483003,4.00828314886802,0.0255360076502864,0.873413605512803,0.986266826698011,-0.0587800471832707
"10216","SNORD102","SNORD102",-0.0278343107516461,2.49223962199902,0.0384525957543893,0.874107850755389,0.986529414538591,-0.0584349791525198
"5626","LOC100289187","LOC100289187",-0.0477658290525719,1.65800717606259,0.0475241817992037,0.874260522392784,0.986529414538591,-0.0583591319216381
"2150","COA8","APOPT1",-0.0126081986075322,4.70045812001572,0.0251914875576488,0.874263150700534,0.986529414538591,-0.0583578262949884
"11049","TIMM21","TIMM21",-0.0178856001537641,3.9243995152067,0.0367409683560414,0.874363309054553,0.986529414538591,-0.0583080749941637
"7753","PDCD6IP","PDCD6IP",-0.00957531693394201,7.07595163153081,0.0248188077428842,0.875188869471728,0.986638465280086,-0.0578982142713252
"4233","GSTM4","GSTM4",-0.0430331226384535,3.39534787179404,0.0247748990646286,0.87529840442018,0.986638465280086,-0.0578438632063846
"3821","G0S2","G0S2",-0.0600827961399957,1.84184139676114,0.0246495528417783,0.875611642711771,0.986638465280086,-0.0576884723989211
"4029","GMPPB","GMPPB",-0.014322235143745,4.24288572998688,0.0246494456424317,0.875611910950224,0.986638465280086,-0.057688339355393
"7319","NPFF","NPFF",-0.0556359468927792,1.46767897935505,0.0686934815798379,0.875635370654072,0.986638465280086,-0.057676703739982
"2129","CNOT6L","CNOT6L",-0.0178529741948298,8.52280286779754,0.0245186333779802,0.875939681218035,0.986638465280086,-0.0575257991014373
"4522","HLA-F","HLA-F",-0.0135706366784376,8.17509252057641,0.0244598127917789,0.876087357269288,0.986638465280086,-0.0574525868816352
"629","ARHGAP5","ARHGAP5",-0.0173773503486414,7.08469144780727,0.0244511919275392,0.876109016252555,0.986638465280086,-0.0574418502118655
"11506","TRIM3","TRIM3",-0.0277176164540587,2.45006554998569,0.0269819979797606,0.876150291145511,0.986638465280086,-0.0574213903881631
"9533","SCNN1D","SCNN1D",-0.0463959839023462,1.69339511626993,0.0439383515315296,0.876439346859179,0.986638465280086,-0.0572781334615845
"2665","DHODH","DHODH",-0.0221730638636321,3.08535394539317,0.0242574706130111,0.876596755772453,0.986638465280086,-0.0572001409747005
"5458","LINC01530","FLJ30403",-0.0403550798117643,1.88033629971416,0.0912982375743848,0.876720926319299,0.986638465280086,-0.0571386272125897
"1770","CDK2AP2","CDK2AP2",-0.0221145921829183,5.60872606805746,0.0242001098760904,0.876741557677394,0.986638465280086,-0.0571284073361372
"4364","HAGHL","HAGHL",-0.0275899794743826,2.51762741403615,0.0402681916924432,0.877350173330767,0.98680923453985,-0.0568270337810441
"3697","FLJ45983","FLJ45983",-0.0491065825563539,1.59569893512939,0.0468255157451378,0.877425770478468,0.98680923453985,-0.0567896142754595
"8476","PRR12","PRR12",-0.0230212357799201,2.72898880334048,0.0246671973159548,0.877684886160676,0.986922593293069,-0.0566613801822423
"9416","RXYLT1","TMEM5",-0.0136659226702728,4.05019379146894,0.0238209822036735,0.877703083994459,0.986922593293069,-0.0566523756556881
"11384","TOP1MT","TOP1MT",-0.0152855503823645,4.15206267468894,0.023800681778108,0.877754789286628,0.986922593293069,-0.0566267922185435
"8195","POLE2","POLE2",-0.0390465572327971,2.03480367745659,0.0236273427839029,0.878197207381501,0.986971033691145,-0.0564079482618436
"3709","FLYWCH1","FLYWCH1",-0.0172023853374287,4.3636432379912,0.0235078619926791,0.87850312978944,0.986971033691145,-0.0562566869315067
"4620","HSD17B13","HSD17B13",-0.0433958830935163,1.74173161621048,0.0464545435370607,0.878596225734674,0.986971033691145,-0.0562106667048037
"12549","ZNF256","ZNF256",-0.0198631105368589,4.18958513126921,0.0233723657536635,0.878851023347381,0.986971033691145,-0.0560847372374653
"7106","NDUFS3","NDUFS3",-0.00971491169113797,5.70871687822982,0.023365021586134,0.878869909330083,0.986971033691145,-0.0560754046091506
"2087","CLUAP1","CLUAP1",-0.0175615660255687,4.57670972132886,0.0232780837729497,0.879093706584707,0.986971033691145,-0.0559648290404717
"4340","H3C13","HIST2H3D",-0.0547346844455287,1.45015898302953,0.0607065968012585,0.87927030624051,0.986971033691145,-0.055877593114668
"2556","DDAH2","DDAH2",-0.0247295859642717,2.83423192047629,0.0232002805272524,0.87929435240659,0.986971033691145,-0.0558657162499888
"1648","CCZ1","CCZ1",-0.0272005250258864,2.56209861849817,0.0519381668492509,0.879307191060655,0.986971033691145,-0.0558593751244097
"2932","DYNC1I2","DYNC1I2",-0.0163886800153034,5.43215029845261,0.0231584049215014,0.879402487435812,0.986971033691145,-0.0558123102899771
"6999","NAT1","NAT1",-0.0186625299914057,3.3179019147939,0.0231476296984053,0.879430328387072,0.986971033691145,-0.0557985612043387
"7175","NFIA","NFIA",-0.0167952946743125,4.32825287084325,0.0231386837441135,0.879453447924405,0.986971033691145,-0.055787144091254
"114","ACER2","ACER2",-0.0515746930561025,1.56828608595218,0.0296121546371313,0.879527365374752,0.986971033691145,-0.0557506434761498
"11200","TMEM185A","TMEM185A",-0.0182115340969982,4.02089162490434,0.0230686936842813,0.879634485304803,0.986971033691145,-0.0556977528401202
"7745","PDCD10","PDCD10",-0.0102431944281715,6.31359664300127,0.0230361050149972,0.87971887555586,0.986971033691145,-0.0556560895549567
"9857","SLC19A1","SLC19A1",-0.0202183057809718,3.08886588707383,0.0229112051770842,0.880042877949641,0.986971033691145,-0.0554961673915706
"8692","RAB11A","RAB11A",-0.00993141802929481,7.21870191403393,0.0228583817650121,0.880180178894413,0.986971033691145,-0.0554284157023015
"6838","MTMR7","MTMR7",-0.0318594523262089,2.21951042172135,0.0380905206462107,0.880238487352862,0.986971033691145,-0.0553996463620904
"938","B7H6","B7H6",-0.0426843767981524,1.74183260573115,0.0234674756113313,0.880444717948912,0.986971033691145,-0.0552979076620177
"4720","IFI44L","IFI44L",-0.0491635352981771,6.1698585352891,0.0227147385486925,0.880554365603691,0.986971033691145,-0.0552438254402485
"738","ASB16","ASB16",-0.0453685572865036,1.65637906037337,0.0575987713013199,0.880653805532337,0.986971033691145,-0.0551947838640791
"7739","PCYOX1","PCYOX1",-0.0163072200736978,5.48811408974915,0.0226632187355435,0.880688868111361,0.986971033691145,-0.0551774930951428
"7341","NR2C2","NR2C2",-0.0141622363338811,4.93110681054851,0.0224906958877726,0.88114041496756,0.98722122837673,-0.0549548786634894
"1308","C3orf14","C3orf14",-0.0251166346914487,3.08955268986513,0.0222512623271922,0.881770033420895,0.987549423495543,-0.0546446645719409
"5765","LOC148709","LOC148709",-0.0382361898140448,1.89948122365485,0.0306362963601934,0.881872682494964,0.987549423495543,-0.0545941101982134
"10156","SNHG20","LINC00338",-0.0222685342725654,3.21768182045623,0.0221870408538013,0.881939499714067,0.987549423495543,-0.0545612060717322
"546","APC2","APC2",-0.0517464187677137,1.50443504772951,0.0541998908564374,0.881985442494221,0.987549423495543,-0.054538583004921
"10712","SV2B","SV2B",-0.0501874220187293,1.55757037862938,0.0584187483568993,0.882233492425607,0.987670141036032,-0.0544164590269782
"682","ARL6IP4","ARL6IP4",-0.0101641322694533,7.0757481157425,0.0220292984215546,0.88235681462197,0.987670141036032,-0.0543557558153034
"862","ATP6V0E1","ATP6V0E1",-0.0103207031329492,8.06726760535251,0.0220125408951729,0.88240123706248,0.987670141036032,-0.0543338917181012
"12643","ZNF432","ZNF432",-0.0175713907941959,3.42981525957911,0.0215683913502202,0.883584993942753,0.987983574176638,-0.0537516684266745
"1251","C1GALT1C1","C1GALT1C1",-0.0226164098074864,4.92952113201264,0.0215450091596069,0.883647656229991,0.987983574176638,-0.0537208701211095
"10359","SOX12","SOX12",-0.0609973017982055,1.45029453767802,0.0588558754339076,0.883943878486228,0.987983574176638,-0.0535753074274911
"9771","SIAE","SIAE",-0.0226510557164896,2.79665487566636,0.0213998858165986,0.884037353894993,0.987983574176638,-0.0535293840279501
"8228","POLR3A","POLR3A",-0.0143803301212978,4.52963523717369,0.0213423069726358,0.884192343500617,0.987983574176638,-0.0534532501062694
"12055","VPS36","VPS36",-0.0137082811762108,5.96961763486545,0.0212813315998002,0.884356708849868,0.987983574176638,-0.053372525215652
"6308","MBOAT2","MBOAT2",-0.0272364224412425,2.38633990494171,0.0264864990252716,0.884474340796291,0.987983574176638,-0.0533147617505518
"4865","INPP5K","INPP5K",-0.0102326772987852,6.79050896184307,0.0212241289512825,0.884511123250858,0.987983574176638,-0.0532967012097768
"12415","ZFP57","ZFP57",-0.0633784856330947,1.85393581436813,0.0212024363919925,0.884569736319704,0.987983574176638,-0.0532679231782484
"9156","RNF34","RNF34",-0.00862099408752515,5.68136792185218,0.021178114745978,0.884635489584992,0.987983574176638,-0.0532356416996763
"2739","DMAC2L","ATP5S",-0.0108531040272928,4.89949992733353,0.0210967910536159,0.884855627684331,0.987983574176638,-0.0531275826522363
"7944","PIANP","C12orf53",-0.0498732655116672,1.50013227540556,0.0425885351690875,0.884967044370673,0.987983574176638,-0.0530729018608803
"10817","TAS2R20","TAS2R20",-0.0373567460429486,1.89381380946012,0.03630067091484,0.88531461668767,0.987983574176638,-0.05290236544897
"7907","PHF19","PHF19",-0.0122263172645026,4.53782693234079,0.0209142595773178,0.885351312085883,0.987983574176638,-0.0528843647536402
"3371","FAM106A","FAM106A",-0.0513982072710983,1.50195032112985,0.0641953099382033,0.885427706806806,0.987983574176638,-0.0528468922001365
"1350","C9orf40","C9orf40",-0.0345320762297804,1.98936705840771,0.0322497959094555,0.885606378313966,0.987983574176638,-0.0527592642424953
"12636","ZNF425","ZNF425",-0.0514886130494246,1.45417560347434,0.0297148836951194,0.885658553159364,0.987983574176638,-0.0527336788576614
"2667","DHRS1","DHRS1",-0.0146039287812645,4.94823819422407,0.0207534543358334,0.88578982976164,0.987983574176638,-0.0526693103955313
"11493","TRIM13","TRIM13",-0.0124271300681678,5.83967095827224,0.0207385239202529,0.885830633039236,0.987983574176638,-0.0526493053903076
"5308","L3MBTL3","L3MBTL3",-0.0151109239515052,4.58946581232969,0.0205941513527388,0.886225964433503,0.987983574176638,-0.0524555302635465
"12487","ZNF140","ZNF140",-0.0165558891619373,4.47153485711766,0.0205667424046555,0.886301177200874,0.987983574176638,-0.0524186738576946
"12855","ZNF770","ZNF770",-0.015686896870527,6.55103375945809,0.0205181190504497,0.886434730309541,0.987983574176638,-0.052353236724054
"6373","MECR","MECR",-0.0164308620939618,3.67013858207353,0.0204854878792685,0.886524448501151,0.987983574176638,-0.0523092829590248
"4017","GLYCTK","GLYCTK",-0.013700460964846,4.23618834374275,0.0204519224384213,0.886616811563618,0.987983574176638,-0.0522640380941052
"10699","SURF2","SURF2",-0.0116622381276586,4.31860325402393,0.0204068307579263,0.886741013591055,0.987983574176638,-0.0522032040599583
"255","AFMID","AFMID",-0.0250242541317542,2.54990824385875,0.0271290752283666,0.88674819218945,0.987983574176638,-0.0521996882498131
"5490","LMLN","LMLN",-0.0217948231735934,2.6973084638232,0.0254774818309848,0.886751319763526,0.987983574176638,-0.0521981564894112
"1263","C1orf43","C1orf43",-0.00870653870386314,7.22392840242407,0.0203776433962335,0.886821482913261,0.987983574176638,-0.0521637948114096
"6852","MTRNR2L2","MTRNR2L2",-0.0170001587600641,13.1964139931186,0.0203457074277017,0.886909597537472,0.987983574176638,-0.0521206454349083
"2170","COL6A4P2","COL6A4P2",-0.0518837378841016,1.5143920083572,0.0404441491830929,0.886913418428891,0.987983574176638,-0.0521187744567506
"6991","NAPEPLD","NAPEPLD",-0.0220957078262709,3.47761222486716,0.0203407229551705,0.886923356576052,0.987983574176638,-0.0521139080761082
"3442","FAM216A","FAM216A",-0.0140497798538209,3.42158720854264,0.0209514829692639,0.887172978943528,0.988091951908859,-0.0519916941745297
"568","APOL4","APOL4",-0.0493762583730584,1.48354239348095,0.0825309101244309,0.887371299794743,0.988139665323438,-0.0518946217568734
"10622","STOML2","STOML2",-0.00969176693037838,6.13432169461619,0.0201218837581385,0.887529140922309,0.988139665323438,-0.0518173785162642
"5774","LOC158257","LOC158257",-0.0243176114380109,2.66796198838565,0.0316673385879082,0.887596663841364,0.988139665323438,-0.0517843387947038
"50","ABHD1","ABHD1",-0.0467453644732497,1.53855817263663,0.0425927435326479,0.888395435533013,0.988423785121503,-0.0513936814697113
"1059","BIVM","BIVM",-0.0214355713318409,3.01897120732558,0.0196402521972168,0.888874329996174,0.988423785121503,-0.0511596357082495
"962","BAX","BAX",-0.013656262980879,4.73584632897359,0.0196129206617679,0.888951168294155,0.988423785121503,-0.0511220949610107
"1904","CFAP70","TTC18",-0.0275737239908645,2.41167061949215,0.0220778836175503,0.889140749714746,0.988423785121503,-0.0510294853896921
"9609","SELENOW","SEPW1",-0.00826416912430154,7.24914642602437,0.0195321507007365,0.889178559935487,0.988423785121503,-0.0510110176486734
"5543","LOC100130691","LOC100130691",-0.0258509724599228,2.51091511845783,0.0212204480874017,0.889238745486193,0.988423785121503,-0.0509816226889049
"11438","TPST1","TPST1",-0.0541738460085308,1.40381750357013,0.0362232691806146,0.889308222202802,0.988423785121503,-0.0509476923455319
"11103","TM9SF1","TM9SF1",-0.0129653317415529,4.82321798105015,0.0194622667617825,0.889375691337647,0.988423785121503,-0.0509147449817501
"11902","UQCR11","UQCR11",-0.00756215444641082,8.0046594631643,0.0194185927449315,0.889499072036346,0.98843665805634,-0.0508545006544851
"5409","LIMD1","LIMD1",-0.0139170682765772,3.87466980842628,0.0193684330918855,0.889640949568993,0.98843665805634,-0.0507852350217445
"9474","SASH3","SASH3",-0.0112590125519685,7.41205894716681,0.0193196761315571,0.889779039200426,0.98843665805634,-0.0507178292766833
"10425","SPIDR","KIAA0146",-0.0107388211780208,5.25937788613612,0.0193174986771053,0.889785210336241,0.98843665805634,-0.050714817201978
"419","ANAPC15","C11orf51",-0.0147942411718482,3.84274552330053,0.0331376066919263,0.889897536206658,0.98843665805634,-0.0506599956267768
"11478","TRAPPC5","TRAPPC5",-0.00881120334729069,5.89816663071074,0.0192435863446946,0.889994896391097,0.98843665805634,-0.0506124837770417
"6486","MGRN1","MGRN1",-0.0107874208448073,5.15123891857307,0.0191999958630223,0.890118753169521,0.98843665805634,-0.0505520490789359
"10468","SQSTM1","SQSTM1",-0.00774464692775384,7.51712015377114,0.0191989742497468,0.890121657671013,0.98843665805634,-0.0505506319568855
"10272","SNORD78","SNORD78",-0.0420731394643127,1.64623603739764,0.0467064774532981,0.890149192636416,0.98843665805634,-0.0505371977274447
"12204","WWP1","WWP1",-0.0117417229974054,6.93224580780428,0.0191008568190487,0.890400978839361,0.988547017414038,-0.0504143712426432
"3932","GEMIN7","GEMIN7",-0.0128685747034614,4.19518064154709,0.0189886837747057,0.890721211010442,0.988675220383433,-0.0502582055768407
"10750","SYTL2","SYTL2",-0.0173410402231862,4.43160911625956,0.0188589295473659,0.89109283892071,0.988835856082396,-0.0500770464338907
"7348","NR4A3","NR4A3",-0.052413335955182,3.46413409130147,0.0188499949372408,0.891118476332328,0.988835856082396,-0.0500645516345351
"7525","OPRL1","OPRL1",-0.0310228330373655,2.08789861211978,0.0263795515200578,0.891525252747903,0.988980504572149,-0.0498663507794377
"8348","PPP2R3C","PPP2R3C",-0.0120146949041089,6.13011742145522,0.0186984497557864,0.891554274413687,0.988980504572149,-0.0498522134971518
"1782","CDKL1","CDKL1",-0.0276645729006181,2.35553975774587,0.0321195744260793,0.891586100153815,0.988980504572149,-0.0498367107991944
"9494","SCAI","SCAI",-0.0130018957116112,4.88444632158845,0.0186721805905762,0.891629999342931,0.988980504572149,-0.049815327888169
"4869","INSL3","INSL3",-0.0338502632448063,2.00796230318111,0.0312758244790618,0.89179818514491,0.989082487465583,-0.0497334157970785
"5892","LOC494141","LOC494141",-0.0376504399728766,1.76714357486416,0.0548802253339287,0.892507489230732,0.989144375739185,-0.0493881309379716
"11295","TMLHE","TMLHE",-0.0159586095744262,3.96497526769283,0.0183534942843279,0.892553020493685,0.989144375739185,-0.0493659759733069
"12508","ZNF189","ZNF189",-0.0229451881109214,2.75626770336166,0.0182863451331251,0.892748545347746,0.989144375739185,-0.0492708487778146
"10606","STK3","STK3",-0.0234527633578692,2.92317253619786,0.0182834265265879,0.89275705202901,0.989144375739185,-0.0492667105609
"2884","DSTNP2","DSTNP2",-0.0328427220525059,2.01758417521538,0.0298980835041121,0.892953439648376,0.989144375739185,-0.0491711854910229
"3240","ERGIC1","ERGIC1",-0.0126728935476156,4.6314834353424,0.0181486959108533,0.893150498504424,0.989144375739185,-0.0490753550387063
"412","AMY2B","AMY2B",-0.0178782760992126,3.39540166909829,0.0180825198446702,0.893344293513596,0.989144375739185,-0.0489811324260123
"8150","PMS2P4","PMS2P4",-0.0215567660063945,2.8454297470374,0.0364604273441515,0.893363018719391,0.989144375739185,-0.0489720293642026
"12862","ZNF780A","ZNF780A",-0.0145109561385691,3.58331806781397,0.0180440556258301,0.893457101015999,0.989144375739185,-0.0489262951329299
"8123","PLS1","PLS1",-0.0246068888972415,2.47681691671731,0.0180044802382153,0.89357329520275,0.989144375739185,-0.0488698187637386
"2001","CIC","CIC",-0.0186113852822976,3.22944972935205,0.0232611575643499,0.893666665365481,0.989144375739185,-0.048824441369119
"4282","GUSBP3","GUSBP3",-0.0193014989081762,2.93305732242892,0.0179567146245534,0.893713709381919,0.989144375739185,-0.0488015800274158
"2854","DPP4","DPP4",-0.016367278344879,6.72659556465225,0.0179111268629855,0.893847898886998,0.989144375739185,-0.0487363763875246
"5712","LOC100507050","LOC100507050",-0.062492966988252,1.43793213432485,0.0263238884577645,0.893981829030367,0.989144375739185,-0.0486713085329897
"5177","KIF27","KIF27",-0.0219812572235002,2.90505753321829,0.0178437430843692,0.89404656471679,0.989144375739185,-0.0486398612120117
"5528","LOC100129518","LOC100129518",-0.0537114588971315,1.39348957069343,0.0348896320816942,0.894141377807247,0.989144375739185,-0.048593806990241
"5077","KCNK12","KCNK12",-0.0253541095169564,2.34041201390047,0.035948253059462,0.894326239400675,0.989144478716079,-0.0485040269243847
"10108","SMIM13","C6orf228",-0.0238495351386621,2.77633022047199,0.0314999965574135,0.894451389356284,0.989144478716079,-0.048443257006038
"12583","ZNF318","ZNF318",-0.0151581471498471,4.55551275981048,0.0176712162942027,0.894556968334898,0.989144478716079,-0.0483919969125085
"69","ABHD8","ABHD8",-0.0180474870512964,3.07619217692594,0.0176407644321449,0.894647320114637,0.989144478716079,-0.0483481346440604
"4756","IGF1R","IGF1R",-0.0231468740859635,3.58259760374674,0.0176391142515955,0.894652218526565,0.989144478716079,-0.048345756782529
"9571","SEC14L1","SEC14L1",-0.0137441477535523,4.73292421814509,0.0176057046719191,0.894751442051429,0.989144478716079,-0.048297592994428
"2439","CYB5D1","CYB5D1",-0.0211418391900166,2.97388218363722,0.0174992500908389,0.895068243560973,0.989329616613677,-0.0481438510840036
"7333","NPTXR","NPTXR",-0.0260957517706301,2.30188981582604,0.0229046432548576,0.895071433762023,0.989329616613677,-0.0481423031749442
"288","AHCY","AHCY",-0.00981530844317298,4.87416607045635,0.0173837884916463,0.895412959985382,0.989538489640545,-0.0479766240363303
"12188","WNT1","WNT1",-0.0253484352225145,2.43464344108319,0.0189511245233473,0.895641389010221,0.989551312413416,-0.0478658451919164
"6520","MIIP","MIIP",-0.00897277387026985,5.0518852709855,0.0172432145865927,0.895834226790095,0.989551312413416,-0.047772348653882
"2004","CIITA","CIITA",-0.0274171684873157,2.78546585414546,0.0171663608728192,0.896065278096724,0.989551312413416,-0.0476603509578195
"9966","SLC36A1","SLC36A1",-0.0207272240653128,2.61261391543939,0.0173401677950323,0.896658674788113,0.989551312413416,-0.0473728455472436
"7951","PICK1","PICK1",-0.015697422428441,3.73258620045986,0.0168974136301211,0.896878005797803,0.989551312413416,-0.0472666260885343
"2776","DNAJC11","DNAJC11",-0.0112556325435391,4.33196051631071,0.0168899592526086,0.896900625425573,0.989551312413416,-0.047255673143335
"11642","TTC25","TTC25",-0.0477694834178902,1.42388115518591,0.0306985666950925,0.897056785723699,0.989551312413416,-0.0471800642626356
"6588","MMADHC","MMADHC",-0.00808901192222804,7.21702050574619,0.0168258047279444,0.897095506709496,0.989551312413416,-0.0471613185736111
"2363","CTBS","CTBS",-0.00900936237764365,6.64115813539924,0.0168020545720616,0.897167748030457,0.989551312413416,-0.0471263471088691
"8617","PTPN6","PTPN6",-0.0133061326470156,7.10209816236307,0.0167831888303172,0.897225169344899,0.989551312413416,-0.0470985519032895
"7782","PDIA5","PDIA5",-0.0213375389938052,2.56588019223204,0.0167455115274578,0.897339945375862,0.989551312413416,-0.047042999060363
"8030","PKIA","PKIA",-0.0193477870046767,5.70714465703942,0.0165612993343035,0.897903009141917,0.990013236239851,-0.0467705729868217
"1019","BDH1","BDH1",-0.0118475478426688,4.01803706593325,0.0164940921352966,0.898109227124388,0.990080027031078,-0.0466708416704738
"4446","HELZ2","PRIC285",-0.0175312060007847,4.43638341789285,0.0164013314078808,0.898394556227517,0.990119634562827,-0.0465328883221917
"521","AP2B1","AP2B1",-0.0103433497495447,7.1569917464434,0.0163807638342865,0.898457932457832,0.990119634562827,-0.0465022525885472
"4695","IDH1","IDH1",-0.0210760842041035,2.97232275378634,0.0163517314919532,0.898547460623127,0.990119634562827,-0.0464589788306115
"11904","UQCRC1","UQCRC1",-0.00833949647920186,7.03090635766289,0.0163314404961338,0.898610080732501,0.990119634562827,-0.0464287137399421
"10142","SNAPC3","SNAPC3",-0.0135958800911561,3.8833303565143,0.0162947806389065,0.898723317182049,0.990160305206176,-0.0463739904868035
"3359","FADS3","FADS3",-0.0276775544320913,2.16142342429102,0.0277759927725039,0.898811873213327,0.990173779823072,-0.0463311992291302
"323","AKAP7","AKAP7",-0.0149189584170646,4.5128374027576,0.0162170260963271,0.898963917883972,0.990257188308463,-0.0462577393884224
"314","AKAP1","AKAP1",-0.0125362475501737,5.12589388143211,0.0160635614430556,0.899440519638418,0.99044339322824,-0.0460275514367597
"5732","LOC100507463","LOC100507463",-0.0128180037128649,6.57625421354926,0.0159222263929585,0.899881502331596,0.990590959396387,-0.0458146753070199
"6564","MKRN1","MKRN1",-0.00817781871534684,7.76682289193633,0.0158210462810313,0.900198419391464,0.990590959396387,-0.0456617539504923
"8408","PRICKLE4","PRICKLE4",-0.0426301328674791,1.58531935540903,0.0320969069646341,0.900242776603747,0.990590959396387,-0.0456403546483948
"1154","BTD","BTD",-0.0098755444246714,4.36793345415734,0.0157955813313189,0.900278342938395,0.990590959396387,-0.0456231971013788
"2806","DNLZ","DNLZ",-0.01642386073304,2.89417415246618,0.015762524911572,0.90038219054629,0.990590959396387,-0.0455731038802754
"4626","HSDL1","HSDL1",-0.0103186319334239,4.91121488462118,0.015744218635712,0.900439747790472,0.990590959396387,-0.0455453423420376
"9692","SF3B2","SF3B2",-0.00649947980833461,7.16852110050128,0.0156102860296336,0.90086188710118,0.990590959396387,-0.0453417864544064
"4454","HERC2P7","HERC2P7",-0.0246765393388231,2.66773856292821,0.0156049671621643,0.90087868943002,0.990590959396387,-0.0453336863330084
"4646","HSPA8","HSPA8",-0.0070343098041769,10.3431073586575,0.0155841133893504,0.900944594676863,0.990590959396387,-0.045301915975396
"11535","TRIP11","TRIP11",-0.00992398241481183,5.9010794348422,0.0155032634452992,0.901200533305903,0.990590959396387,-0.0451785599444981
"12901","ZNF841","ZNF841",-0.0157901374032553,3.59744726777537,0.0154779339665374,0.90128085569796,0.990590959396387,-0.0451398537787874
"977","BBS9","BBS9",-0.0111395263275129,4.92669928796432,0.0153896745483771,0.901561258232185,0.990590959396387,-0.0450047590044125
"7032","NCF1","NCF1",-0.0409618642004876,1.5509097770128,0.0454845689159972,0.90192782139449,0.990590959396387,-0.0448282163653148
"2524","DCAF7","DCAF7",-0.0104779169287957,6.56342422895086,0.015085095462651,0.902535239035774,0.990590959396387,-0.0445358322810198
"989","BCDIN3D","BCDIN3D",-0.0216644143291584,2.78757340596159,0.0222946592173309,0.90254179678152,0.990590959396387,-0.0445326767450124
"7090","NDUFAF8","C17orf89",-0.00974042911693434,4.77310629319027,0.0150757786277931,0.902565188976709,0.990590959396387,-0.044521420790245
"8174","POC1B","POC1B",-0.011687669001066,5.57551215187267,0.0149352274560172,0.903018150573931,0.990590959396387,-0.0443035203233932
"2467","CYP3A5","CYP3A5",-0.0224747614731732,2.51994528143725,0.027178230446164,0.903174733667146,0.990590959396387,-0.0442282203107462
"12081","VTI1B","VTI1B",-0.00843617367441196,4.72615770971641,0.0148230507137047,0.903381223148341,0.990590959396387,-0.0441289405266838
"7839","PEX16","PEX16",-0.00772821641389619,5.7014675694007,0.014808510213813,0.90342838705193,0.990590959396387,-0.0441062673872862
"1605","CCNE2","CCNE2",-0.0214243225505418,2.67965334132361,0.0147844432411351,0.903506502916278,0.990590959396387,-0.0440687172917682
"426","ANGEL1","ANGEL1",-0.0122279232135364,4.64943810856055,0.0147782975494119,0.903526460761078,0.990590959396387,-0.0440591241276789
"4394","HCG18","HCG18",-0.0118828125481594,5.84469852870902,0.0146953779068848,0.903796151294548,0.990590959396387,-0.0439295123908528
"12599","ZNF34","ZNF34",-0.0197096767658582,3.13344863296024,0.0255834611970565,0.903820595172032,0.990590959396387,-0.0439177667139784
"1487","CBWD6","CBWD6",-0.0314041585907839,1.8724771112368,0.038542344879021,0.903888447207699,0.990590959396387,-0.0438851643825204
"3010","EFCAB11","EFCAB11",-0.0363020761086876,1.67710851109297,0.0230513975901473,0.903948079510329,0.990590959396387,-0.0438565135840634
"917","AZIN1","AZIN1",-0.00853653029952572,7.39184386600034,0.014492335326955,0.904459812055116,0.990590959396387,-0.043610725421581
"2546","DCTN6","DCTN6",-0.0164663879713965,6.13440226614821,0.0144383410136922,0.904637089525627,0.990590959396387,-0.0435256104369855
"12455","ZMAT5","ZMAT5",-0.0119252080728453,3.59421692884888,0.0143641986907734,0.904881067071465,0.990590959396387,-0.0434084984841472
"1877","CEP83","CCDC41",-0.0131643889084439,4.36113803101144,0.014363019137533,0.90488495374206,0.990590959396387,-0.0434066330942867
"4275","GUK1","GUK1",-0.00682146532377687,7.73245235811505,0.0143343333435591,0.904979524368045,0.990590959396387,-0.043361246821945
"10186","SNORA3B","SNORA45",-0.0238377978501824,2.33199518079475,0.0397251513692508,0.905132284529751,0.990590959396387,-0.0432879442832673
"284","AGPS","AGPS",-0.00981080237463525,5.54138288189874,0.0142388734990998,0.905294927299316,0.990590959396387,-0.0432099131345175
"7010","NBEAL2","NBEAL2",-0.0133029677436965,6.49863663851568,0.0142230858754505,0.905347193446273,0.990590959396387,-0.0431848403728049
"344","ALAS1","ALAS1",-0.0137461187744886,4.13943606552079,0.0141886210215268,0.905461394333814,0.990590959396387,-0.0431300617333749
"11787","UBE2H","UBE2H",-0.010102646382736,5.41233697161649,0.0141206175568497,0.905687140370386,0.990590959396387,-0.0430217986543134
"6710","MRPL43","MRPL43",-0.00741626174493044,6.04497398043197,0.0141168298480404,0.905699730338311,0.990590959396387,-0.0430157615634128
"4348","H4C5","HIST1H4E",-0.0188250607297279,2.72938010884782,0.0221361949874684,0.905730161866128,0.990590959396387,-0.0430011695058734
"9509","SCARNA16","SCARNA16",-0.0345844305633717,1.70700352005406,0.0303078986571518,0.905824512909995,0.990590959396387,-0.0429559308627112
"910","AVIL","AVIL",-0.0294201358894854,1.92772707175583,0.028450464781313,0.906268825527355,0.990732744043682,-0.0427429589172455
"5827","LOC286437","LOC286437",-0.0182107558851123,3.08687485325941,0.0139177297580819,0.906363947952668,0.990753243747048,-0.0426973775451538
"2316","CRX","CRX",-0.03728808265242,1.60947307673122,0.0535138679421632,0.906669014476136,0.990766484268149,-0.0425512260832096
"9747","SH3KBP1","SH3KBP1",-0.00586352814402364,8.22375758617525,0.0138230359394565,0.906681546383371,0.990766484268149,-0.0425452233407976
"8833","RASA4P","RASA4P",-0.0254443507301006,2.16585720864221,0.0347495294651233,0.907292166872801,0.990885412772219,-0.0422528385976503
"7356","NRG4","NRG4",-0.0303085283700737,1.86468901240287,0.0176986597393001,0.907342981573284,0.990885412772219,-0.0422285157534204
"4711","IFFO1","IFFO1",-0.0103960439718584,5.33736691926312,0.0136096128067966,0.907401426326521,0.990885412772219,-0.0422005424104798
"5971","LOC91948","LOC91948",-0.0331998715090532,1.79128995628767,0.0459244859792786,0.908004612063654,0.991147943752233,-0.0419119455442144
"12091","WARS1","WARS",-0.00777293434570504,6.01516306361765,0.0133566812115595,0.908262018958059,0.991324513877074,-0.041788846443363
"2094","CMC1","CMC1",-0.0159545376699844,4.26510955661958,0.0132244533451841,0.908715208876311,0.991393285588334,-0.0415722032385752
"350","ALDH2","ALDH2",-0.0330966157361258,1.73216735792364,0.0133288742576992,0.908946604916697,0.991393285588334,-0.0414616281874252
"6367","ME2","ME2",-0.010213790972042,5.83870096425329,0.0131226830431403,0.90906557613857,0.991393285588334,-0.0414047874844014
"12236","XXYLT1","XXYLT1",-0.0137704335791956,3.96251500211624,0.0131189854012932,0.909078331978287,0.991393285588334,-0.0413986935874591
"3673","FKTN","FKTN",-0.015905129707211,3.19409400054003,0.0130621968375385,0.909274466070498,0.991393285588334,-0.0413050044481653
"7937","PI16","PI16",-0.0148249686382477,5.38139322824737,0.0130467142883654,0.909328013991987,0.991393285588334,-0.0412794292418388
"12449","ZKSCAN5","ZKSCAN5",-0.0137193087536866,3.696709451996,0.0130089239056437,0.909458851091861,0.991393285588334,-0.0412169460210805
"7764","PDE4D","PDE4D",-0.0190257172075778,6.96629114204181,0.0129496559804973,0.909664435684772,0.991393285588334,-0.0411187841699357
"12969","ZYG11A","ZYG11A",-0.0332501123925068,1.69630812822578,0.0438006846963967,0.90992261522517,0.991393285588334,-0.0409955408764292
"4982","ITPR3","ITPR3",-0.010309657524945,4.97165491034294,0.012873608924352,0.909928921988229,0.991393285588334,-0.0409925307491316
"3411","FAM168A","FAM168A",-0.0177799037819283,2.72270940402456,0.0179671153496844,0.909945760106637,0.991393285588334,-0.0409844942596057
"1344","C8orf58","C8orf58",-0.0177956820592752,2.88789248172548,0.0145812867464229,0.910019192630091,0.991393285588334,-0.04094944815644
"2542","DCTN2","DCTN2",-0.00706865339122417,6.34461014584083,0.0128306891140398,0.910078543492859,0.991393285588334,-0.0409211246750205
"2253","CPNE1","CPNE1",-0.01275598936434,7.5919679513432,0.0126598458474368,0.91067664276281,0.991393285588334,-0.0406358021628304
"2848","DPH6","ATPBD4",-0.0133449119755369,4.56095182860554,0.0125912225185584,0.910918033736375,0.991393285588334,-0.0405206999726813
"3446","FAM219B","C15orf17",-0.0120955405817629,5.62654473958217,0.0125686219309636,0.910997679840334,0.991393285588334,-0.0404827291014511
"7065","NDRG2","NDRG2",-0.00981433614363765,4.61871653430184,0.0125539489159394,0.911049427435506,0.991393285588334,-0.0404580604801498
"9419","RYR3","RYR3",-0.0309142181015942,1.7893665796588,0.0202106694885293,0.911207845492384,0.991393285588334,-0.0403825496407847
"4670","HYAL4","HYAL4",-0.046217407672663,1.49352816259287,0.0332247602558392,0.911368555497249,0.991393285588334,-0.0403059597448081
"3068","EIF3D","EIF3D",-0.00626156678787601,8.2573828780467,0.0123958150556294,0.911609076342719,0.991393285588334,-0.0401913594614564
"3498","FANCE","FANCE",-0.0266882930159953,2.03852172165397,0.0154920982447002,0.911653637033845,0.991393285588334,-0.0401701310755218
"12010","VAV3","VAV3",-0.0181133015364835,3.50366117457839,0.012373002999368,0.911690107775717,0.991393285588334,-0.0401527574541266
"11037","TIGD2","TIGD2",-0.0221079851778404,2.30375841967428,0.0194621919073543,0.911832408825302,0.991393285588334,-0.0400849759376752
"8294","PPIL3","PPIL3",-0.0113334973953666,5.02979581243918,0.0122743956747428,0.912041247142588,0.991393285588334,-0.0399855202227391
"1626","CCR3","CCR3",-0.0412426662281507,1.8807210292055,0.0122489777268073,0.912131991383982,0.991393285588334,-0.0399423119106092
"4533","HMBS","HMBS",-0.0124561858908351,3.82179918773994,0.0122184168050833,0.912241222772505,0.991393285588334,-0.0398903065544959
"7972","PIGW","PIGW",-0.0127596147122932,4.12245565734637,0.0121760050565267,0.912393040985536,0.991393285588334,-0.0398180358385136
"11172","TMEM154","TMEM154",-0.0080596673362286,6.63480606692237,0.0121563367017326,0.912463537189226,0.991393285588334,-0.039784481297692
"2012","CISD1","CISD1",-0.012128885462384,4.54079577249502,0.0121428043929632,0.912512073829933,0.991393285588334,-0.0397613805010493
"4914","IRAK2","IRAK2",-0.0199844342229197,2.68329961086095,0.0183232204195152,0.912720346080864,0.991393285588334,-0.0396622682031098
"7028","NCBP2","NCBP2",-0.00647058316115739,6.50096934953173,0.012026093070262,0.912931826446358,0.991393285588334,-0.0395616523710713
"3000","EEF1B2","EEF1B2",-0.00647821572701919,10.051007320029,0.011903612056831,0.913374552789288,0.991393285588334,-0.039351092287966
"28","ABCB1","ABCB1",-0.0216499980300471,3.27604269631905,0.0118997516191975,0.913388544315285,0.991393285588334,-0.039344439599893
"11293","TMIE","TMIE",-0.0297022813241238,1.85809703467927,0.0168776064446507,0.913818060037806,0.991715048759449,-0.039140263114133
"5806","LOC284412","LOC284412",-0.0344753860583265,1.60585593115453,0.0292378026174057,0.913987010181063,0.991815431457878,-0.0390599765274087
"750","ASH1L","ASH1L",-0.00765003109594025,7.35306288661848,0.0116733193768027,0.914213267556034,0.99195634632468,-0.0389524802851884
"3076","EIF3L","EIF3L",-0.00607669076752133,9.09345552118113,0.0116441101199049,0.914320242318744,0.99195634632468,-0.0389016651932582
"12235","XRRA1","XRRA1",-0.0180643882758001,4.66964082070297,0.0116329765765143,0.914361053071997,0.99195634632468,-0.0388822808587791
"8694","RAB11FIP1","RAB11FIP1",-0.00707302597043084,6.24886003662159,0.0115931415350915,0.91450723316055,0.99195634632468,-0.0388128551856063
"10335","SNX6","SNX6",-0.00663639520947354,7.79837180174855,0.0115897391664075,0.914519730383667,0.99195634632468,-0.0388069203632693
"1751","CDH12","CDH12",-0.0334223196894848,1.63610970289257,0.0192943362504228,0.915151646612198,0.992249252946096,-0.0385069345347341
"3225","ERBB3","ERBB3",-0.0266715025240972,1.91987763042902,0.0163448191844029,0.915455932023114,0.992365485045224,-0.0383625568126664
"317","AKAP12","AKAP12",-0.0264530528706327,2.36728613098674,0.0112071912574065,0.915936898222879,0.992365485045224,-0.0381344452159705
"8382","PRDM1","PRDM1",-0.0111464877308491,7.87811095673879,0.0111903337822457,0.915999906070415,0.992365485045224,-0.0381045708661043
"8372","PPT2","PPT2",-0.0262890319679498,2.15969429365393,0.0327233398702493,0.916306665945431,0.992365485045224,-0.0379591540190895
"8927","RCC2","RCC2",-0.00876314659267023,4.24924731811188,0.0109907546518517,0.916749548218865,0.992365485045224,-0.0377492953909239
"369","ALG3","ALG3",-0.00777074874748955,5.34834032343899,0.0109687576893173,0.916832590950677,0.992365485045224,-0.0377099570930179
"9999","SLC43A3","SLC43A3",-0.0157716893661806,3.59166924620764,0.0108112541172704,0.917429673156637,0.992365485045224,-0.0374272172454788
"9263","RPL8","RPL8",-0.00639583583560918,10.7000742226261,0.0107819492587396,0.917541249371593,0.992365485045224,-0.0373744023109948
"157","ACTR3","ACTR3",-0.0117095724247892,8.58764159800208,0.0106839816555791,0.917915371303181,0.992365485045224,-0.0371973574374003
"10733","SYNE3","C14orf49",-0.0107071236672829,4.41816606739158,0.0106222774450449,0.918151899870978,0.992365485045224,-0.0370854627873647
"5365","LDHB","LDHB",-0.00523828059432255,10.6697827516862,0.0105951118333333,0.918256252960517,0.992365485045224,-0.0370361055996008
"12138","WDR45B","WDR45L",-0.00649308996694019,6.19014720809427,0.0105841827688124,0.91829827364745,0.992365485045224,-0.0370162321330641
"6959","NAALADL1","NAALADL1",-0.0122346566780067,3.83014055078886,0.0105635631172331,0.918377613006318,0.992365485045224,-0.0369787114730217
"6334","MCM5","MCM5",-0.00988180013457588,5.40753841127107,0.0105590134928802,0.918395129380479,0.992365485045224,-0.0369704281786697
"8284","PPIA","PPIA",-0.00802208753165422,9.62273337925648,0.0104410746636007,0.918850540413659,0.992421336545072,-0.036755124905939
"5828","LOC286442","LOC286442",-0.0276611641327032,1.83461924444335,0.0110204692203009,0.918905811653389,0.992421336545072,-0.0367290017537563
"12740","ZNF582","ZNF582",-0.0183468044302235,2.55504710159318,0.0158750064386757,0.919112268419604,0.992454650790258,-0.0366314368433037
"5723","LOC100507299","LOC100507299",-0.0358148549277075,1.46993501503214,0.0307718377758753,0.919192358073,0.992454650790258,-0.0365935949165112
"10503","SRSF1","SRSF1",-0.00775665413959173,7.25800639646628,0.0102527314340675,0.919583235975483,0.992513029037273,-0.0364089545294484
"6584","MLYCD","MLYCD",-0.0169272118036745,3.05515056449288,0.0102507780673239,0.919590870461326,0.992513029037273,-0.0364053489816515
"12824","ZNF71","ZNF71",-0.0128570753574015,3.84188892303048,0.0154609027782931,0.919857151002628,0.992626698034727,-0.0362796110763843
"5315","LAIR2","LAIR2",-0.027507446723116,4.08436413120352,0.0101646979400107,0.919928036552752,0.992626698034727,-0.036246144991877
"7976","PIH1D1","PIH1D1",-0.00805877962504347,5.8218443987153,0.0101420717467131,0.920016899937659,0.992626698034727,-0.0362041949563375
"3861","GAMT","GAMT",-0.00971414582274633,3.93052831932702,0.0101274325346496,0.920074448167848,0.992626698034727,-0.0361770301323211
"5525","LOC100129269","LOC100129269",-0.0277869094836163,1.78695111039459,0.0324996044288675,0.920127547411539,0.992626698034727,-0.0361519668962306
"6709","MRPL42P5","MRPL42P5",-0.0297204981831827,1.68081958657335,0.019316199726223,0.920232294021435,0.992626698034727,-0.0361025299614522
"5267","KNTC1","KNTC1",-0.0114534270882961,4.08692229520997,0.00998728260273484,0.920627532564039,0.992673320186032,-0.0359160411063565
"3669","FKBP9","FKBP9",-0.0314881778220914,1.600418076665,0.0352227957519466,0.920669497300419,0.992673320186032,-0.0358962452199218
"5817","LOC285359","LOC285359",-0.0354619707836265,1.45636970904232,0.0230402476678176,0.921359602330924,0.992715114921244,-0.0355708336172887
"8866","RBIS","C8orf59",-0.00647240454470863,5.60919085581897,0.00977483073299925,0.921473476750298,0.992715114921244,-0.0355171607886549
"11727","TXNDC15","TXNDC15",-0.00994157060188833,4.47424097290662,0.00967452430912482,0.921876104288737,0.992943767384898,-0.0353274421126255
"1060","BLCAP","BLCAP",-0.00523625562164354,6.10813750378742,0.00959492759935213,0.922197105744926,0.992943767384898,-0.0351762451191925
"7563","OSTM1","OSTM1",-0.00828208633944027,6.14430283286362,0.00954687749141598,0.922391535585865,0.992943767384898,-0.0350846910399164
"12052","VPS33B","VPS33B",-0.00877445604793461,4.45637360794777,0.00949886116646785,0.922586322850278,0.992943767384898,-0.0349929880050998
"11373","TOMM20L","TOMM20L",-0.0368089364189304,1.393491317536,0.0227571463648338,0.923334472884829,0.992943767384898,-0.0346409496617616
"9069","RIOX2","MINA",-0.00857688475591621,5.43460614473122,0.00930295754487225,0.923386240829796,0.992943767384898,-0.0346166010608305
"4596","HPRT1","HPRT1",-0.0078374256909329,6.49533798577315,0.00927377700454977,0.923506116345625,0.992943767384898,-0.0345602238985012
"6302","MBLAC2","MBLAC2",-0.0113321283722324,3.80232753442745,0.00925777562398968,0.923571931857885,0.992943767384898,-0.0345292741356166
"9454","SAMM50","SAMM50",-0.00634382842062705,5.87502987735825,0.00919233956036067,0.923841677185495,0.992943767384898,-0.0344024493600935
"8229","POLR3B","POLR3B",-0.009309976290015,4.54368926267168,0.00917744052081952,0.923903230404731,0.992943767384898,-0.0343735143882177
"8713","RAB27A","RAB27A",-0.00724819431194206,6.33182783944472,0.00914748984380699,0.924027120044488,0.992943767384898,-0.0343152821209909
"3662","FKBP1AP1","FKBP1AP1",-0.0161539937484505,3.32567935078472,0.00911016322029137,0.924181806830212,0.992943767384898,-0.0342425851259236
"257","AGA","AGA",-0.00811865212191164,5.56922086537938,0.0090761568684942,0.924323012588971,0.992943767384898,-0.034176234331144
"12105","WBP1","WBP1",-0.0247931834141597,1.8660398962338,0.0275144390525398,0.924333141431609,0.992943767384898,-0.0341714753061014
"10300","SNRPD3","SNRPD3",-0.0050571118586619,6.56027196015929,0.00906970246756129,0.924349843548838,0.992943767384898,-0.0341636279494614
"6664","MRFAP1L1","MRFAP1L1",-0.00572923056373515,7.64275743154931,0.00900975161884874,0.924599521163359,0.993113892039432,-0.034046335812673
"12287","ZBED4","ZBED4",-0.00927673766943189,4.32481679170921,0.00886468885811788,0.925207155279534,0.993350354678628,-0.0337610171828687
"5559","LOC100131234","LOC100131234",-0.0235229567665595,2.00612712795974,0.0116439470451719,0.925355664556481,0.993350354678628,-0.0336913121623892
"7280","NOG","NOG",-0.0217962637990505,2.21707034657043,0.0087782454365572,0.925571633950292,0.993417788304554,-0.0335899637015461
"12872","ZNF79","ZNF79",-0.0136067173524316,3.07445008888199,0.0105773828959127,0.925691790610001,0.993464559859658,-0.0335335877437472
"10379","SPAG5","SPAG5",-0.0197097898590098,2.45256456972502,0.0136506212526711,0.925843914198909,0.993545628166304,-0.03346222381033
"11487","TREX1","TREX1",-0.0112122360983037,5.11561175579744,0.0085673284972639,0.926468612634673,0.993745063938688,-0.0331692893407291
"10212","SNORA9","SNORA9",-0.017194664589693,2.44747190211727,0.00856725509432439,0.926468926726598,0.993745063938688,-0.0331691421059873
"7004","NAV2","NAV2",-0.0332005457128485,1.45210214652256,0.0112398356759894,0.926775587705723,0.993745063938688,-0.0330254145285119
"9951","SLC35B4","SLC35B4",-0.00772141877664484,4.83315245324993,0.00848877888145193,0.926805507179317,0.993745063938688,-0.0330113942492585
"6925","MYO9A","MYO9A",-0.00935994381571572,5.58169311238833,0.00841212727643959,0.92713578023301,0.993745063938688,-0.0328566582096315
"7831","PEX1","PEX1",-0.00776678463783707,5.41931868202756,0.00840337373629434,0.927173593480538,0.993745063938688,-0.0328389458634833
"12845","ZNF75D","ZNF75D",-0.0105759138939578,4.31594074575851,0.00840320254487098,0.927174333185443,0.993745063938688,-0.0328385993807616
"4786","IL13RA1","IL13RA1",-0.0365255856548657,1.35693211696353,0.0131001217817286,0.927234579492002,0.993745063938688,-0.0328103805361218
"9282","RPRD2","RPRD2",-0.00661902061922653,6.46980403257624,0.00834284061152727,0.927435627834898,0.993745063938688,-0.0327162245121424
"6161","MAGEE1","MAGEE1",-0.0144014347851805,2.97477945270682,0.00833333535789704,0.927476860929942,0.993745063938688,-0.0326969165331826
"1156","BTF3L4","BTF3L4",-0.00458283045185752,6.91579855837127,0.00833141837380798,0.927485179539785,0.993745063938688,-0.0326930213307222
"1286","C22orf34","C22orf34",-0.0175784392234143,2.30947749485752,0.0092389806366369,0.927597469028385,0.993779175659512,-0.0326404450151905
"8122","PLRG1","PLRG1",-0.00539209279676228,6.1589797974656,0.00812294778987781,0.928395654004506,0.993779175659512,-0.0322669012258992
"5953","LOC729178","LOC729178",-0.0268390112920313,1.67703989637293,0.0106715637339046,0.928408404565707,0.993779175659512,-0.0322609366780029
"6705","MRPL4","MRPL4",-0.00699523679908674,4.93282171341686,0.0116299310774276,0.928502150922879,0.993779175659512,-0.0322170858575822
"1293","C2CD5","KIAA0528",-0.00845067541253826,5.39814776211892,0.00807314037275927,0.928614920683871,0.993779175659512,-0.0321643425106676
"7800","PDSS2","PDSS2",-0.00898071991494807,4.69881619167834,0.00807169473525273,0.928621294967711,0.993779175659512,-0.0321613613968225
"7244","NLRC3","NLRC3",-0.00644977750928182,6.18700669786332,0.00803766546915848,0.928771507571296,0.993779175659512,-0.0320911161531647
"7291","NOM1","NOM1",-0.00706023625425008,4.23787738956466,0.0080195767227241,0.928851485744236,0.993779175659512,-0.0320537198899539
"4714","IFI27","IFI27",-0.0702936212893516,2.7316495457396,0.00779961557342637,0.929831401954421,0.993779175659512,-0.0315957910575997
"3915","GCSAM","GCET2",-0.0159095546547361,4.92786065118994,0.00768053265752742,0.930367725581887,0.993779175659512,-0.0313453636760051
"8298","PPIP5K2","PPIP5K2",-0.00672081753091336,6.07349736600475,0.00767313541432042,0.930401178925031,0.993779175659512,-0.0313297479783276
"8216","POLR2E","POLR2E",-0.00695136384477909,6.32707329919315,0.00765716899141333,0.930473441020791,0.993779175659512,-0.0312960186457668
"1886","CERS2","CERS2",-0.00545310662374252,5.99337011539328,0.00764266344624607,0.930539157209605,0.993779175659512,-0.0312653469800163
"2684","DHX34","DHX34",-0.0114205034932007,3.33003740465751,0.00759797727775185,0.930742000234,0.993779175659512,-0.0311706878725689
"337","AKR7L","AKR7L",-0.0329152486491793,1.39444880557912,0.0132427423936593,0.930785851717867,0.993779175659512,-0.0311502267685886
"5805","LOC284408","LOC284408",-0.0190889936541972,2.15731594563181,0.0135826285405459,0.93079366789027,0.993779175659512,-0.0311465798434817
"11475","TRAPPC2L","TRAPPC2L",-0.00657623336206594,6.11907939413378,0.00757848359928973,0.930830675762554,0.993779175659512,-0.0311293128639468
"2792","DNAJC4","DNAJC4",-0.00669715546913405,4.84071658549766,0.00747200193404938,0.931317095620449,0.993797060085836,-0.0309024248927306
"3108","ELL","ELL",-0.00930363023510167,4.35634779814095,0.00741802758749727,0.931564990147931,0.993797060085836,-0.0307868413817425
"4389","HCCS","HCCS",-0.00812979609260535,4.12227979464274,0.00737949792121226,0.931742506284286,0.993797060085836,-0.0307040914557657
"6488","MGST3","MGST3",-0.00850893746129972,6.15256800284518,0.00735951715959863,0.931834746668059,0.993797060085836,-0.0306610994202593
"5060","KCNA7","KCNA7",-0.0296596178493058,1.4904855270648,0.0287501753363508,0.931963427182503,0.993797060085836,-0.0306011302259285
"7306","NOSIP","NOSIP",-0.00740465748054809,8.12526777230727,0.00725739994868241,0.932308148919649,0.993797060085836,-0.0304405197742541
"9600","SELENOF","SEP15",-0.00571557394146732,8.37492582334908,0.00720702829560339,0.932542901070937,0.993797060085836,-0.0303311796052812
"526","AP3M1","AP3M1",-0.00656640710702449,5.81332426057161,0.00720237919646748,0.932564609337473,0.993797060085836,-0.03032106996783
"2346","CSNK2B","CSNK2B",-0.00500194218821499,7.13522800397184,0.00716561377726981,0.93273652908648,0.993797060085836,-0.0302410144775959
"8010","PIPOX","PIPOX",-0.0308780752584266,1.44059626644014,0.0186264296624717,0.933080836911147,0.993797060085836,-0.0300807297758332
"3558","FBXO30","FBXO30",-0.0112903792826876,3.62353017266569,0.00704690369520752,0.933294686789959,0.993797060085836,-0.0299812065860457
"7895","PHC1","PHC1",-0.00768864748427251,5.5212014378793,0.0070177065276704,0.933432691646161,0.993797060085836,-0.0299169928735069
"3785","FTO","FTO",-0.00618363643203861,5.95512494603281,0.00701410170411116,0.933449750429798,0.993797060085836,-0.0299090560742367
"3792","FUCA2","FUCA2",-0.00943816807340945,4.40577026165024,0.00698378608727107,0.93359338533816,0.993797060085836,-0.0298422339992262
"12594","ZNF333","ZNF333",-0.00856513918367661,4.25744400668812,0.00696585233410137,0.933678503001409,0.993797060085836,-0.0298026402670887
"6199","MAP10","KIAA1383",-0.0151307155261421,2.84336792772974,0.00692069537449989,0.933893318169417,0.993797060085836,-0.0297027318818273
"11518","TRIM47","TRIM47",-0.0122178093904369,3.37029174234431,0.00691538883392145,0.933918608078044,0.993797060085836,-0.0296909713104219
"4960","ITGAV","ITGAV",-0.010338221695916,3.27519393274564,0.00686879848802953,0.934141069154938,0.993797060085836,-0.0295875339098214
"5796","LOC283481","LOC283481",-0.0295576064557302,1.45815603948045,0.0107155686560237,0.934204128455028,0.993797060085836,-0.0295582178004564
"10438","SPOCK2","SPOCK2",-0.00665002737723384,8.87564084749092,0.00684004860892192,0.934278724199558,0.993797060085836,-0.0295235409821018
"4439","HECTD4","C12orf51",-0.00719832881009752,4.7451134631892,0.00678452201192029,0.934545413838139,0.993797060085836,-0.0293995894161464
"956","BAK1","BAK1",-0.00830148147715548,5.66648716370992,0.00676836003260016,0.934623244775233,0.993797060085836,-0.0293634219506102
"5486","LMBRD2","LMBRD2",-0.00947425123481286,4.51067978734894,0.00675433632751005,0.934690854311996,0.993797060085836,-0.0293320067392584
"2608","DECR2","DECR2",-0.0137425954699094,2.56555147176171,0.00997048535848911,0.934769263750389,0.993797060085836,-0.0292955761290363
"736","ASB14","ASB14",-0.0173500309413871,2.25270937480044,0.0171268379292886,0.93502914895993,0.993797060085836,-0.0291748500524804
"7659","PARP1","PARP1",-0.00614177803860111,7.27699152992593,0.00663194444478498,0.935283942085692,0.993797060085836,-0.0290565220038134
"1915","CFLAR-AS1","CFLAR-AS1",-0.0268624550887328,1.54778884197716,0.0168136875302526,0.935483974808017,0.993797060085836,-0.028963647727905
"6239","MAP7D3","MAP7D3",-0.00663643555937377,4.63188505021781,0.00658963646570787,0.935490238175515,0.993797060085836,-0.0289607399957477
"6067","LRSAM1","LRSAM1",-0.00788060080760754,4.0094670631457,0.00656360637157728,0.935617493771462,0.993797060085836,-0.0289016665364775
"11954","USP40","USP40",-0.00971893540522013,4.13443877750572,0.00653768190832855,0.935744485679222,0.993797060085836,-0.0288427234934141
"11496","TRIM17","TRIM17",-0.030107071190367,1.46211620133606,0.0147221861598424,0.935750366457158,0.993797060085836,-0.0288399941357522
"9223","RPL21P44","RPL21P44",-0.0143348353908216,2.80213546534005,0.00902509172755957,0.935860136085548,0.993797060085836,-0.0287890515449937
"12291","ZBP1","ZBP1",-0.00744911892817258,5.14599880833859,0.00644999614348046,0.936175906759998,0.993797060085836,-0.0286425399825853
"8530","PSMB6","PSMB6",-0.00629039800638157,6.63111186295743,0.00638546316685453,0.936495302872958,0.993797060085836,-0.0284943965497915
"150","ACTL6A","ACTL6A",-0.00783867628677725,5.85493070695796,0.00637175581090999,0.936563354200054,0.993797060085836,-0.028462839272345
"5024","JUNB","JUNB",-0.0107107801749529,11.2791210806703,0.0063503603337733,0.936669721260738,0.993797060085836,-0.0284135185250597
"3587","FCER1G","FCER1G",-0.0174785138693654,2.80041014791771,0.0062542336209482,0.937149853032641,0.993797060085836,-0.0281909585875415
"1716","CDC123","CDC123",-0.00498281277627488,6.87644030814659,0.00623560011289561,0.937243351961494,0.993797060085836,-0.0281476314256736
"3809","FXR2","FXR2",-0.0153077701293238,2.73857592691413,0.0114469444905718,0.937252832067697,0.993797060085836,-0.0281432386103169
"12200","WWC1","WWC1",-0.0206241437612638,1.94758167106777,0.00990904024970861,0.937343269912522,0.993797060085836,-0.0281013344828605
"7879","PGLS","PGLS",-0.00626228901359991,5.11739247589098,0.00615963683663241,0.937625981879751,0.993797060085836,-0.0279703667369642
"7301","NOP53","GLTSCR2",-0.00927655417969053,8.82259922488317,0.00613942721659994,0.937728177770441,0.993797060085836,-0.0279230336919335
"4330","H2BC5","HIST1H2BD",-0.00948927831788072,3.4954498415026,0.0060292342030742,0.938288402941365,0.993797060085836,-0.0276636514347728
"854","ATP5PO","ATP5O",-0.00307747562903769,7.90196724441308,0.0060003533023886,0.938436084560468,0.993797060085836,-0.0275953011651253
"5769","LOC151475","LOC151475",-0.0188893000011209,1.97930706396601,0.0157308167823406,0.938630351787195,0.993797060085836,-0.0275054064408368
"2056","CLIC4","CLIC4",-0.0258203893791828,1.71589723523419,0.00591610230769417,0.938868954475241,0.993797060085836,-0.0273950214931587
"621","ARHGAP27P1","LOC146880",-0.00881531616626867,3.4295780288779,0.0059056349339284,0.938922950366911,0.993797060085836,-0.0273700452242296
"318","AKAP13","AKAP13",-0.00357186601103777,8.54021774902943,0.00589208865028776,0.938992900309031,0.993797060085836,-0.0273376914061656
"1571","CCDC78","CCDC78",-0.0274378874565254,1.46499653127506,0.0125638815256781,0.939168781437625,0.993797060085836,-0.0272563520789023
"11223","TMEM220","TMEM220",-0.0132649253853232,3.15845533373601,0.00584370768832023,0.939243391337495,0.993797060085836,-0.0272218520173121
"5388","LGALS17A","LGALS17A",-0.0267622503959119,1.47701739448915,0.00767207779383203,0.939495014808576,0.993797060085836,-0.0271055200305879
"1393","CALY","CALY",-0.0323470991733453,1.37634422340153,0.0109621361965609,0.939765172867228,0.993797060085836,-0.0269806537074552
"12569","ZNF282","ZNF282",-0.00857874647022657,3.12524216018266,0.00572908393428796,0.939841048106931,0.993797060085836,-0.0269455908335762
"9694","SF3B4","SF3B4",-0.00393368707508702,6.14945535561713,0.0056278674568177,0.940373817546145,0.993797060085836,-0.0266994712671408
"1394","CAMK1","CAMK1",-0.0141122565482417,2.38396444951625,0.00684564969896414,0.94037808148397,0.993797060085836,-0.0266975020497554
"10701","SURF6","SURF6",-0.00654809455011691,4.27712227371026,0.00562118741561799,0.940409147871233,0.993797060085836,-0.0266831549079292
"7477","NXT2","NXT2",-0.0072663877167499,4.99310094444479,0.00560136966725043,0.940514087124452,0.993797060085836,-0.0266346951539026
"12532","ZNF23","ZNF23",-0.00768521288540248,4.54797955917473,0.00559667904519419,0.940538952290723,0.993797060085836,-0.026623213495196
"12377","ZDHHC21","ZDHHC21",-0.00848839624039477,4.36245659050815,0.00556642785671547,0.94069956733817,0.993797060085836,-0.0265490557227942
"10647","STX18","STX18",-0.00585336769390194,4.86039309720444,0.00553260602876098,0.940879660806103,0.993814675104835,-0.026465919601371
"11627","TSTD1","TSTD1",-0.00596992974409084,6.75659335257675,0.0054702466572409,0.941213167351571,0.993824135165253,-0.0263120057755233
"9876","SLC25A12","SLC25A12",-0.00654986722729033,4.65778886554725,0.00546323270003125,0.941250798293598,0.993824135165253,-0.0262946424572644
"7285","NOL4L","C20orf112",-0.00577066031900536,6.82207684437828,0.00545381601741078,0.941301358437883,0.993824135165253,-0.0262713145599798
"1591","CCL28","CCL28",-0.00886918717089636,3.47142523338429,0.00899533455714589,0.941604149072396,0.993824135165253,-0.0261316364907935
"5925","LOC647012","LOC647012",-0.0193017486357293,1.8514769241364,0.0149238798321319,0.941628192828854,0.993824135165253,-0.0261205469714366
"46","ABCF2","ABCF2",-0.00691017237135614,5.50643362281458,0.00538159792567192,0.941690580631902,0.993824135165253,-0.0260917736389627
"6191","MAN2B2","MAN2B2",-0.00642591266489632,6.09422709095338,0.0053660295375427,0.941774830460298,0.993824135165253,-0.0260529205383082
"6553","MIR7-1","MIR7-1",-0.0204902553278018,1.77514867742624,0.0143529912464797,0.941847266356512,0.993824135165253,-0.0260195183924256
"2839","DPAGT1","DPAGT1",-0.00787856081488814,4.61724393214169,0.00534579609724854,0.941884509508733,0.993824135165253,-0.0260023455701505
"10421","SPHAR","SPHAR",-0.0178697405902206,1.96368598060384,0.0101171798675403,0.942121477002344,0.993987034515237,-0.025893095731089
"12802","ZNF680","ZNF680",-0.00857896165008181,4.44995584354183,0.00528925084682971,0.942192134697747,0.993987034515237,-0.025860525518741
"1381","CAD","CAD",-0.00768675750659909,5.11837059833231,0.00525851497999097,0.942360041852429,0.994083332489149,-0.0257831372120113
"4689","ICOS","ICOS",-0.00889680341726458,7.67965906070749,0.00519662796813432,0.942699628121235,0.994099445776551,-0.0256266642402355
"9621","SEMA6A","SEMA6A",-0.0121459441563635,2.51713338664254,0.00741491635314574,0.943154153157005,0.994099445776551,-0.025417318509719
"5602","LOC100272216","LOC100272216",-0.0124886795176454,4.38852971649451,0.00510282757851178,0.943218228479424,0.994099445776551,-0.0253878147285632
"2804","DND1","DND1",-0.0104080340800576,3.06365261711216,0.00505274402181238,0.943497091475811,0.994312572519553,-0.0252594342992117
"7604","PABPN1","PABPN1",-0.020065714529041,1.7434419315012,0.0136644455611584,0.943614297327179,0.994355314696246,-0.0252054874523396
"52","ABHD11","ABHD11",-0.00822484235570036,3.37705324942183,0.00576013982711878,0.943757085158548,0.99442500534128,-0.0251397749296847
"12478","ZNF131","ZNF131",-0.00418198665003085,6.00388978889137,0.00493716843397276,0.944145960949823,0.994549759185196,-0.0249608604318951
"22","ABCA10","ABCA10",-0.0202583783686368,1.84824679362718,0.00581313580902474,0.944258797801901,0.994549759185196,-0.0249089600942751
"6376","MED11","MED11",-0.0090866208083599,3.67087600272113,0.00488189134488636,0.944458997815358,0.994679865128969,-0.0248168915368136
"10797","TANGO6","TMCO7",-0.00571682736590139,4.95151281446993,0.00485823001728422,0.944593537208067,0.994705929905083,-0.0247550301381837
"4065","GNPTG","GNPTG",-0.0043025785914718,5.44451620443615,0.00483625090196043,0.944718806735021,0.994711231212842,-0.0246974389573916
"1541","CCDC183","KIAA1984",-0.0210555317952007,1.70910534525013,0.0118682505583621,0.945178321728791,0.994745375022664,-0.0244862477480151
"2189","COPB1","COPB1",-0.00478508560360844,7.369100012546,0.00474925517179008,0.945217466237055,0.994745375022664,-0.0244682618383485
"6154","MAFB","MAFB",-0.0224689198567405,1.63041948781802,0.00477485446530435,0.9453627347028,0.994745375022664,-0.024401521169891
"4327","H2BC21","HIST2H2BE",-0.00977864156901452,4.25102469389459,0.00471899238635028,0.945392006943741,0.994745375022664,-0.0243880738703183
"5379","LEO1","LEO1",-0.0052850000327874,4.89156266130075,0.00470111069390113,0.945495404042905,0.994745375022664,-0.0243405778751621
"10713","SVBP","CCDC23",-0.0109116961218604,4.65725104504339,0.0278133624611209,0.946072702060087,0.994745375022664,-0.0240754884498846
"963","BAZ1A","BAZ1A",-0.0058357377459209,7.38758896763287,0.00458960654205275,0.946144659841813,0.994745375022664,-0.024042457500927
"2593","DDX49","DDX49",-0.00538899310628845,4.87294196559094,0.00455030819398762,0.94637536768951,0.994745375022664,-0.0239365720738509
"10409","SPDYE3","SPDYE3",-0.0162163421939578,2.01961304758835,0.0138231248180559,0.946412111428136,0.994745375022664,-0.0239197105898141
"4344","H4C11","HIST1H4J",-0.0258204733678003,1.42696733147027,0.0158036650393444,0.946421766161217,0.994745375022664,-0.0239152801985888
"92","ACAD11","ACAD11",-0.0109351920317249,2.76408618368501,0.0105661858053128,0.946428605513655,0.994745375022664,-0.0239121417645444
"8697","RAB11FIP4","RAB11FIP4",-0.00465808391036896,5.59666932221947,0.0045406526066152,0.946432205505517,0.994745375022664,-0.0239104898136018
"11167","TMEM14A","TMEM14A",-0.00758046116112442,4.44949298518593,0.00449404507146707,0.946707419470278,0.994745375022664,-0.0237842192464407
"5831","LOC338739","LOC338739",-0.0190110378430948,1.7440285892939,0.0150934775780432,0.947055380293888,0.994745375022664,-0.0236246243200521
"10734","SYNE4","C19orf46",-0.0254344980767605,1.45190922835394,0.010861356752989,0.947562051823866,0.994745375022664,-0.0233923403231644
"2020","CKAP2","CKAP2",-0.00554551200693506,5.75225531639684,0.00433986555896482,0.947628205034824,0.994745375022664,-0.0233620214943427
"12850","ZNF765","ZNF765",-0.00709393349198295,4.25283433894047,0.00430412142778877,0.947844009899581,0.994745375022664,-0.0232631301873659
"2796","DNAJC8","DNAJC8",-0.00336144269800176,7.17059516365647,0.0042517560927388,0.948161796755499,0.994745375022664,-0.0231175472163067
"11408","TP53INP2","TP53INP2",-0.0185438653725629,2.88933106537219,0.00422722006595239,0.948311373375686,0.994745375022664,-0.023049040788769
"1282","C21orf62","C21orf62",-0.0116456582963857,2.5572030182745,0.0111995287962893,0.948401109893049,0.994745375022664,-0.0230079464482311
"2799","DNAL1","DNAL1",-0.00811672962271792,3.35411807897489,0.00420999539007964,0.948416639111808,0.994745375022664,-0.0230008353232755
"11753","UBA1","UBA1",-0.005247260863674,7.53715302060626,0.00420015473565926,0.948476875714533,0.994745375022664,-0.0229732529376786
"10984","TGIF1","TGIF1",-0.00547437185782954,6.28537331864951,0.00419825446241188,0.948488515825489,0.994745375022664,-0.022967923124094
"1712","CD96","CD96",-0.00373766821039351,8.66477111700635,0.00418424301438784,0.948574424651202,0.994745375022664,-0.0229285889215398
"3599","FCRL1","FCRL1",-0.0255182721177213,1.43969001651522,0.00409965862527101,0.949096136357125,0.994745375022664,-0.0226897945539708
"5436","LINC00339","LINC00339",-0.00954467122240179,4.00224403195143,0.0040994945661772,0.949097153489015,0.994745375022664,-0.022689329127431
"2321","CRYBG2","AIM1L",-0.0101785009375194,2.58992359765245,0.00403113220289891,0.949522779237494,0.994745375022664,-0.0224946119922842
"4402","HCN3","HCN3",-0.0244811183824214,1.48823673490304,0.0074297603394189,0.949538902641256,0.994745375022664,-0.0224872375027135
"10451","SPRY1","SPRY1",-0.0167138416115617,2.04242675852072,0.00402257321949888,0.949576322128045,0.994745375022664,-0.0224701231365936
"8092","PLEKHG4B","PLEKHG4B",-0.0169756020687607,1.87763908902517,0.0114969608468559,0.949608089518808,0.994745375022664,-0.0224555943710567
"540","APBA2","APBA2",-0.00707847599581119,5.22069662032397,0.0039794729404565,0.949846820245303,0.994745375022664,-0.0223464268017811
"3455","FAM238A","LINC00264",-0.016079436465596,1.91888260931295,0.00554189053264886,0.950051118220959,0.994745375022664,-0.0222530265384964
"6541","MIR3936HG","LOC553103",-0.0290912212541653,1.40821424814472,0.0100590528565786,0.950075315459486,0.994745375022664,-0.0222419654564717
"7942","PI4KAP2","PI4KAP2",-0.0139904729570487,2.18656261127596,0.00707701228688709,0.950079797741274,0.994745375022664,-0.0222399165392723
"822","ATP1A1","ATP1A1",-0.0044141885304358,8.06020552097609,0.00391862601476294,0.950231212929915,0.994745375022664,-0.0221707080984716
"12748","ZNF589","ZNF589",-0.00686875212275765,3.96099194838628,0.00391557942000656,0.950250537897163,0.994745375022664,-0.0221618758888118
"10705","SUSD5","SUSD5",-0.020787630042351,1.5865994640725,0.00673252376546534,0.950409425157124,0.994745375022664,-0.022089265467434
"10325","SNX25","SNX25",-0.00867276246974672,2.99723153037056,0.00387458235687264,0.950511325774334,0.994745375022664,-0.0220427039516239
"10903","TCN2","TCN2",-0.0182541076314295,1.71708923782202,0.00497186582630144,0.950594150435753,0.994745375022664,-0.0220048625021168
"11354","TNNC2","TNNC2",-0.0238262846728134,1.38868587404124,0.0095865426046465,0.95073828084278,0.994745375022664,-0.0219390191603251
"9507","SCARNA10","SCARNA10",-0.0167630578959007,1.81567892102132,0.00686746983516299,0.950772615713466,0.994745375022664,-0.0219233353744428
"2789","DNAJC27-AS1","DNAJC27-AS1",-0.0144047746283232,2.06231543866746,0.00903965216551521,0.950869773617868,0.994745375022664,-0.0218789577963782
"2193","COPG2","COPG2",-0.0126863051022639,2.26810528043949,0.00463480610254081,0.951168268525058,0.994745375022664,-0.0217426464406001
"9087","RMI2","RMI2",-0.0170811979818179,1.83570729538118,0.00381589332693822,0.951189986948395,0.994745375022664,-0.0217327301260634
"4969","ITIH4","ITIH4",-0.00848677045587727,3.03828621990519,0.00372830459932891,0.951453293730126,0.994745375022664,-0.0216125261085845
"10772","TAF1B","TAF1B",-0.00617612956897302,5.21376529457392,0.00372134519037553,0.95149856766679,0.994745375022664,-0.0215918611393122
"3533","FBXL13","FBXL13",-0.0152059048581248,1.92528081490417,0.00895103043340502,0.951703060365278,0.994745375022664,-0.0214985341375103
"7239","NLE1","NLE1",-0.00744192530546097,3.57287308329745,0.00367408964132485,0.951807115794397,0.994745375022664,-0.0214510527010675
"1880","CEP89","CEP89",-0.00897599967577155,2.93581600999654,0.00366643568063802,0.951857278214793,0.994745375022664,-0.021428164987823
"5788","LOC256880","LOC256880",-0.0219811849672964,1.4461651077692,0.00628803826976822,0.951957395091604,0.994745375022664,-0.0213824880553003
"3549","FBXO11","FBXO11",-0.00636806314216624,6.33428084227732,0.00361528376134106,0.952193874931021,0.994745375022664,-0.0212746164891228
"5307","L3MBTL2","L3MBTL2",-0.00540291762642113,4.95000123093141,0.00359076201255964,0.952356083614214,0.994745375022664,-0.0212006396045766
"6808","MTERF4","MTERFD2",-0.00399761262268668,6.7196816093396,0.00358919148366478,0.952366491404233,0.994745375022664,-0.0211958934585145
"8142","PMM2","PMM2",-0.00409393576679506,4.85511541580675,0.00356896152952559,0.952500758823692,0.994745375022664,-0.02113466966514
"10206","SNORA72","SNORA72",-0.0122828631283197,2.28610427713308,0.00682138260128779,0.952549850302624,0.994745375022664,-0.0211122868913584
"8496","PRSS21","PRSS21",-0.0186241742590724,1.75181940090694,0.00355966777030597,0.952562570074817,0.994745375022664,-0.0211064876253249
"12710","ZNF548","ZNF548",-0.00517517876406135,5.45904661278986,0.00354576762496622,0.952655168966818,0.994745375022664,-0.0210642717808744
"1092","BOLA3","BOLA3",-0.00516786883852745,4.58366862735456,0.00353763457003432,0.952709433595375,0.994745375022664,-0.0210395344379853
"7803","PDXK","PDXK",-0.00727037587982233,4.44760596486737,0.00352218464426737,0.952812689873305,0.994745375022664,-0.0209924674097742
"11938","USP27X","USP27X",-0.0215254884204833,1.46159487361051,0.00711828060218341,0.952818457182273,0.994745375022664,-0.0209898386634253
"3283","ETFDH","ETFDH",-0.0072685158757996,3.6770131956809,0.00351102955836266,0.95288738386244,0.994745375022664,-0.0209584230312531
"6452","MFN2","MFN2",-0.00391176157216636,5.28740828347528,0.00350829104222359,0.952905739049716,0.994745375022664,-0.0209500574259283
"12695","ZNF519","ZNF519",-0.0073472493454293,3.53096138739965,0.00347479993534304,0.953130800922437,0.994745375022664,-0.0208474957721363
"1431","CARD16","CARD16",-0.00426256518677822,5.79226825346176,0.00346243695465762,0.953214155635894,0.994745375022664,-0.0208095168198028
"7329","NPR2","NPR2",-0.0154622656799026,1.88426250049173,0.00463120753492793,0.95329271100984,0.994745375022664,-0.0207737276327351
"370","ALG5","ALG5",-0.00375453093372068,6.16086143004462,0.00343888989776453,0.95337333067829,0.994745375022664,-0.0207370010362615
"11859","UFSP2","UFSP2",-0.00531589661525664,5.1373394453361,0.00342792227107233,0.953447657063406,0.994745375022664,-0.0207031441203378
"6130","LYSMD3","LYSMD3",-0.00597750643195178,5.2545905319495,0.00342246477444612,0.953484686368011,0.994745375022664,-0.0206862776355713
"3325","EXOSC4","EXOSC4",-0.0092759239258965,2.70745855382773,0.00400910993566034,0.953706324578135,0.994828507252907,-0.0205853372981672
"12128","WDR33","WDR33",-0.00359629230132408,7.25485934936174,0.00336190462383372,0.953897594456641,0.994828507252907,-0.020498246417048
"4785","IL12RB2","IL12RB2",-0.0138679544053722,3.39325850874263,0.00334733564278255,0.953997483502732,0.994828507252907,-0.0204527708958195
"12616","ZNF383","ZNF383",-0.0055886821696144,4.30297602766757,0.0032971107388727,0.954343522498048,0.994828507252907,-0.0202952698754427
"2620","DENND1C","DENND1C",-0.00414957612159301,6.83038254774914,0.00328601102249608,0.954420353243598,0.994828507252907,-0.0202603078046753
"597","ARFGAP2","ARFGAP2",-0.00349163858041486,6.41826545499557,0.0032183925773816,0.954891238312856,0.994828507252907,-0.0200460915476327
"232","ADPRH","ADPRH",-0.0107908540047237,2.38676637009086,0.00329432733464013,0.954931291978683,0.994828507252907,-0.0200278751052405
"12142","WDR5","WDR5",-0.00493801382470861,4.65021832017149,0.00318255345778386,0.955142829786583,0.994828507252907,-0.0199316801963479
"12624","ZNF404","ZNF404",-0.0224514363026739,1.6106454142491,0.00315726529189168,0.955321209496828,0.994828507252907,-0.0198505801887322
"12039","VPS13A","VPS13A",-0.00518685074018077,6.34806900358358,0.00314067913113054,0.955438595715408,0.994828507252907,-0.0197972190211943
"4841","INCA1","INCA1",-0.0138727664893544,1.94212414837452,0.00927936433068526,0.955582353012624,0.994828507252907,-0.0197318790770419
"2181","COMMD6","COMMD6",-0.00332885351936648,7.99400801748532,0.00311199439441087,0.955642344199162,0.994828507252907,-0.019704615049612
"12439","ZGRF1","C4orf21",-0.0100652848799399,3.31833993476119,0.00307431229468436,0.955911438145681,0.994828507252907,-0.0195823417262686
"6905","MYLIP","MYLIP",-0.00712649145897133,6.65209266886243,0.00306765397519713,0.955959157920855,0.994828507252907,-0.019560661979655
"12068","VPS72","VPS72",-0.00558330778831889,5.19027937258553,0.00306036303724795,0.95601147125959,0.994828507252907,-0.0195368965577374
"5825","LOC286190","LOC286190",-0.0105612130176573,2.49861300229929,0.00463146245366774,0.956275820965472,0.994828507252907,-0.0194168250394511
"2955","E4F1","E4F1",-0.00457114297192009,4.53341927643681,0.0030206592203964,0.956297454368707,0.994828507252907,-0.0194070002993786
"2186","COMTD1","COMTD1",-0.00618391909201549,4.13056876924165,0.0030199026381552,0.956302922211528,0.994828507252907,-0.0194045171314422
"1698","CD72","CD72",-0.0161584200565004,1.71096206395005,0.00430913096244385,0.956338276009493,0.994828507252907,-0.0193884618886853
"10624","STON2","STON2",-0.0207086502852178,1.43274081175491,0.00696097897079829,0.956358293587922,0.994828507252907,-0.0193793715562284
"8537","PSMC3IP","PSMC3IP",-0.0270707618615028,1.43251043603259,0.00825121985150456,0.956512155712877,0.994828507252907,-0.0193095064255183
"7143","NEK9","NEK9",-0.00419233736267752,6.58897367176787,0.00295887745473652,0.956746238616194,0.994828507252907,-0.0192032364997969
"6870","MUL1","MUL1",-0.00511073220900191,5.38578004970244,0.00295468583252036,0.956776856137648,0.994828507252907,-0.0191893385534855
"11719","TXLNA","TXLNA",-0.00564116427047639,5.7863804388541,0.00295248009939177,0.956792976566293,0.994828507252907,-0.0191820213256665
"1545","CCDC22","CCDC22",-0.00561592277010233,4.80015553781128,0.00292048768558162,0.957027473283165,0.99499257981267,-0.0190755947999395
"8230","POLR3C","POLR3C",-0.00354274102306004,5.724304402195,0.00290926302330072,0.957110052392175,0.994992641260829,-0.0190381224126063
"4141","GPR155","GPR155",-0.00503925174299889,6.26342590747187,0.00288107155051305,0.957318162538291,0.994992641260829,-0.0189437014385132
"759","ASPRV1","ASPRV1",-0.0195829822527535,1.53850498675563,0.0046166277245552,0.957492574002811,0.995008986033209,-0.0188645855913065
"11072","TK2","TK2",-0.00559405522382769,3.91611331745136,0.00285354395180727,0.957522359642337,0.995008986033209,-0.0188510757865942
"5865","LOC400685","LOC400685",-0.0100766506187313,2.35105199169636,0.00328716192772978,0.957760026535153,0.995008986033209,-0.0187432928075873
"10395","SPATA41","FLJ42289",-0.0210432329872701,1.57096164223231,0.00490804816966469,0.957775098807123,0.995008986033209,-0.0187364583679993
"4095","GOT1","GOT1",-0.00472667785139524,4.10597035852157,0.00279269740354309,0.957977247557317,0.995008986033209,-0.0186448055119032
"7623","PAIP2B","PAIP2B",-0.00850049026783049,3.32228727468398,0.00274733597995922,0.958319611210288,0.995008986033209,-0.0184896242870408
"757","ASPM","ASPM",-0.0114518074413349,2.92525146149494,0.00273604745737232,0.958405250443737,0.995008986033209,-0.0184508157472339
"6551","MIR573","MIR573",-0.01579726430685,1.65984477250225,0.00369634781212065,0.958407458786621,0.995008986033209,-0.0184498150536097
"6387","MED21","MED21",-0.00526443233008198,5.43818279779985,0.00267294666475347,0.958887255811379,0.995008986033209,-0.0182324533688888
"10954","TEX2","TEX2",-0.0062520830105624,3.65042513081666,0.00266594364618062,0.958941099584451,0.995008986033209,-0.0182080673976728
"12578","ZNF30","ZNF30",-0.00807390677882299,3.34769956415325,0.00265343989698002,0.959037413193497,0.995008986033209,-0.0181644501530606
"5305","L3HYPDH","C14orf149",-0.00754302472068996,3.70042668077579,0.00262509814409265,0.959256569356586,0.995054812358634,-0.0180652179044227
"1255","C1orf131","C1orf131",-0.0040354809184115,4.81805960219499,0.00261011059025675,0.959372942080805,0.995054812358634,-0.0180125344324621
"4420","HDGFL3","HDGFRP3",-0.0146799129598799,2.78662653536797,0.00252600726050061,0.960032280172892,0.995323879308654,-0.0177141639757754
"1306","C2orf91","C2orf91",-0.0154367648418817,1.63592268851804,0.00797497368170706,0.960187199977479,0.995323879308654,-0.0176440878025975
"5946","LOC728730","LOC728730",-0.0087692626557633,2.60465954448903,0.0055823610633859,0.96034923313386,0.995323879308654,-0.0175708060833282
"6667","MRI1","MRI1",-0.00444683500440429,5.41195789894882,0.00245040376125798,0.960634439963772,0.995323879308654,-0.0174418474096275
"4064","GNPTAB","GNPTAB",-0.00403074655350029,5.5395668393704,0.00244580633329901,0.960671355500894,0.995323879308654,-0.0174251585367697
"11004","THBS4","THBS4",-0.00925770628140739,2.27917008714039,0.00360755551712826,0.960721931450163,0.995323879308654,-0.0174022950700982
"3801","FUT2","FUT2",-0.0100559790780386,2.2488130491001,0.00641758021235284,0.961006090212657,0.995538769330736,-0.0172738600553154
"9660","SERPINF1","SERPINF1",-0.0175103183305155,1.46843944478177,0.00386453845389192,0.961741856938911,0.995610874673149,-0.0169414821737006
"4049","GNG2","GNG2",-0.00301540664281903,7.83909175434815,0.00230451741304022,0.961823308809177,0.995610874673149,-0.0169047024498333
"10449","SPRN","SPRN",-0.0151304234289361,1.61977712111908,0.00372147552458494,0.96190330033422,0.995610874673149,-0.016868585178512
"8053","PLB1","PLB1",-0.0164341291976715,1.50776839783554,0.00525835395247164,0.962059087444849,0.995610874673149,-0.0167982537800654
"4192","GRHPR","GRHPR",-0.00479200840216865,5.54509925030657,0.00225953054829622,0.962197485410734,0.995610874673149,-0.0167357824092078
"108","ACBD6","ACBD6",-0.00309094111946542,5.7889104012583,0.00223685254936537,0.96238752435471,0.995610874673149,-0.0166500154884792
"6777","MSMO1","MSMO1",-0.00428262321698079,5.46829889441926,0.00221207655029973,0.962596251282109,0.995610874673149,-0.01655583396415
"8591","PTGES3","PTGES3",-0.00373488823248426,8.77127965984222,0.00217836295901177,0.962882164352106,0.995610874673149,-0.0164268577382852
"11196","TMEM182","TMEM182",-0.00919760639925485,2.67716452264561,0.00217038633228371,0.962950135034523,0.995610874673149,-0.0163962015982602
"10331","SNX32","SNX32",-0.0191936353166325,1.38941495149577,0.00328533229666504,0.962994315532157,0.995610874673149,-0.0163762764687191
"1826","CEMIP","KIAA1199",-0.0105630226547151,2.19304040391733,0.0037580896731213,0.963145142207776,0.995624387839245,-0.0163082614630393
"4952","ITGA2","ITGA2",-0.0103648978011339,2.141012645568,0.00269581084200879,0.963160877775574,0.995624387839245,-0.0163011661519169
"12713","ZNF551","ZNF551",-0.00426260232375058,5.11437907430586,0.00209487984282856,0.963599848370867,0.995681821782721,-0.0161032770129437
"4893","IPO13","IPO13",-0.00575763134905774,3.98987567803215,0.00208002368106304,0.963729055817347,0.995681821782721,-0.0160450471166464
"10169","SNORA10","SNORA10",-0.0180617985169569,1.57743209005353,0.00375149614681832,0.963765715307995,0.995681821782721,-0.0160285272124284
"10458","SPTAN1","SPTAN1",-0.00276391424128801,7.36488974108317,0.00206191945113841,0.963887139158732,0.995681821782721,-0.0159738143440878
"3378","FAM114A2","FAM114A2",-0.00482376191887853,4.40442904685525,0.00205514605381437,0.963946462092512,0.995681821782721,-0.0159470862874939
"2464","CYP2F1","CYP2F1",-0.0154776342301722,1.49186395133713,0.00553768111227839,0.964370316330408,0.995681821782721,-0.0157561658311933
"7743","PDAP1","PDAP1",-0.00282458457638939,6.06107728685238,0.00199901716022149,0.964441870082523,0.995681821782721,-0.0157239435132963
"8085","PLEKHB2","PLEKHB2",-0.00304560519762927,6.82119175878975,0.00199195887343439,0.964504659082974,0.995681821782721,-0.0156956701360745
"9924","SLC2A1","SLC2A1",-0.0033324484280279,5.87027848849492,0.00198248530814056,0.96458910935161,0.995681821782721,-0.0156576457680657
"8282","PPFIBP2","PPFIBP2",-0.0113307385492678,3.27136832461093,0.00196543173504362,0.96474164128693,0.995681821782721,-0.0155889755538583
"2265","CPSF4","CPSF4",-0.00545906221074537,3.83678230309683,0.00196404655928225,0.964754059750188,0.995681821782721,-0.0155833852122333
"957","BANF1","BANF1",-0.00461317708391748,5.64787275883743,0.00196029817152739,0.964787687047386,0.995681821782721,-0.0155682477842503
"10551","ST7","ST7",-0.00720957705904471,2.8366476619557,0.00301220850027308,0.96508109078172,0.995681821782721,-0.0154361935998038
"3128","ELP3","ELP3",-0.00423819885072743,5.62467120565369,0.00190444046021877,0.965292664460324,0.995681821782721,-0.0153409941274194
"8742","RAB5IF","C20orf24",-0.00477786691360392,3.83813855503928,0.00188652283140848,0.965456215228136,0.995681821782721,-0.0152674172921419
"7737","PCSK7","PCSK7",-0.00277013126731366,7.18242091154579,0.00186844396394242,0.965622028394064,0.995681821782721,-0.0151928353911709
"3312","EXOC3-AS1","C5orf55",-0.00793717418348681,2.73494206279214,0.00338465707815273,0.965704666945377,0.995681821782721,-0.0151556697817105
"41","ABCD2","ABCD2",-0.00551236999725407,5.46331587856469,0.0018188946174435,0.966080643385027,0.995681821782721,-0.0149866194278705
"3954","GGT1","GGT1",-0.00559469841912332,3.60755956129929,0.00181811827120998,0.966087878502203,0.995681821782721,-0.0149833669460812
"5293","KRTCAP2","KRTCAP2",-0.00274266550502303,6.99637042800525,0.0018026699681382,0.966232171257306,0.995700377404603,-0.0149185065235607
"4189","GREB1","GREB1",-0.0138290948126307,1.55290623166106,0.00520117562461622,0.966462550976478,0.995700377404603,-0.0148149695913158
"7347","NR4A2","NR4A2",-0.0136821685129071,7.44200632622736,0.00174506689331414,0.966775742707266,0.995700377404603,-0.0146742549757477
"6198","MANSC1","MANSC1",-0.0150014882588972,1.4778231703802,0.00376622853831614,0.96687152298487,0.995700377404603,-0.0146312307418961
"8121","PLPPR2","LPPR2",-0.00920538428680388,2.15605056294389,0.00297753702077251,0.966906531844071,0.995700377404603,-0.0146155059234947
"12524","ZNF22","ZNF22",-0.00237720702056503,6.33015733776999,0.00172959551533368,0.966923263804582,0.995700377404603,-0.0146079906828694
"12677","ZNF493","ZNF493",-0.00585240820865949,4.09378336450176,0.00168963280139275,0.967307399623201,0.995700377404603,-0.014435489986158
"10433","SPIRE1","SPIRE1",-0.0144922349146289,1.56119877300348,0.00320772609286119,0.967387291681632,0.995700377404603,-0.0143996221251457
"3807","FXN","FXN",-0.00303235157435115,5.068404392028,0.00166394234213552,0.967556752684325,0.995700377404603,-0.0143235517304804
"295","AHSA1","AHSA1",-0.00385611947693911,5.77140562831029,0.00164794424381943,0.967713006326009,0.995700377404603,-0.0142534218747408
"11679","TTYH3","TTYH3",-0.0103858487970803,1.88094951907666,0.00282087860623386,0.967939568973814,0.995700377404603,-0.0141517559978661
"189","ADAMTSL4","ADAMTSL4",-0.014134941703674,1.84524763353615,0.00293932214527448,0.96804506444165,0.995700377404603,-0.0141044249407887
"7080","NDUFA8","NDUFA8",-0.0030939560159265,4.73730640509272,0.00158279289160786,0.968357326731877,0.995700377404603,-0.0139643571621643
"4238","GSTTP2","GSTTP2",-0.0110049823918249,1.78653905429353,0.00486431868971933,0.968445847895965,0.995700377404603,-0.013924658494147
"5730","LOC100507424","LOC100507424",-0.00844284045299635,2.21052363450582,0.00447711878303806,0.96848598471221,0.995700377404603,-0.0139066597215261
"6237","MAP7","MAP7",-0.0123981875108671,1.69181636143264,0.00201596403793096,0.968532228216153,0.995700377404603,-0.013885923418216
"10297","SNRPC","SNRPC",-0.00201199186162502,6.70174042419381,0.00153111061761353,0.96887795051315,0.995700377404603,-0.0137309275488863
"4474","HHLA2","HHLA2",-0.012057813279529,1.62697711067919,0.00300336615756864,0.969012533179255,0.995722740034413,-0.0136706057610093
"8547","PSMD2","PSMD2",-0.00256610005815803,7.24356442834445,0.00147574169053742,0.969445573844461,0.99593106030125,-0.0134765678565678
"9937","SLC30A6","SLC30A6",-0.00391069563599766,4.77694313068302,0.00140608202802151,0.970175073178249,0.996106740485785,-0.0131498879455849
"10248","SNORD44","SNORD44",-0.0101962995085924,1.89105936727196,0.00508744875748287,0.97029767641788,0.996106740485785,-0.0130950086276282
"4426","HEATR1","HEATR1",-0.00326890991407715,5.1992165932719,0.00130992676890052,0.971212456562172,0.996605501865399,-0.0126857560654384
"12538","ZNF236","ZNF236",-0.00246041586155458,5.40427082782963,0.00130706848043585,0.971243867378547,0.996605501865399,-0.0126717104016497
"3763","FRG1","FRG1",-0.00218598307325044,5.3853195843194,0.00130013281443203,0.971320229312573,0.996605501865399,-0.0126375662859951
"1336","C7orf25","C7orf25",-0.00459964250702655,3.50802853850227,0.0012956852082687,0.971369304984766,0.996605501865399,-0.0126156242378631
"3250","ERLIN2","ERLIN2",-0.00333611661180181,3.812231628955,0.00126796915573205,0.971677048151799,0.996605501865399,-0.0124780555584666
"2408","CUTA","CUTA",-0.00191040182772667,7.76841854305623,0.00125574206302106,0.971813880716438,0.996605501865399,-0.0124169020671046
"10887","TCEAL8","TCEAL8",-0.00299311392336595,5.68285813378435,0.00125047661612322,0.971873011377276,0.996605501865399,-0.0123904779348786
"1938","CHD4","CHD4",-0.00217129972313723,6.52286744781908,0.00122755341494414,0.97213190208678,0.996605501865399,-0.0122748045572655
"10661","STXBP5","STXBP5",-0.00360513088875417,4.45161233070546,0.00122097039555934,0.97220669603074,0.996605501865399,-0.012241392067086
"6059","LRRC8C-DT","FLJ27354",-0.00531764195145906,2.72619557989703,0.0021867963006576,0.972470639476651,0.996605501865399,-0.0121235018847873
"9943","SLC35A1","SLC35A1",-0.00369681818661825,5.35749400921141,0.00119328121673124,0.972523523476543,0.996605501865399,-0.012099885125645
"10911","TCTN1","TCTN1",-0.00537108142876448,2.53274994019084,0.0012633117460612,0.972649087412183,0.996605501865399,-0.0120438163488744
"8457","PROSER3","C19orf55",-0.00363634303244963,3.22272964302499,0.00117054353300456,0.972786457015804,0.996605501865399,-0.0119824842105739
"12527","ZNF223","ZNF223",-0.00734549925782396,2.43934846756791,0.00116585161580811,0.972841030640466,0.996605501865399,-0.011958120837621
"10717","SWI5","SWI5",-0.00368813158101116,3.49947310440419,0.00114223677817013,0.973117389206964,0.996605501865399,-0.0118347667103803
"12358","ZCCHC3","ZCCHC3",-0.00689009078683644,3.39035975042882,0.00355698100973,0.973211346427241,0.996605501865399,-0.0117928363811548
"6657","MPZL2","MPZL2",-0.0112853796590891,1.58736968517718,0.0020717997944205,0.973219026618163,0.996605501865399,-0.0117894091180134
"30","ABCB6","ABCB6",-0.00737581715653974,2.13615568603807,0.00167505198229486,0.973598767237592,0.996605501865399,-0.0116199846775912
"4564","HNRNPDL","HNRPDL",-0.0015760728299367,9.52209403617366,0.00108899805034858,0.97375111722113,0.996605501865399,-0.011552031036767
"6164","MAGI2-AS3","MAGI2-AS3",-0.00953990260660817,1.70994828824033,0.00272084803104945,0.973871066902381,0.996605501865399,-0.0114985365909099
"10118","SMIM8","C6orf162",-0.00412481031752553,4.23483631581536,0.00106679574731977,0.974019976732552,0.996605501865399,-0.0114321358362257
"8672","PYROXD2","PYROXD2",-0.00519633754929537,2.64310763256961,0.00105356381448676,0.974181542655006,0.996674747598166,-0.0113601030531194
"11724","TXN2","TXN2",-0.00236989475471792,6.10406998407023,0.00104552689546211,0.974280172020583,0.996674747598166,-0.0113161358671721
"9845","SLC16A13","SLC16A13",-0.00869165279753115,1.85692936837431,0.00142444401151615,0.974702268001074,0.996674747598166,-0.0111280233893349
"9199","RPAP3","RPAP3",-0.00351967793817215,5.61910026672548,0.000999725965738273,0.974849634879806,0.996746872107166,-0.0110623666378774
"8083","PLEKHA8P1","PLEKHA8P1",-0.00464190992125618,2.58919428703249,0.000971634375224333,0.975205388916106,0.996816822237562,-0.0109039075024084
"5708","LOC100506990","LOC100506990",-0.00348010777789837,4.88978465236647,0.000966951070462265,0.975265196925256,0.996816822237562,-0.0108772736341057
"5609","LOC100287482","LOC100287482",-0.0208980455140045,1.38944381052739,0.00164950572531834,0.975380997284663,0.996816822237562,-0.0108257097397398
"8681","QSER1","QSER1",-0.0041174323801281,3.57441452959762,0.000948505493705838,0.975502177498814,0.996816822237562,-0.0107717568438725
"5619","LOC100288432","LOC100288432",-0.00896192302349829,1.74459960119313,0.0025072590804422,0.975541555632725,0.996816822237562,-0.0107542260156523
"124","ACOT2","ACOT2",-0.00270624334864298,4.3231335815345,0.00094328544718115,0.975569660197075,0.996816822237562,-0.0107417145225963
"9585","SEC24D","SEC24D",-0.00227617202332407,5.02258698293207,0.00092838945221473,0.975763264132799,0.996816822237562,-0.0106555363823238
"7391","NT5C3B","NT5C3L",-0.00415680412069985,4.84120510890644,0.000868516431482407,0.976557580444779,0.997060681243889,-0.0103021444578649
"3471","FAM66C","FAM66C",-0.00640159501177043,2.20777855720917,0.00138933113478785,0.976750964816206,0.997060681243889,-0.0102161511150566
"12935","ZRANB2","ZRANB2",-0.00203717845140803,7.11165887500888,0.000849653258794119,0.97681347529953,0.997060681243889,-0.0101883578593845
"7339","NR1H3","NR1H3",-0.00882710389735653,2.07499876496218,0.00163138401096826,0.976996834082689,0.997060681243889,-0.0101068435920214
"1729","CDC42","CDC42",-0.00185666775045691,10.0646971165958,0.000826889396085308,0.977126102335592,0.997060681243889,-0.0100493850893274
"606","ARGFX","ARGFX",-0.006440543851021,2.13774206946686,0.00252148069056363,0.977236666322856,0.997060681243889,-0.0100002464847788
"3677","FLG2","FLG2",-0.00952678221864348,1.51319442443176,0.00280821944336397,0.977662539986455,0.997060681243889,-0.00981102487742644
"12160","WDR77","WDR77",-0.0030167926692568,5.19820687571229,0.000785247168570035,0.977709351636341,0.997060681243889,-0.00979023083683945
"12344","ZC3H6","ZC3H6",-0.00239605896365656,4.76170020359606,0.000781422278745789,0.977763691744583,0.997060681243889,-0.00976609385449496
"4447","HEMGN","HEMGN",-0.00667788305698313,2.30315963864763,0.000781140202415303,0.977767704459761,0.997060681243889,-0.00976431152559699
"9767","SHPK","SHPK",-0.00305698676658849,3.39369124393227,0.000780347709636533,0.977778982055328,0.997060681243889,-0.00975930239177508
"6782","MSRB2","MSRB2",-0.0076046548809955,2.34331768766736,0.00081954103845906,0.977804314346551,0.997060681243889,-0.00974805083904112
"9026","RHBDL2","RHBDL2",-0.00909971237893788,1.59772979373692,0.00216769539423167,0.977953951837917,0.997060681243889,-0.00968159401967159
"4234","GSTO1","GSTO1",-0.0021096597816058,6.10139798194324,0.000764880717776818,0.978000244263354,0.997060681243889,-0.00966103674387778
"5272","KPNA5","KPNA5",-0.00266904590615743,5.05164760918935,0.00075172658626644,0.978190188064633,0.997150512502615,-0.00957669777190089
"2323","CRYL1","CRYL1",-0.00234876821235991,5.23609956635086,0.000748152419810442,0.978242085301841,0.997150512502615,-0.00955365717493516
"5743","LOC100527964","LOC100527964",-0.00735853337830607,2.19999296751938,0.000885402751702737,0.978443005062465,0.99722726117124,-0.00946446720350806
"10268","SNORD70","SNORD70",-0.00832251458016762,1.62683860659601,0.00171811797905748,0.978568104195027,0.997235311472185,-0.00940894389781031
"3261","ERRFI1","ERRFI1",-0.00476009435272684,2.0259992963601,0.000715841450415886,0.978716991710251,0.997235311472185,-0.0093428717384236
"1398","CAMK2N1","CAMK2N1",-0.00753473438241518,1.7666929994761,0.00126362393633079,0.97873931150011,0.997235311472185,-0.0093329676996386
"1455","CASP4","CASP4",-0.00152724611538655,7.11668256166405,0.000701963773150377,0.978924253853326,0.997278363088662,-0.00925091126754042
"5478","LLGL2","LLGL2",-0.00326249744694156,3.57457376932623,0.000697341024108466,0.978993748774031,0.997278363088662,-0.00922008131393175
"2728","DLGAP1","DLGAP1",-0.0163149454702397,2.05220729291154,0.000691600977185124,0.979080361910983,0.997278363088662,-0.00918166028864189
"8094","PLEKHH1","PLEKHH1",-0.00860258591027129,1.54980360519647,0.00232995875593584,0.979233789363784,0.997278363088662,-0.00911360920887329
"758","ASPN","ASPN",-0.011440597585439,1.3154429538227,0.00114108530923705,0.979263150092856,0.997278363088662,-0.0091005877919237
"7349","NRAS","NRAS",-0.00185849927766267,6.27886529436494,0.000658547074008231,0.979586277809183,0.997345219119332,-0.00895730716664957
"4036","GNAI3","GNAI3",-0.00158821014804381,7.67720203604635,0.000645261640590459,0.97979319340736,0.997387283512347,-0.00886558189937805
"9205","RPH3AL","RPH3AL",-0.00677519836126764,1.83430656856281,0.00141363363062568,0.979947122346375,0.997387283512347,-0.00879735807561955
"274","AGO1","EIF2C1",-0.00189467451117414,5.61560100820824,0.000625753191400934,0.980100932478987,0.997387283512347,-0.00872919761207729
"7482","OAS3","OAS3",-0.00396599812785479,5.82423326070943,0.000612689063293904,0.980309705596872,0.99745551456535,-0.00863669759024614
"3269","ESF1","ESF1",-0.00198896477851125,5.70201342760384,0.00060448512478224,0.980441949852584,0.997511835576627,-0.00857811500489232
"5682","LOC100506305","LOC100506305",-0.00796880487452275,1.55325809540121,0.0022642127443415,0.981118421394329,0.997525049905219,-0.00827856993485756
"6020","LRPPRC","LRPPRC",-0.00152477864146091,6.55499697461354,0.000554627600747346,0.981265714435357,0.997525049905219,-0.00821337520168231
"2398","CUBN","CUBN",-0.00349678097247551,3.55552693005452,0.000551222582985978,0.981323299823224,0.997525049905219,-0.00818788946216776
"6480","MGC2752","MGC2752",-0.00242260458630386,4.2333993786239,0.000545118968121765,0.981426970864264,0.997525049905219,-0.00814201122511308
"4794","IL17RE","IL17RE",-0.0061156042087258,1.91026028431126,0.000585927141686357,0.981474088164249,0.997525049905219,-0.0081211616939606
"5822","LOC285965","LOC285965",-0.00319959384896913,3.83383094055053,0.000541377327585077,0.981490810625482,0.997525049905219,-0.00811376220083494
"3500","FANCG","FANCG",-0.00290163320732193,3.40133986333022,0.000536700489171863,0.981570917895145,0.997525049905219,-0.0080783174211943
"9097","RNASEH2B","RNASEH2B",-0.0020959637415695,6.40176472969791,0.000533676034124018,0.981622908362737,0.997525049905219,-0.00805531493117989
"8328","PPP1R2B","PPP1R2P3",-0.00555693964978335,2.14811640053778,0.000550347825772943,0.981722810939469,0.997525049905219,-0.0080111177860585
"6087","LST1","LST1",-0.00244586405468441,3.85378257657074,0.000522292172604842,0.981819931177978,0.997525049905219,-0.00796815586544915
"793","ATG16L2","ATG16L2",-0.00196963378726804,5.20282867817489,0.000517713571121693,0.981899779134743,0.997525049905219,-0.00793283766107242
"9704","SFT2D3","SFT2D3",-0.00167645167133992,4.49716584321155,0.000501394880674887,0.982187279964647,0.997525049905219,-0.007805694595511
"9225","RPL22L1","RPL22L1",-0.00181497314608371,5.25004863295858,0.000492819015581957,0.982340245952379,0.997525049905219,-0.00773806277702184
"11371","TOM1L2","TOM1L2",-0.00226530180089382,4.47064807695164,0.000487340846389606,0.982438656813728,0.997525049905219,-0.00769455732811961
"5078","KCNK5","KCNK5",-0.0101845808195849,1.71324655210802,0.000601910719919021,0.982466912139511,0.997525049905219,-0.0076820670260244
"5221","KLHDC9","KLHDC9",-0.0110222314534594,1.41673691501785,0.000939478933041364,0.982479189458543,0.997525049905219,-0.0076766399337453
"7314","NPAT","NPAT",-0.00161043506190712,7.02104188369153,0.00048340464158698,0.982509709626638,0.997525049905219,-0.00766314902741228
"5098","KCTD3","KCTD3",-0.00684402472829931,1.55675175542346,0.00057132839586926,0.983449233531695,0.997875498745251,-0.00724805380880166
"12939","ZSCAN12","ZSCAN12",-0.00274483892549851,3.49649369086885,0.000431457124999503,0.983476036087741,0.997875498745251,-0.00723621787138989
"6772","MSI2","MSI2",-0.00191395550616703,4.07622995539175,0.000418327202132118,0.983729367738698,0.997875498745251,-0.00712436321859515
"7877","PGGT1B","PGGT1B",-0.00183282864927513,5.50583116262734,0.000415863882366469,0.983777336541352,0.997875498745251,-0.00710318658295264
"2845","DPH2","DPH2",-0.00200884550871452,4.67852271194593,0.000402754458486322,0.984035045130548,0.998015163703872,-0.00698943445911303
"5081","KCNMB4","KCNMB4",-0.00487636473477155,1.99485433276588,0.000710459280383702,0.984090801981032,0.998015163703872,-0.00696482740206355
"9639","SEPTIN7","SEPT7",-0.00132284777962892,8.97111019411449,0.000391872255541258,0.984252175292183,0.998022781777824,-0.00689361670400412
"6713","MRPL45P2","MRPL45P2",-0.00480303727009104,2.02893130544258,0.00101443001762187,0.984445580551541,0.998075114041097,-0.00680828635105266
"10728","SYK","SYK",-0.00671021097513154,1.80388927159906,0.000520187176620695,0.984457655073605,0.998075114041097,-0.006802959630867
"7684","PAX6","PAX6",-0.00304176334817931,2.73001811282864,0.000358030894257075,0.984947416565439,0.998271510935978,-0.00658695458365768
"468","ANKRD36BP2","ANKRD36BP2",-0.00562632204003936,1.65101700205118,0.000766524295299036,0.985306757939303,0.998271510935978,-0.00642853849751173
"5459","LINC01547","C21orf67",-0.00610226426075446,1.57869711734683,0.000662485588299128,0.985370347751165,0.998271510935978,-0.00640051086748839
"1429","CARD11","CARD11",-0.00161468306532595,5.23601798672231,0.000331633862825819,0.985512876611016,0.998271510935978,-0.00633769689993539
"7072","NDUFA12","NDUFA12",-0.00151987322652137,7.05531815584174,0.000316749935531703,0.985841668332897,0.998271510935978,-0.00619282957284934
"3236","ERCC8","ERCC8",-0.00228776241953491,4.77743879012749,0.000313361254697936,0.985917598864588,0.998271510935978,-0.0061593810566067
"4351","H4C9","HIST1H4I",-0.00840621477722328,1.5472422513032,0.000580329264200392,0.986000863213464,0.998271510935978,-0.00612270484714566
"11482","TRAPPC9","TRAPPC9",-0.00131865578355186,5.03103648002258,0.000307892769184532,0.986041003206131,0.998271510935978,-0.00610502512379099
"3146","EMILIN1","EMILIN1",-0.00614372089650055,1.47930703928141,0.000455098211781749,0.986067142217026,0.998271510935978,-0.00609351254196687
"5074","KCNJ13","KCNJ13",-0.00481537969650479,2.26800825047314,0.000300388225865721,0.986212152695702,0.998271510935978,-0.00602965013568124
"11797","UBE2Q1","UBE2Q1",-0.00223633262323803,3.68987704244826,0.000279969454819346,0.986688964764679,0.998271510935978,-0.00581972896663621
"9010","RGS1","RGS1",-0.00453460100412387,8.61355656316857,0.000266474203596984,0.987013710452395,0.998271510935978,-0.00567681457204139
"8684","QTRT1","QTRT1",-0.00132740240392065,4.88072351678364,0.000255906211299439,0.98727380179924,0.998271510935978,-0.00556238722883233
"9318","RPS6KA3","RPS6KA3",-0.0016326468423932,6.69438430640076,0.000248967629671496,0.987447500303704,0.998271510935978,-0.00548598525543189
"3035","EHD1","EHD1",-0.00124951050761588,7.72483576398101,0.000248521046727066,0.987458762366478,0.998271510935978,-0.0054810320565788
"278","AGPAT1","AGPAT1",-0.00146792176934643,4.73632319896072,0.000240834192832066,0.987654222487846,0.998271510935978,-0.0053950751993557
"11038","TIGD5","TIGD5",-0.00705888784744366,1.46595253486196,0.00064879312210118,0.987702017329877,0.998271510935978,-0.00537405920665211
"9285","RPS11","RPS11",-0.000905713185304232,10.2382979595283,0.000231547511164428,0.987894573047134,0.998271510935978,-0.00528940033840335
"3698","FLJ90757","FLJ90757",-0.00382383736274238,1.89523414153078,0.000606746689721897,0.988152982637201,0.998271510935978,-0.00517581414524336
"12268","YPEL5","YPEL5",-0.00150833739432863,8.62625801848653,0.000218661101235601,0.988236223578391,0.998271510935978,-0.00513923118745862
"5879","LOC440288","LOC440288",-0.00132409622396233,3.80953125249562,0.00019821254565052,0.988799741060673,0.998271510935978,-0.00489165598496754
"12509","ZNF19","ZNF19",-0.00216575012391845,2.36425909706888,0.000197401068126523,0.988822689844056,0.998271510935978,-0.00488157667980377
"8538","PSMC4","PSMC4",-0.000854761113975386,6.23073588951293,0.000196182944692749,0.988857227421614,0.998271510935978,-0.00486640791642374
"12819","ZNF702P","ZNF702P",-0.0042436266140042,1.70131088413658,0.000226983003568502,0.989017648741023,0.998271510935978,-0.00479595847112102
"3665","FKBP4","FKBP4",-0.00158271684742362,4.81575822789621,0.000189247340376983,0.989055950656355,0.998271510935978,-0.00477913977389753
"10063","SLX4","SLX4",-0.00203748218782345,2.37236081801185,0.000182218090139481,0.989261109600717,0.998271510935978,-0.00468906382039264
"7392","NT5DC1","NT5DC1",-0.00112932766035244,6.55140483136068,0.000181946720518665,0.989269108574626,0.998271510935978,-0.00468555221344549
"2724","DLG1","DLG1",-0.00143117309905579,5.05281954214619,0.000170671123364039,0.989606913692445,0.998271510935978,-0.00453727925606816
"1798","CDON","CDON",-0.00375894258481546,1.69245478602988,0.000325408985562571,0.989829703448356,0.998271510935978,-0.00443951774030398
"7802","PDXDC2P","PDXDC2P",-0.00140225104787222,5.42805233101625,0.000161307808344545,0.98989601038452,0.998271510935978,-0.004410426097661
"4363","HAGH","HAGH",-0.00133646134091745,5.34908230243495,0.000158682334171143,0.989978570438581,0.998271510935978,-0.00437420625194751
"8909","RBMS3","RBMS3",-0.00296310048948248,2.22109705800595,0.000158564759497642,0.989982283585445,0.998271510935978,-0.00437257733166806
"3121","ELOVL1","ELOVL1",-0.000928557556207208,6.05639973123171,0.000158123860566101,0.989996219970861,0.998271510935978,-0.00436646363369302
"3996","GLE1","GLE1",-0.000970345502476121,5.18184904285373,0.000153840289347886,0.990132644237831,0.998271510935978,-0.00430662075426511
"6277","MARVELD2","MARVELD2",-0.00385149504376793,1.70479989843331,0.000228090326360358,0.990211408838353,0.998271510935978,-0.00427207420025508
"1530","CCDC15","CCDC15",-0.00259817633386034,2.35968778010726,0.000140122257578027,0.990582832175702,0.998271510935978,-0.00410920306057645
"3972","GIMAP8","GIMAP8",-0.00169522921143989,5.42764828977823,0.00013683040954991,0.990694101707852,0.998271510935978,-0.00406042265735127
"3904","GCFC2","GCFC2",-0.00100140761037637,5.18358476356212,0.000131598263319859,0.99087374813218,0.998271510935978,-0.00398167748493745
"5268","KPNA1","KPNA1",-0.000685895548299957,6.1992038278208,0.00013060318491493,0.99090831609216,0.998271510935978,-0.00396652680359575
"6529","MIR1-1HG-AS1","C20orf166-AS1",-0.00498483484578712,1.41934021667994,0.000582113285150212,0.991050535691799,0.998271510935978,-0.00390419938706847
"2577","DDX19B","DDX19B",-0.000816738966962965,4.95572315698132,0.000123354829128192,0.991164196419522,0.998271510935978,-0.00385439426140403
"1860","CEP19","CEP19",-0.00198388710264815,2.53646018507127,0.000113185499194759,0.991536224897401,0.998271510935978,-0.0036914146047572
"10537","ST20","ST20",-0.00309604747775357,1.70707056286801,0.00026029393721715,0.99158584147759,0.998271510935978,-0.00366968300552118
"3854","GALNT15","GALNTL2",-0.00439281360600616,1.59525065643987,0.000355408761704973,0.991703430314497,0.998271510935978,-0.00361818453397865
"11064","TIPARP-AS1","TIPARP-AS1",-0.00131532855899962,2.70184186849427,8.6913830144123e-05,0.992583225280468,0.998666662377246,-0.00323306868099626
"2810","DNM3","DNM3",-0.00182894618247599,2.71665018232349,8.53042681126945e-05,0.992652220048727,0.998666662377246,-0.00320288178581689
"11166","TMEM147","TMEM147",-0.000578822026887799,6.25211837054348,8.16531037383966e-05,0.992811183844906,0.99868745479447,-0.00313333923014459
"5906","LOC642846","LOC642846",-0.00344452158919667,1.60597490556627,0.000152644318511436,0.99306580735004,0.99868745479447,-0.00302197122060633
"8597","PTK6","PTK6",-0.00223091391292144,1.89578570939757,0.0001723798047966,0.993179192540427,0.99868745479447,-0.00297238764700825
"10143","SNAPC4","SNAPC4",-0.000897525680235827,3.19965302418072,7.03851964340793e-05,0.993325595597206,0.99868745479447,-0.00290837366608266
"172","ADAL","ADAL",-0.00127940163784426,3.29623713951403,7.03668797922543e-05,0.993326464087559,0.99868745479447,-0.00290799395130957
"7506","OGFOD2","OGFOD2",-0.000933718885104529,4.01318952799967,6.88791752209243e-05,0.993397385628001,0.99868745479447,-0.00287698729310765
"3437","FAM210A","FAM210A",-0.000976145874518333,4.22846595153645,6.49269647622615e-05,0.993589604813865,0.99868745479447,-0.00279296084260859
"5104","KDELR1","KDELR1",-0.000595937807530619,5.15502330350754,6.47583308257753e-05,0.993597934861159,0.99868745479447,-0.0027893198238305
"12033","VMA21","VMA21",-0.000614721096308875,6.56456448908078,5.84333334357935e-05,0.993918607141355,0.998768868353586,-0.0026491788991602
"9232","RPL23P8","RPL23P8",-0.000611702576789069,1.43457878757055,0.000200461794754952,0.994481151415494,0.999000625648708,-0.00240344372488111
"2748","DMXL1","DMXL1",-0.000442398509529521,5.68359881149841,3.61538474520734e-05,0.995216435648636,0.99918130246761,-0.00208246037374601
"10130","SMURF2","SMURF2",-0.000493555922464806,4.92931825108537,3.41248473769974e-05,0.995352601991769,0.99918130246761,-0.00202304390497004
"4033","GNA13","GNA13",-0.000465440847152724,7.14657650634639,3.27602614080629e-05,0.995446469101583,0.99918130246761,-0.00198208952795982
"10676","SULF2","SULF2",-0.00244274723571203,2.51993656918059,0.00013548221173017,0.995825862601113,0.99918130246761,-0.00181659884877283
"4790","IL17RA","IL17RA",-0.000469397495376511,6.17021662818304,2.72034791947762e-05,0.995850581476233,0.99918130246761,-0.00180581871317811
"5431","LINC00260","LINC00260",-0.00541933767429998,1.71573751751387,4.37042282974955e-05,0.995854015611732,0.99918130246761,-0.0018043210753262
"2312","CRTAP","CRTAP",-0.000288406424850676,6.94109807776844,2.70320687736564e-05,0.995863674857084,0.99918130246761,-0.00180010867416515
"10533","SSTR3","SSTR3",-0.00173952884201086,1.45047534080005,4.73964079998431e-05,0.996136901327811,0.999217816510144,-0.00168097141014091
"80","ABRA","ABRA",-0.000469664477977564,1.9346994935928,1.93257001397691e-05,0.996954961825845,0.99956433765118,-0.00132446081805224
"5725","LOC100507331","LOC100507331",-0.00106899583556977,1.53203635463545,2.59940094727864e-05,0.997103333567011,0.99956433765118,-0.00125983178616611
"941","BABAM2","BRE",-0.000219060022916944,5.78768856685065,1.30282876932288e-05,0.997128427910264,0.99956433765118,-0.00124890192835025
"11494","TRIM14","TRIM14",-0.000418951225456253,6.63519106533106,1.2192435395161e-05,0.997222069691213,0.99956433765118,-0.00120811861687087
"8536","PSMC3","PSMC3",-0.000223924919890403,6.68916442798528,1.17749399938794e-05,0.997270044948067,0.99956433765118,-0.00118722568962308
"9783","SIKE1","SIKE1",-0.000197938627527368,5.97710166424343,1.15923041955585e-05,0.997291299155668,0.99956433765118,-0.0011779699351126
"1998","CIAPIN1","CIAPIN1",-0.000304505679585119,5.36103805684923,1.12894102489017e-05,0.99732692091154,0.99956433765118,-0.0011624578618176
"1558","CCDC57","CCDC57",-0.000312140795487822,4.44043375923297,9.42411013488761e-06,0.997557714147005,0.99956433765118,-0.00106196861315735
"8894","RBM41","RBM41",-0.000261402864936054,5.31061621459951,8.24828273647195e-06,0.997715147479004,0.99956433765118,-0.000993434199833062
"12761","ZNF609","ZNF609",-0.000190480890926706,4.39614523202172,4.43752103016231e-06,0.998324104655033,0.999876360460278,-0.000728442668041162
"655","ARID3A","ARID3A",-0.000640018859735019,1.8844235191714,7.34020235890863e-06,0.998374265519001,0.999876360460278,-0.000706622059822403
"5691","LOC100506655","LOC100506655",-0.000164825582570202,1.68379012230858,2.89737516538832e-06,0.998835350941715,0.999876360460278,-0.000506095428388265
"11628","TSTD2","TSTD2",-0.00349181768456089,3.32061757755343,0.00102172238316715,0.999224691381953,0.999876360460278,-0.000336842850051737
"6016","LRP5L","LRP5L",-0.000168780661924827,2.43282943562146,3.37922244215538e-07,0.999537528075351,0.999876360460278,-0.000200895462747154
"4781","IL10RB","IL10RB",-4.54648750934933e-05,5.78708590492381,2.90129759467907e-07,0.999571477998025,0.999876360460278,-0.000186144627215267
"5303","L1TD1","L1TD1",-5.60340981108025e-05,1.5607560133472,8.78079912055607e-07,0.999600293214466,0.999876360460278,-0.000173625153224631
"11125","TMED10","TMED10",-2.78974054795545e-05,8.28042785327239,2.51163461672976e-07,0.999601291752736,0.999876360460278,-0.000173191320374877
"1930","CHCHD4","CHCHD4",-0.000158841457996105,2.9050684557078,1.21918409457364e-07,0.999722213175847,0.999876360460278,-0.000120658044258399
"6435","METTL27","WBSCR27",-0.000797772003037359,1.64523211594645,1.81445389455219e-09,0.999966111684952,0.999966111684952,-1.47177576076234e-05
"11145","TMEM117","TMEM117",7.09601179057942e-05,3.09586184787419,4.64045571137908e-09,0.99994580523678,0.999966111684952,2.3537124414652e-05
"5056","KCMF1","KCMF1",1.04957076055379e-05,5.36384710965378,1.86215019940286e-07,0.999656691664845,0.999876360460278,0.000149122514515172
"3361","FAF2","FAF2",2.54344775659394e-05,5.51477597168215,3.52589033123093e-07,0.999527598376363,0.999876360460278,0.000205209892948093
"9252","RPL37A","RPL37A",5.98768841747591e-05,10.4190753308785,7.95966348350189e-07,0.999290219109297,0.999876360460278,0.000308363372357694
"985","BCAS4","BCAS4",0.000181044244138303,4.11821702485624,1.35169796180958e-06,0.999075053234664,0.999876360460278,0.000401885166097129
"8056","PLCB1","PLCB1",0.000353245586364065,2.71045922937713,1.53288295891602e-06,0.99901501097092,0.999876360460278,0.00042798611549865
"2207","COQ2","COQ2",8.71456119736665e-05,4.11875359587893,1.99699970488086e-06,0.998875742323679,0.999876360460278,0.000488533575360586
"9331","RPSAP9","RPSAP9",0.000341188843708093,1.5841487028902,7.31918532181653e-06,0.998869436924851,0.999876360460278,0.000491275066062886
"1090","BOD1L1","BOD1L",0.000150190572968908,5.84930297585521,2.14590912819613e-06,0.998834579873693,0.999876360460278,0.000506430689566401
"11180","TMEM164","TMEM164",0.00309657773112745,3.93446233124058,0.000994581871637553,0.99861651394138,0.999876360460278,0.000601256371921151
"12585","ZNF32","ZNF32",0.000126635867121006,5.93654226578305,3.34546980873529e-06,0.998544858187823,0.999876360460278,0.000632420301700915
"3478","FAM83G","FAM83G",0.000200800594953247,2.4902004527561,3.44354448577814e-06,0.998523683056175,0.999876360460278,0.00064163004351876
"9730","SH2D3A","SH2D3A",0.00022528814193575,5.38717313901536,6.48766508397235e-06,0.997973620685932,0.999668888978349,0.000880938213578173
"12533","ZNF230","ZNF230",0.000201160583703368,3.09129857838085,7.09762377125104e-06,0.997880502175823,0.999652799592815,0.000921463074257599
"11477","TRAPPC4","TRAPPC4",0.000176950780734805,6.17200106081592,8.75769981721256e-06,0.997645648006429,0.99956433765118,0.001023687613166
"7633","PAN3","PAN3",0.000337769189622276,7.22325196948642,8.94318813781702e-06,0.997620846099719,0.99956433765118,0.00103448449794991
"7492","OCLM","OCLM",0.000357436499795728,2.19176376288624,1.48652875623666e-05,0.997529785120792,0.99956433765118,0.00107412790138362
"4897","IPO8","IPO8",0.000359289836866445,4.55760192810839,1.04767851412835e-05,0.997424922767727,0.99956433765118,0.00111978421744674
"4528","HLCS","HLCS",0.000313271316261176,4.29908479720676,1.08659361196892e-05,0.997377534487678,0.99956433765118,0.00114041830926982
"10563","STAG3L3","STAG3L3",0.00580152029088031,3.15632707479351,0.00204556690370525,0.996860510430307,0.99956433765118,0.00136560777522209
"4579","HOMEZ","HOMEZ",0.000553751162053285,2.42813169825789,1.97286870568048e-05,0.996466340859555,0.999470994276404,0.00153736653283094
"3842","GAK","GAK",0.000336500932983931,5.77328455977308,2.49836581405524e-05,0.996023479805066,0.99918130246761,0.00173042359479114
"6924","MYO7A","MYO7A",0.00168366063472031,1.48773938434564,2.99762848438935e-05,0.995992790151676,0.99918130246761,0.00174380536011207
"2719","DLEC1","DLEC1",0.000611284610006855,3.38370366863396,2.67520197041504e-05,0.995885156366873,0.99918130246761,0.00179074072473476
"6235","MAP4K5","MAP4K5",0.000335615200067149,5.75175140623569,2.87181762564202e-05,0.995736626976184,0.99918130246761,0.00185551757688165
"9195","RPA4","RPA4",0.00138936566184072,1.66452531524703,4.51863898402867e-05,0.995651148474863,0.99918130246761,0.00189280096480389
"6018","LRP8","LRP8",0.00367595987177178,3.25611446631498,0.000829854184210733,0.994919300345434,0.999000625648708,0.00221214421508859
"12827","ZNF713","ZNF713",0.00161525840513907,1.80958746180599,0.000107657447836454,0.994853722514459,0.999000625648708,0.00224077068636005
"5745","LOC100630918","LOC100630918",0.000946960591342623,2.58700525297453,6.377237305328e-05,0.994814339870232,0.999000625648708,0.00225796316725293
"730","ASAH1","ASAH1",0.000450633580908936,6.19994627742303,4.35763965593066e-05,0.994748305265967,0.999000625648708,0.00228679208030838
"11547","TRMT10C","RG9MTD1",0.000530718937633458,6.48203985041619,4.49720290772816e-05,0.994664870619697,0.999000625648708,0.0023232201154041
"10921","TEC","TEC",0.00196686398532626,2.49982134929606,0.000153464937373741,0.994620544677597,0.999000625648708,0.0023425743135645
"9985","SLC39A3","SLC39A3",0.0025646255773686,4.94998334382541,0.00137030094183721,0.994170176314285,0.998789568444608,0.00253926921593801
"7507","OGFOD3","C17orf101",0.00597879977974984,4.32994524532855,0.00520133864813709,0.994128760223066,0.998789568444608,0.00255736184733306
"188","ADAMTSL2","ADAMTSL2",0.000810921889456448,1.59661463987789,0.000173438245107854,0.994106564000005,0.998789568444608,0.00256705858400963
"9213","RPL13AP20","RPL13AP20",0.00245141269758043,1.59495100558845,0.000197410028762111,0.993836697882027,0.998763922970295,0.00268497076878645
"894","ATXN2","ATXN2",0.000946202108159916,4.94967603886164,6.22314903440234e-05,0.99372407779555,0.998728111345032,0.00273418715779878
"5341","LAS1L","LAS1L",0.000533956409281542,5.70021152321246,6.45822781788736e-05,0.993606642953227,0.99868745479447,0.00278551359635364
"4838","IMPDH2","IMPDH2",0.000568093597164932,6.38660619447253,6.67516066322288e-05,0.993500155285581,0.99868745479447,0.00283206067327467
"5887","LOC441454","LOC441454",0.000606059858139093,1.55571250440123,7.31124702068982e-05,0.993395877079282,0.99868745479447,0.00287764680247555
"5336","LARP4","LARP4",0.000695900962053324,5.35922789915863,7.90608140921907e-05,0.9929262149427,0.99868745479447,0.00308302303918648
"11903","UQCRB","UQCRB",0.00060047332891493,7.78671577729716,8.50728890270784e-05,0.992662191579017,0.998666662377246,0.0031985191714565
"7293","NOMO2","NOMO2",0.00332473845636261,2.73425500172207,0.000547080961856124,0.99266149847508,0.998666662377246,0.00319882240786736
"1299","C2orf68","C2orf68",0.000582283505841606,6.75687067733261,8.84295782280051e-05,0.992518833695779,0.998666662377246,0.00326124346404575
"3204","EPHX1","EPHX1",0.003454092320532,2.47935600695686,0.000598903392496137,0.992507497865064,0.998666662377246,0.00326620368915597
"1265","C1orf52","C1orf52",0.000811381900016006,5.57563805550516,9.63775523784652e-05,0.992189876584484,0.998656161760455,0.0034052084285631
"4205","GRM3","GRM3",0.0040287601096107,1.3678119136586,0.000233773164128751,0.991730766433584,0.998271510935978,0.00360621345301569
"11290","TMEM99","TMEM99",0.00122975785768754,2.89283482977617,0.000109349343176678,0.991680885728179,0.998271510935978,0.00362805754684422
"11374","TOMM22","TOMM22",0.000553660235508479,6.59190506760178,0.00010995094304157,0.991658033609977,0.998271510935978,0.00363806546706298
"7576","OVCA2","OVCA2",0.00218192981685513,2.24277020602306,0.000351764286759154,0.99143305621274,0.998271510935978,0.00373660500777647
"4377","HAUS5","HAUS5",0.000688558428479693,5.11256042642434,0.000115987890665764,0.991432091109862,0.998271510935978,0.00373702776860288
"11388","TOP3B","TOP3B",0.00153601663409741,4.53869657935473,0.000390126889098866,0.991243378173035,0.998271510935978,0.00381970089251573
"12145","WDR55","WDR55",0.000804675653580781,5.11833461239044,0.000129285873416526,0.990954281312264,0.998271510935978,0.00394638167196021
"10090","SMC2","SMC2",0.00130862947177159,4.55893381955026,0.000130916205557823,0.990897427934661,0.998271510935978,0.00397129888252864
"7074","NDUFA2","NDUFA2",0.000670958653771507,6.28460310602391,0.000134279148294969,0.990781262176997,0.998271510935978,0.00402221545931702
"6457","MFSD12","MFSD12",0.00147156743643534,3.30362448499335,0.000139088099651441,0.990617646116772,0.998271510935978,0.00409394008979974
"4066","GNRH1","GNRH1",0.0030240390789965,1.8388045024669,0.000148867141733678,0.990583050583492,0.998271510935978,0.00410910730554755
"9405","RUNX3","RUNX3",0.00170358209918118,6.20416875958009,0.000142904579688548,0.990489800730458,0.998271510935978,0.0041499921186568
"6662","MREG","MREG",0.00319263561428817,3.76819240851712,0.0010527971681819,0.990273306705624,0.998271510935978,0.00424492740937559
"7963","PIGM","PIGM",0.00111406260688726,4.81909378354747,0.000150305468390665,0.990246659365182,0.998271510935978,0.00425661403017242
"8653","PWP1","PWP1",0.000566614615741941,6.81785878481908,0.000157154434182433,0.990026931093522,0.998271510935978,0.00435299139616014
"3061","EIF2B5","EIF2B5",0.00120268650563241,5.77846243565944,0.000165338878527344,0.989770547395035,0.998271510935978,0.00446547363470743
"79","ABR","ABR",0.00111754814003624,5.11776109703324,0.000171316917771868,0.989587270437169,0.998271510935978,0.004545899893135
"3754","FOXP4","FOXP4",0.00280879370391141,2.18027518027749,0.000376562200905981,0.989314180899036,0.998271510935978,0.0046657656703311
"11317","TNF","TNF",0.00172534743781137,5.00708695247093,0.000181585496268955,0.989279765393376,0.998271510935978,0.0046808738376534
"11121","TMCO3","TMCO3",0.00140516971899688,4.2017320586814,0.000184251921686055,0.989201348417389,0.998271510935978,0.00471530030727052
"2712","DISP1","DISP1",0.00354357806848127,2.40986303304066,0.000379035774688556,0.988871434989594,0.998271510935978,0.00486016816423497
"4361","HADHA","HADHA",0.000810978301014263,7.43995362343756,0.0002021467065772,0.988689142248043,0.998271510935978,0.00494023522552459
"5360","LCP2","LCP2",0.00109847468174207,7.45625141357347,0.000204422511067249,0.988625654962681,0.998271510935978,0.00496812373144403
"10896","TCF3","TCF3",0.00850499304832769,4.1028764418881,0.00896262164153842,0.988492141577061,0.998271510935978,0.00502677893835613
"1491","CBX4","CBX4",0.00170827465118599,4.07186339831108,0.000213175036134815,0.988384723015382,0.998271510935978,0.00507397589783573
"9162","RNF44","RNF44",0.00130803979979369,5.51012962538497,0.000217878505935705,0.988257292370834,0.998271510935978,0.00512997230527679
"1714","CDADC1","CDADC1",0.00146800043330272,3.70828309673858,0.000222409211215661,0.988135836943334,0.998271510935978,0.00518334976469483
"685","ARL8A","ARL8A",0.00184111331923151,3.35314857343403,0.000223529807748395,0.9881059882785,0.998271510935978,0.00519646871629781
"2659","DHCR24","DHCR24",0.00274161924284556,3.13563393364098,0.00022914022578389,0.987957659650349,0.998271510935978,0.00526166732961444
"2110","CNDP2","CNDP2",0.0012122542422765,6.04380258187113,0.000232818576684226,0.987861395131251,0.998271510935978,0.00530398613343325
"1590","CCL22","CCL22",0.00407682148687812,1.53898839120868,0.000851780045541901,0.987857214666545,0.998271510935978,0.00530582399915405
"9031","RHEX","C1orf186",0.00285083056932564,1.62867535046171,0.000552101953020503,0.987594560455577,0.998271510935978,0.00542131077193279
"405","AMN1","AMN1",0.00175681893518868,4.19780923293674,0.000243313318349512,0.987590847203643,0.998271510935978,0.00542294367669066
"6750","MRPS36","MRPS36",0.000996771702011225,5.74849399042741,0.000247843405037445,0.987475870686799,0.998271510935978,0.00547350770717897
"1243","C19orf44","C19orf44",0.00498277052894028,1.58107233194188,0.000478724270318607,0.987468493838402,0.998271510935978,0.00547675207660082
"6770","MSH3","MSH3",0.0015408409737539,5.51908661041681,0.000253250959899544,0.987339991021222,0.998271510935978,0.00553327205301038
"5281","KREMEN1","KREMEN1",0.00361593519509732,2.08905771315371,0.00077599151848876,0.987228861878387,0.998271510935978,0.00558215641932877
"7357","NRIP1","NRIP1",0.00160665575721079,4.77362810183573,0.00025830765738867,0.987214234533847,0.998271510935978,0.00558859122115204
"4889","IP6K2","IP6K2",0.00112448473679616,6.38095893230649,0.000279566959916029,0.986698535532654,0.998271510935978,0.00581551638120294
"9887","SLC25A25","SLC25A25",0.00154471730480858,4.94351692532177,0.00028810086341084,0.986497064543161,0.998271510935978,0.00590420271245275
"11603","TSPAN17","TSPAN17",0.00153263185460755,4.67174224455676,0.000300358779097945,0.986212828448496,0.998271510935978,0.00602935255710421
"7215","NIPA1","NIPA1",0.0017759279308511,3.88692361487484,0.000302104477074407,0.986172824752413,0.998271510935978,0.00604696917730096
"11731","TXNIP","TXNIP",0.0023394214406236,12.6861941506125,0.000318955603877958,0.985792463806913,0.998271510935978,0.00621450626608137
"11357","TNPO2","TNPO2",0.00159256953841169,4.4122683427621,0.000328192475929928,0.985588231197433,0.998271510935978,0.0063044910121672
"10732","SYNE2","SYNE2",0.00168579668639978,9.26150285251982,0.00035278294261363,0.985058129607545,0.998271510935978,0.00653814044361084
"4998","JAK2","JAK2",0.00227542898399765,5.34856777058845,0.000353154703745884,0.985050259778509,0.998271510935978,0.00654161012410369
"4885","INTS8","INTS8",0.00162639553314719,6.35914812250335,0.000364434707607536,0.984813412800309,0.998271510935978,0.00664604510365616
"11186","TMEM17","TMEM17",0.00464140296902623,1.91786669000672,0.00107654801111616,0.984771810808692,0.998271510935978,0.00666439162167603
"2547","DCTPP1","DCTPP1",0.00150728317407923,4.94020777594076,0.000395667065652653,0.984176119779972,0.998022781777824,0.00692717697071091
"12433","ZFYVE27","ZFYVE27",0.00150073520256761,5.11504031133103,0.000414741155188825,0.9837992468166,0.997875498745251,0.00709351426654268
"10570","STAP2","STAP2",0.00384878959473721,1.54531637066873,0.000858046304393569,0.983752712434731,0.997875498745251,0.00711405718046513
"12182","WIPF1","WIPF1",0.0012627158262643,7.85399841208667,0.000417255103058226,0.983750227561996,0.997875498745251,0.00711515417147335
"5586","LOC100133991","LOC100133991",0.00617744955474244,2.95731710113871,0.00301661637991297,0.98370810885654,0.997875498745251,0.00713374864031541
"7493","OCLN","OCLN",0.00443183421378365,3.09461230787667,0.000436432690199726,0.983381045933213,0.997875498745251,0.00727816672507699
"4201","GRK3","ADRBK2",0.00474343483060338,2.41947791530444,0.000808407368739829,0.983342490694856,0.997875498745251,0.00729519436211619
"12698","ZNF526","ZNF526",0.00240281521847157,3.61246584954831,0.000457197654989327,0.982990344118815,0.997835190473661,0.00745074820704308
"7851","PFDN2","PFDN2",0.0020853127425196,4.70173335831827,0.000477989962029548,0.982607925132105,0.997525049905219,0.00761973742564077
"9754","SHF","SHF",0.00507968782095659,2.04038030744594,0.00122433864010357,0.982573858184786,0.997525049905219,0.0076347946456528
"6856","MTRNR2L6","MTRNR2L6",0.00542942357574213,2.07384584895326,0.000492676177778679,0.982342804948778,0.997525049905219,0.00773693144134408
"2794","DNAJC6","DNAJC6",0.0059188354106482,1.80440784008712,0.000510930609403853,0.982018721937423,0.997525049905219,0.007880232420172
"11888","UPB1","UPB1",0.00386070208482713,1.54167766828067,0.00104217103716683,0.98196072969271,0.997525049905219,0.0079058800529495
"7026","NCAPH2","NCAPH2",0.00156023840693691,5.5787831671265,0.000558798293837161,0.981195420468746,0.997525049905219,0.00824448744261326
"82","ABRAXAS1","FAM175A",0.00257561929445587,4.76852714301359,0.000561644216523693,0.981147605089642,0.997525049905219,0.00826565189248623
"4591","HPCAL4","HPCAL4",0.00379505466683919,4.42645045611355,0.000568357077868885,0.981035297781636,0.997525049905219,0.00831536636520584
"7869","PGAP3","PGAP3",0.00447999280889744,4.11704020459212,0.00245886493828307,0.980837745326527,0.997525049905219,0.00840282966129577
"5756","LOC145216","LOC145216",0.00894736941147807,1.42460969423189,0.00199651136370564,0.980624054162191,0.997525049905219,0.00849745795728814
"11136","TMEM104","TMEM104",0.00297898553972049,3.79066723153577,0.000597952132950587,0.980547902654096,0.997525049905219,0.00853118491290374
"2501","DAXX","DAXX",0.00219862732937582,6.14769563008138,0.000621681447590399,0.980165765628529,0.997387283512347,0.00870047021582216
"927","B3GNT2","B3GNT2",0.00218588020459688,5.91543125764616,0.000630622225376011,0.980023680801338,0.997387283512347,0.00876343010638971
"9682","SETDB2","SETDB2",0.00248529983593053,5.46792932066013,0.000639283693641177,0.979886992672241,0.997387283512347,0.00882400725524488
"8076","PLEKHA1","PLEKHA1",0.00202901076839643,6.86802152315478,0.000644931275379081,0.979798365749978,0.997387283512347,0.00886328925849887
"175","ADAM15","ADAM15",0.00219507782846246,4.69502109558847,0.000666957744566211,0.979456363025479,0.997291217135981,0.00901490803003776
"9534","SCO1","SCO1",0.00188345942409299,4.78276900513508,0.000672782874924679,0.979366865470559,0.997278363088662,0.00905459338163781
"3608","FDX2","FDX1L",0.00752696606848693,2.98261223019778,0.00397546061031627,0.979317795609095,0.997278363088662,0.00907635366851747
"445","ANKRD11","ANKRD11",0.00225677541117927,6.054509552597,0.000711172450259697,0.978786496644981,0.997235311472185,0.00931203081291782
"64","ABHD2","ABHD2",0.00172807220503899,6.15559189337465,0.000732480765942392,0.978471117509343,0.99722726117124,0.00945198931251402
"11141","TMEM109","TMEM109",0.00166654061728582,6.81326517951348,0.000768698194739805,0.97794542701084,0.997060681243889,0.00968537978227139
"3268","ESD","ESD",0.00173731298343161,7.13749297842864,0.000773899298007736,0.977870960267672,0.997060681243889,0.00971845087817728
"7058","NDC80","NDC80",0.00338278355673395,4.80457238100858,0.000779966737328574,0.977784405534516,0.997060681243889,0.00975689348281415
"7453","NUP35","NUP35",0.00255264671101553,4.43463819099244,0.000782506971305216,0.977748268051677,0.997060681243889,0.00977294466886759
"12208","XAF1","XAF1",0.00487616852765186,6.940563189199,0.000788089778572964,0.977669052495545,0.997060681243889,0.0098081319187362
"4147","GPR180","GPR180",0.00326554176061431,4.46659240157592,0.000827491859999443,0.977117773322505,0.997060681243889,0.0100530870269089
"4770","IKBIP","IKBIP",0.00360114490605426,3.54774318544539,0.000837733447813755,0.976976645723135,0.997060681243889,0.010115817811215
"12130","WDR35","WDR35",0.00366993068141541,3.58603156651483,0.000839584703844348,0.976951228002128,0.997060681243889,0.0101271168730944
"3458","FAM24B","FAM24B",0.0036399387013085,3.0263115341614,0.000842914802840937,0.976905576287409,0.997060681243889,0.0101474113877711
"3014","EFCAB5","EFCAB5",0.0082539128227717,1.75282723671735,0.0010271566719371,0.976565953060769,0.997060681243889,0.0102984210058035
"6579","MLLT3","MLLT3",0.00239344562892175,6.51217247145362,0.000870849074799882,0.976526130204213,0.997060681243889,0.0103161312274632
"2357","CSTF2","CSTF2",0.00337902540317238,4.10035038853204,0.000875492879575365,0.976463644611717,0.997060681243889,0.0103439215911189
"4856","INO80E","INO80E",0.00325159249220387,3.26817046303936,0.00113323686490548,0.975734230700385,0.996816822237562,0.0106684588272897
"1174","BVES","BVES",0.0111474483132792,1.4248659882253,0.00348557929735468,0.975664042639305,0.996816822237562,0.0106997003099254
"4754","IGBP1","IGBP1",0.00159894168590277,6.71234406013263,0.000945053332462794,0.975546784793035,0.996816822237562,0.0107518980888019
"1670","CD300LG","CD300LG",0.00943901599040684,1.64239236760169,0.00335341000694442,0.975281727896619,0.996816822237562,0.010869912304263
"5798","LOC283663","LOC283663",0.00947409172748622,1.67484430031461,0.002409959193226,0.974655621847648,0.996674747598166,0.0111488078406094
"5608","LOC100287314","LOC100287314",0.00781282199025402,1.87110807655489,0.00276457958998884,0.974647477816875,0.996674747598166,0.0111524367350853
"3663","FKBP2","FKBP2",0.0034234950313064,4.67921841171339,0.00101631330361181,0.974641918162378,0.996674747598166,0.0111549140760839
"11106","TM9SF4","TM9SF4",0.00201765244783096,5.67044651335971,0.00102828176281789,0.974493093847999,0.996674747598166,0.0112212343445467
"3272","ESRG","ESRG",0.00773274048078322,1.88349192150589,0.00245931273828324,0.97445754420353,0.996674747598166,0.0112370777570238
"3929","GEMIN4","GEMIN4",0.00376290930550528,4.45567799450192,0.00219552825674799,0.974019679990665,0.996605501865399,0.0114322681470475
"2956","EAF1","EAF1",0.00270067291637176,5.7293515403585,0.00107035059334132,0.973976742168166,0.996605501865399,0.0114514136230524
"6633","MPC1","BRP44L",0.00197903868476182,5.66774508562579,0.00109641619380286,0.973661899537936,0.996605501865399,0.0115918240824057
"10377","SPAG16","SPAG16",0.00416363444636875,4.13420664486984,0.00109978407638053,0.973621493907577,0.996605501865399,0.0116098470803566
"812","ATOX1","ATOX1",0.00459717736697907,4.18995934756326,0.00267090827449714,0.973530853134669,0.996605501865399,0.0116502802674132
"12252","YIF1B","YIF1B",0.00301311203630888,4.97143744921177,0.00111188336105351,0.973476843221479,0.996605501865399,0.0116743748894494
"11893","UPK1B","UPK1B",0.0107208833159948,1.54731095292154,0.00440157062224679,0.973406164202429,0.996605501865399,0.0117059078658597
"6855","MTRNR2L5","MTRNR2L5",0.0117007111799008,1.47892778463496,0.0038323015308773,0.973391606261414,0.996605501865399,0.0117124030792268
"10404","SPCS1","SPCS1",0.00181258040109828,7.68208467622261,0.00113034078213173,0.973257688454356,0.996605501865399,0.0117721567954028
"7134","NEK1","NEK1",0.00378972842774557,5.73762417061426,0.00114659905134327,0.97306612475167,0.996605501865399,0.0118576462280591
"8407","PRICKLE3","PRICKLE3",0.00731018983178956,2.27406140188218,0.00201433327276473,0.972965154591127,0.996605501865399,0.0119027131127139
"1508","CCDC113","CCDC113",0.0112816150305171,1.50952639954696,0.00462034095477772,0.972584357023179,0.996605501865399,0.0120727198728669
"2141","CNTNAP1","CNTNAP1",0.00599509662652214,2.53124001621417,0.00136949395208005,0.972284844689403,0.996605501865399,0.0122064836804638
"7053","NCOR1","NCOR1",0.00208358904145636,7.97797208705658,0.00121836128487399,0.972236395673185,0.996605501865399,0.0122281251415746
"10048","SLCO3A1","SLCO3A1",0.00323800886857232,5.06486752966016,0.00123654777486586,0.972030035189124,0.996605501865399,0.0123203154077075
"12628","ZNF410","ZNF410",0.00246095517467221,6.04248016053327,0.00124671236503492,0.971915360140524,0.996605501865399,0.0123715542346789
"9021","RHBDD1","RHBDD1",0.00299657806575875,4.9448672665474,0.00126734441688212,0.97168402350523,0.996605501865399,0.0124749379108524
"9751","SHARPIN","SHARPIN",0.00297118224265778,5.59294192133746,0.00126802491928499,0.971676425622515,0.996605501865399,0.012478333800214
"4597","HPS1","HPS1",0.00185409267799989,6.7771167796015,0.00128031590072333,0.971539545248996,0.996605501865399,0.0125395173144393
"2406","CUL7","CUL7",0.00448712172026532,3.68983556172316,0.00128652200275784,0.971470680005722,0.996605501865399,0.0125703023250096
"12958","ZSWIM5","ZSWIM5",0.00874246193514015,2.17647242120512,0.00138272166904157,0.970423746990002,0.996147117400008,0.0130385845028468
"12323","ZBTB49","ZBTB49",0.00367961368270765,3.9753855149186,0.00139360531638569,0.970307629655351,0.996106740485785,0.0130905536917405
"4755","IGF1","IGF1",0.0108049531789817,1.70389671897737,0.00382292419838547,0.970280555293447,0.996106740485785,0.0131026719207064
"12518","ZNF208","ZNF208",0.00788457154080562,3.38232290181326,0.00139790711756698,0.970261859110551,0.996106740485785,0.0131110403531658
"9477","SAT2","SAT2",0.00263063795797217,4.49843043331621,0.00140212255653659,0.970217075812041,0.996106740485785,0.0131310860636113
"3512","FAS","FAS",0.00326763569826208,7.43252583880398,0.00141896869007422,0.970038778103074,0.996106740485785,0.0132109041053424
"7044","NCLN","NCLN",0.00286018896023329,5.40142224691877,0.00144120254688491,0.969805072066016,0.996106740485785,0.0133155488609128
"7798","PDS5B","PDS5B",0.00278291909541663,6.68171045527961,0.001452237092446,0.969689755358121,0.996103032406438,0.0133671926284144
"10006","SLC46A3","SLC46A3",0.00367214453483163,5.80636125487684,0.0014803162498103,0.969398277209055,0.99593106030125,0.0134977564301211
"2197","COPS4","COPS4",0.00252274786584312,6.30211503888726,0.00148165373769526,0.969384462675664,0.99593106030125,0.0135039454429473
"8005","PIP4K2C","PIP4K2C",0.00296482225800308,5.59186184543353,0.00152756195711747,0.968914018681547,0.995700377404603,0.0137147604816695
"9422","S100A12","S100A12",0.00921760111833397,1.61373867057618,0.0016885459590584,0.968846218068403,0.995700377404603,0.0137451516844734
"10232","SNORD25","SNORD25",0.00768561414737901,2.15519044494977,0.00314248896749044,0.968697191722296,0.995700377404603,0.0138119592920581
"9264","RPL9","RPL9",0.00261026575406783,11.4736894347191,0.00155007595276573,0.968685894827804,0.995700377404603,0.0138170240404547
"3266","ESCO1","ESCO1",0.0038660235672655,6.64823151365959,0.00155670935888882,0.968618998544859,0.995700377404603,0.0138470169307362
"8984","RFESD","RFESD",0.0060177721764915,3.00378227968819,0.00155910951313153,0.968594828755589,0.995700377404603,0.0138578539441435
"8203","POLL","POLL",0.00392648003389579,4.40556330584068,0.0015639658699932,0.968545981690485,0.995700377404603,0.0138797563383542
"7929","PHLPP2","PHLPP2",0.00459757359438645,3.98270681005836,0.00156864606696275,0.968498978332017,0.995700377404603,0.0139008330811649
"2808","DNM1P46","DNM1P46",0.0097746142992417,1.93171883447476,0.00365019167141791,0.968467424946444,0.995700377404603,0.0139149824863563
"1214","C15orf39","C15orf39",0.00508819780312294,3.45499957154822,0.00158500277017973,0.96833525665073,0.995700377404603,0.0139742553923118
"2405","CUL5","CUL5",0.00263686134411027,6.85924267529055,0.00160336612877122,0.968152454437883,0.995700377404603,0.014056249191808
"7706","PCCA","PCCA",0.00513204039389086,3.77644073916901,0.00162329273808616,0.967955272759158,0.995700377404603,0.0141447100910605
"1366","CABP4","CABP4",0.0105278344874729,2.8975904138303,0.00517903438034252,0.967909740995692,0.995700377404603,0.0141651394014594
"11449","TRAF1","TRAF1",0.00337851939788683,6.17971634747566,0.00166567839656247,0.967539841957811,0.995700377404603,0.0143311422923471
"5658","LOC100505738","LOC100505738",0.00733027697207079,3.19969984951485,0.00323871270690909,0.967062103310835,0.995700377404603,0.0145456352663655
"8647","PUSL1","PUSL1",0.00576743393202537,3.28600080502303,0.00229572863564326,0.9669678898729,0.995700377404603,0.0145879473053649
"2085","CLTC","CLTC",0.00288133284376277,6.98591203171758,0.00176139610018537,0.96662075098111,0.995700377404603,0.0147438858577465
"2896","DTX2P1-UPK3BP1-PMS2P11","DTX2P1-UPK3BP1-PMS2P11",0.00867996288391857,2.24230780041746,0.00370663340206517,0.966498293550139,0.995700377404603,0.0147989084253014
"12113","WDHD1","WDHD1",0.00557901212972664,3.17796194724384,0.00177699068468589,0.96647340252817,0.995700377404603,0.0148100933107425
"529","AP3S2","AP3S2",0.0129961808367056,1.64442733248927,0.00659578402551394,0.966132950944338,0.995681821782721,0.0149631055840152
"2025","CKLF","CKLF",0.00482732999007327,3.9911880002031,0.00181582008245516,0.966109305425416,0.995681821782721,0.0149737348085404
"10691","SUPT20H","FAM48A",0.00362899873692992,6.0281844869884,0.00182261224324333,0.966046018590363,0.995681821782721,0.0150021850298126
"3218","EPS8L1","EPS8L1",0.0138355301811021,1.56373488588869,0.00289544433905145,0.965846393638582,0.995681821782721,0.0150919374557433
"4677","IARS2","IARS2",0.00277378964167538,6.78897983891045,0.00184483836386647,0.965839745431317,0.995681821782721,0.015094926843793
"12567","ZNF280D","ZNF280D",0.00371808244838588,5.39669188100896,0.00187263306502521,0.965583536109351,0.995681821782721,0.0152101478794491
"2114","CNKSR1","CNKSR1",0.0105906545040192,1.91259304485937,0.00263274641719203,0.965558635858022,0.995681821782721,0.0152213475123994
"10124","SMS","SMS",0.00259683227800418,6.13823310328296,0.00189151417717641,0.965410576693249,0.995681821782721,0.0152879475161327
"8945","RECK","RECK",0.00447340513809127,5.05201469283542,0.00189243669420955,0.965402148236748,0.995681821782721,0.0152917391134245
"9343","RRBP1","RRBP1",0.00675510396149531,3.66219829446732,0.00407086159932593,0.965300580696464,0.995681821782721,0.0153374325510161
"3465","FAM49B","FAM49B",0.00285219528549011,7.77979645871611,0.00194607673837615,0.964915563351235,0.995681821782721,0.015510688702876
"7660","PARP10","PARP10",0.00570363662270133,6.23515804122165,0.00194700110186189,0.964907237461544,0.995681821782721,0.015514436081079
"6974","NAGLU","NAGLU",0.0101681706296988,2.73256661909132,0.00583752803764564,0.964684615525414,0.995681821782721,0.0156146474067966
"7105","NDUFS2","NDUFS2",0.00301253422882968,6.38626774602637,0.00200368808659462,0.964400379583221,0.995681821782721,0.0157426273583896
"1358","CA5B","CA5B",0.00437667792848023,6.288791670514,0.00200734836156753,0.964367900264637,0.995681821782721,0.0157572538834998
"9042","RHOT1","RHOT1",0.00342466125836725,5.52823668400258,0.0020131209761573,0.964316737415974,0.995681821782721,0.0157802952272465
"2043","CLDND1","CLDND1",0.00357684111107571,8.38493094792533,0.00203319287417873,0.964139409309046,0.995681821782721,0.0158601649392677
"1110","BRCC3","BRCC3",0.00352769092859562,5.49690855570994,0.00210314461007644,0.963528166509475,0.995681821782721,0.0161355852318367
"11236","TMEM245","C9orf5",0.00324499505252166,6.61086871868831,0.00212498039178663,0.963339456951732,0.995681821782721,0.0162206512933286
"11777","UBE2D1","UBE2D1",0.0045466067980073,5.46920425788673,0.00217040844339127,0.962949946447803,0.995610874673149,0.0163962866516571
"5231","KLHL22","KLHL22",0.00517426361633164,4.71865897276529,0.00217731414987329,0.962891094367954,0.995610874673149,0.0164228299986864
"12186","WIZ","WIZ",0.0102275872977117,2.59538729580068,0.00441712088247823,0.962730033156196,0.995610874673149,0.0164954797994997
"9066","RIOK2","RIOK2",0.00484547417222754,5.593186200177,0.00222318905426801,0.962502489184415,0.995610874673149,0.0165981386634534
"1794","CDKN2D","CDKN2D",0.00515167788541334,6.4280781548871,0.00222955313269587,0.962448897821697,0.995610874673149,0.0166223205033371
"3315","EXOC5","EXOC5",0.00433562082024615,6.17228483285706,0.00223158150554082,0.962431833180807,0.995610874673149,0.0166300208031582
"2515","DCAF12","DCAF12",0.00589217826298545,4.45265546366678,0.00227137223305475,0.962098633321695,0.995610874673149,0.0167804022745329
"7467","NUSAP1","NUSAP1",0.00637463639922021,4.09474741251349,0.00227463476590193,0.962071443737338,0.995610874673149,0.0167926759156138
"6560","MKKS","MKKS",0.00510054274063867,4.95847571571686,0.0022839171329951,0.961994192252938,0.995610874673149,0.0168275498749886
"3256","ERO1A","ERO1L",0.00420943540330176,5.42900771488996,0.00230161030900797,0.961847377291254,0.995610874673149,0.0168938348839552
"11110","TMBIM4","TMBIM4",0.00437255479248791,7.59553794012714,0.00230348607995219,0.961831845674749,0.995610874673149,0.0169008477946971
"3634","FGFR1OP","FGFR1OP",0.00403859841444858,4.18723313354189,0.00294248128282349,0.961735520428659,0.995610874673149,0.0169443435657495
"7441","NUMB","NUMB",0.00329903022027969,6.10911545902755,0.00233770440567293,0.961549618220487,0.995610874673149,0.0170283002311568
"1373","CACNA2D4","CACNA2D4",0.00627603861452244,3.46401926224984,0.00233864233859271,0.961541911549644,0.995610874673149,0.0170317810479242
"11662","TTC9C","TTC9C",0.0061940153802631,3.24518635475442,0.00234528657428801,0.961487362455727,0.995610874673149,0.0170564196437141
"357","ALDH9A1","ALDH9A1",0.0045175913419762,6.48127531668895,0.00246629143488445,0.960507134741806,0.995323879308654,0.0174994048080264
"4285","GVINP1","GVINP1",0.00753835144966849,6.40601316442333,0.00247162998474084,0.960464450169749,0.995323879308654,0.0175187051186145
"10517","SS18L1","SS18L1",0.0104375562350058,3.3703565224638,0.00811357868065258,0.960441249026691,0.995323879308654,0.0175291961368968
"6800","MTBP","MTBP",0.00687348505583459,3.43214510676979,0.00250969005933168,0.960161469115335,0.995323879308654,0.0176557260760256
"932","B3GNTL1","B3GNTL1",0.0100591718400357,2.90523590841089,0.00592181771347014,0.95969519866116,0.995054812358634,0.0178666779587398
"11782","UBE2E2","UBE2E2",0.0155814173773004,1.58656443001111,0.00344815368738288,0.959637622171223,0.995054812358634,0.0178927340461501
"4821","IL7R","IL7R",0.00429161569540944,10.4138773915282,0.00257715590373127,0.959630006734618,0.995054812358634,0.0178961805087953
"10730","SYNCRIP","SYNCRIP",0.00285235500692864,7.39663297800776,0.00259496422610214,0.959490888748773,0.995054812358634,0.0179591449357203
"427","ANGEL2","ANGEL2",0.00371315971771776,5.58633465702078,0.00260581280168261,0.959406374561329,0.995054812358634,0.0179974002878695
"1145","BTBD11","BTBD11",0.00610876919498957,3.81234805938689,0.00264196956639197,0.959125966912445,0.995021284986417,0.0181243509707728
"2320","CRYBG1","AIM1",0.00549714964334392,7.53811690049804,0.00265559412130671,0.959020803482629,0.995008986033209,0.0181719718285902
"5514","LOC100128398","LOC100128398",0.0127100432405574,1.9520848088425,0.0064487847656933,0.959004671267473,0.995008986033209,0.0181792773958157
"2754","DNAH14","DNAH14",0.0187429368158483,1.39312203485728,0.00768156811827965,0.95882368987031,0.995008986033209,0.0182612442953999
"695","ARMCX1","ARMCX1",0.0159260295394414,1.62844578822203,0.00369472581750103,0.958651199316486,0.995008986033209,0.0183393800731676
"5758","LOC145783","LOC145783",0.0111723118978903,2.1676893469507,0.00376054693180366,0.958631065303406,0.995008986033209,0.0183485014122013
"1835","CENPJ","CENPJ",0.00695953557879771,3.25981568360279,0.00273280100740426,0.958429912093594,0.995008986033209,0.0184396406408319
"3033","EHBP1","EHBP1",0.00599739214238001,4.42841719520276,0.00277012166279773,0.958147285740284,0.995008986033209,0.0185677263414359
"4144","GPR171","GPR171",0.00628392804190982,6.61679631292409,0.00277337881440348,0.95812271042562,0.995008986033209,0.0185788656105067
"863","ATP6V0E2","ATP6V0E2",0.00415568941010101,6.86572782814377,0.00277749991840536,0.958091637291176,0.995008986033209,0.0185929505596585
"6348","MCTP1","MCTP1",0.00990062476535555,2.54827361011058,0.00279715461980459,0.95794375782826,0.995008986033209,0.0186599881885274
"11288","TMEM94","KIAA0195",0.00483651718205476,4.88518037810711,0.00279990707800305,0.95792309032785,0.995008986033209,0.0186693581313204
"2271","CPVL","CPVL",0.0139844269350553,2.15180006750267,0.00287888839699175,0.957334321145276,0.994992641260829,0.0189363710285211
"2243","CPA4","CPA4",0.0168900013531592,1.49862853688461,0.0112605382873822,0.957253674705953,0.994992641260829,0.0189729578071696
"1002","BCL2L15","BCL2L15",0.0109944343842453,2.60604323960704,0.00543218230634239,0.956703298728956,0.994828507252907,0.0192227285801683
"11694","TUBG1","TUBG1",0.00855997681534428,2.79221861751905,0.00297779016228995,0.956608361291193,0.994828507252907,0.0192658274712079
"12766","ZNF615","ZNF615",0.00741105928698012,3.68087639715017,0.00300578951346742,0.956405044417112,0.994828507252907,0.0193581419281378
"3399","FAM13B","FAM13B",0.00446303077521175,6.42109220670686,0.00300965756107814,0.956377031445395,0.994828507252907,0.0193708625398509
"3661","FKBP1A","FKBP1A",0.00375916366612038,7.44446613504074,0.00302723827411596,0.956249936273185,0.994828507252907,0.0194285807807626
"8574","PTBP1","PTBP1",0.00371644174877096,7.65499601826444,0.00308823516451202,0.955811821010091,0.994828507252907,0.019627602641646
"11900","UQCC3","C11orf83",0.0111399768759258,3.52636421202324,0.0117842738614839,0.95555053855892,0.994828507252907,0.0197463383977418
"3280","ETFA","ETFA",0.00454875960850543,6.15017743813574,0.00315837281645161,0.955313382176947,0.994828507252907,0.019854138547664
"9349","RRN3P1","RRN3P1",0.00700796462763531,3.3357474377266,0.00316483170677422,0.955267762011652,0.994828507252907,0.0198748784006823
"8105","PLIN2","PLIN2",0.00383521842233116,6.66043143532307,0.00316797089457553,0.955245606295923,0.994828507252907,0.0198849511960299
"3490","FAM98A","FAM98A",0.0062158319475428,3.711313711599,0.00319488975945574,0.955056069010198,0.994828507252907,0.0199711312990363
"2235","COX6A1","COX6A1",0.003158542946163,7.64742934722025,0.00320659616082824,0.954973893558544,0.994828507252907,0.0200085007078128
"4675","IAPP","IAPP",0.0157392152852309,1.74763466486135,0.00910202010076093,0.9547061743434,0.994828507252907,0.0201302687259771
"6141","MACF1","MACF1",0.00394637917156053,7.64162048295355,0.00325260307817565,0.954652387530379,0.994828507252907,0.0201547369600392
"6731","MRPS15","MRPS15",0.00306870683817436,5.84614274682271,0.00327519676436087,0.954495333400667,0.994828507252907,0.0202261905634457
"2711","DISC1","DISC1",0.012759937595198,2.1323833844024,0.00528386139890403,0.954261118473186,0.994828507252907,0.0203327712128473
"12285","ZAP70","ZAP70",0.00346484151498335,8.26507008970559,0.00331459243161497,0.954222779208084,0.994828507252907,0.0203502201746085
"7122","NECTIN3","PVRL3",0.012145801084296,2.56064694162565,0.00331857129751409,0.954195342473501,0.994828507252907,0.0203627076083591
"8100","PLEKHM3","PLEKHM3",0.00406238115622881,5.25792607969936,0.00342130764911831,0.953492541309399,0.994745375022664,0.0206826998710852
"8666","PYGB","PYGB",0.0053038011189448,5.11578919938457,0.00342412570069384,0.953473413791455,0.994745375022664,0.020691412114189
"3733","FOPNL","FOPNL",0.00351905600396441,5.64881175183327,0.00343337199897514,0.953410709973856,0.994745375022664,0.0207199738098344
"5099","KCTD4","KCTD4",0.00961576312485835,1.37999881279564,0.00508379166596713,0.953355700914247,0.994745375022664,0.0207450320769753
"3332","EXT1","EXT1",0.00920037839406892,2.81577320391967,0.00345821047148889,0.953242686024402,0.994745375022664,0.0207965182666481
"6702","MRPL37","MRPL37",0.00413100492504479,5.86951167991662,0.00354696867467257,0.952647160727205,0.994745375022664,0.0210679225760468
"3253","ERMN","ERMN",0.0095347947051308,3.93560466881164,0.00355221843426835,0.952612172864888,0.994745375022664,0.0210838731978565
"11160","TMEM135","TMEM135",0.00568903117071916,5.240797742899,0.00357007943375611,0.952493329272812,0.994745375022664,0.0211380571958104
"1349","C9orf16","C9orf16",0.00451513866135371,5.97688245136928,0.00362780925947841,0.952111233161632,0.994745375022664,0.0213123109366042
"5688","LOC100506472","LOC100506472",0.0127165945944837,2.22504303009586,0.00839703345024179,0.951910469723724,0.994745375022664,0.0214038965035569
"6881","MXD3","MXD3",0.0115066386490545,2.4869759342973,0.00646761300362502,0.951765129301324,0.994745375022664,0.0214702108940977
"4902","IQCB1","IQCB1",0.00551385588842447,5.43696545734167,0.00370219229403987,0.951623385321424,0.994745375022664,0.0215348940924613
"3381","FAM118A","FAM118A",0.0149149585666147,5.54123632523394,0.00370708367353323,0.951591477899629,0.994745375022664,0.0215494559976739
"3919","GDE1","GDE1",0.0051013027185799,6.14318502606361,0.00372766588153206,0.951457447094332,0.994745375022664,0.0216106302938019
"5872","LOC401397","LOC401397",0.00735506570962494,4.83493186481504,0.00375932709811725,0.951251993123244,0.994745375022664,0.0217044202591949
"5450","LINC00954","FLJ12334",0.00828870720432742,3.43670828844417,0.0037751615023384,0.951149567281406,0.994745375022664,0.0217511853364357
"2384","CTSB","CTSB",0.00546743152507731,7.97138342199408,0.00383786770597914,0.950746050787708,0.994745375022664,0.0219354698865809
"2758","DNAH8","DNAH8",0.0188733600360313,1.60882191060548,0.00386449612825633,0.95057569766553,0.994745375022664,0.0220132930337623
"9990","SLC39A9","SLC39A9",0.00421289965374742,5.21636042694786,0.00390121405428841,0.950341761245766,0.994745375022664,0.0221201859409281
"4669","HYAL3","HYAL3",0.014959384812526,2.00567964846461,0.0052686350021947,0.950254576130457,0.994745375022664,0.0221600302926875
"5131","KHNYN","KHNYN",0.00544682691024803,5.19229576507632,0.00392461167108847,0.950193267045887,0.994745375022664,0.0221880512638751
"3734","FOS","FOS",0.016105888922693,8.95318999154942,0.00397089932269862,0.949900803521198,0.994745375022664,0.0223217449560989
"12183","WIPF2","WIPF2",0.00598582105924444,4.99410766938734,0.0041436330954965,0.948824236833955,0.994745375022664,0.0228142301889116
"4310","H2AC21","HIST2H2AB",0.0179440815837387,1.7394664756819,0.00711343504816556,0.948652885514064,0.994745375022664,0.0228926679545336
"11032","TIAM2","TIAM2",0.0180465145114592,1.75711959995854,0.00538950213742083,0.948577816375488,0.994745375022664,0.0229270360602459
"9878","SLC25A14","SLC25A14",0.00818852692961739,3.58944112175379,0.00817532242978935,0.948449253059146,0.994745375022664,0.0229859011548434
"3389","FAM122C","FAM122C",0.0102092815000161,4.01802893540083,0.0134882984198725,0.948263814707689,0.994745375022664,0.0230708215936763
"11221","TMEM218","TMEM218",0.00856167408878979,4.10102946270994,0.00426123304425695,0.948104139405096,0.994745375022664,0.0231439572979851
"2743","DMD","DMD",0.0223894855685895,1.48605761734357,0.00643892012807197,0.947655290698652,0.994745375022664,0.023349608412747
"5814","LOC284950","LOC284950",0.0178313781379647,1.77482800749653,0.0202624255006737,0.947637954929484,0.994745375022664,0.0233575531768692
"2112","CNIH1","CNIH",0.00413322245072948,6.46985975792643,0.00440092668194558,0.947261603718759,0.994745375022664,0.0235300660211289
"10398","SPATA6","SPATA6",0.0147166666683736,2.13821531227584,0.00473924680888816,0.947192612926043,0.994745375022664,0.0235616976333671
"8054","PLBD1","PLBD1",0.0139871431463382,2.18923957512533,0.00481806482219881,0.947107638183204,0.994745375022664,0.0236006608990052
"320","AKAP3","AKAP3",0.0254562801585273,1.38415347372817,0.00589157823523186,0.947005123368458,0.994745375022664,0.0236476714247824
"9961","SLC35F2","SLC35F2",0.00663032307274878,4.72470478121676,0.00446704955487814,0.946867481891938,0.994745375022664,0.0237107980930415
"11473","TRAPPC2","TRAPPC2",0.00429061053310431,6.32189008605206,0.00447508829743896,0.946819767725124,0.994745375022664,0.0237326834380106
"12893","ZNF83","ZNF83",0.00637783583560132,5.99147493043947,0.00451113714986571,0.946606326314081,0.994745375022664,0.0238305974022364
"6473","MGAT4B","MGAT4B",0.00904257274233282,3.71030038915398,0.00451576373451427,0.94657899492275,0.994745375022664,0.0238431369801695
"11756","UBA5","UBA5",0.00628156386502301,5.79963768373752,0.00452836668450041,0.9465046146839,0.994745375022664,0.0238772642919775
"648","ARHGEF5","ARHGEF5",0.0236292387612088,1.4745526596844,0.0111357637983347,0.946424951955988,0.994745375022664,0.0239138183019902
"10754","SZT2","SZT2",0.00600252721198173,5.19271617820873,0.00465645884111605,0.945754459905888,0.994745375022664,0.0242216020225831
"9610","SELL","SELL",0.00791591042371917,10.3687569655388,0.00466233258160541,0.945720311261117,0.994745375022664,0.0242372835090252
"1135","BRWD3","BRWD3",0.0075530965280998,4.63778583253771,0.00470146742792722,0.94549333937432,0.994745375022664,0.0243415262405891
"2762","DNAJA3","DNAJA3",0.00819218529268895,5.25993145279838,0.00470698199722643,0.945461432722373,0.994745375022664,0.0243561822049542
"809","ATM","ATM",0.00711404617286079,7.89852587994901,0.00479269762183117,0.944967885657148,0.994745375022664,0.0245829505583356
"5754","LOC144481","LOC144481",0.0222010519654608,1.56936287282614,0.0126872199215701,0.944853625367786,0.994745375022664,0.0246354662196735
"10592","STIM2","STIM2",0.00599947403439069,5.6160456383096,0.00485058161227919,0.944637096772576,0.994705929905083,0.0247350032783994
"3200","EPHA10","EPHA10",0.0231432893240646,1.54384608288901,0.0204538381117572,0.944227100865237,0.994549759185196,0.0249235387625061
"9613","SEM1","SHFM1",0.0047995748469939,6.40679617118288,0.0049715099625531,0.943952369525788,0.994469229320939,0.0250499190218421
"11883","UNC5CL","UNC5CL",0.0142766389388066,2.45235543057841,0.00801691757882414,0.943920797834408,0.994469229320939,0.0250644447978202
"4243","GTF2B","GTF2B",0.00639561422598042,6.97330588056388,0.0051072118431562,0.943193882700852,0.994099445776551,0.0253990246197945
"6450","MFHAS1","MFHAS1",0.00675327128783767,5.20915951396539,0.00513603593675204,0.943034083644591,0.994099445776551,0.0254726104744756
"7824","PER1","PER1",0.0152266061764532,6.37657051986851,0.00513990513808493,0.943012667371227,0.994099445776551,0.0254824734000264
"11812","UBE4B","UBE4B",0.00572626817043755,4.65420726611269,0.00515742322679076,0.942915804883975,0.994099445776551,0.0255270846823447
"2386","CTSD","CTSD",0.00525035084853178,6.97594839807896,0.00515842815536861,0.942910253367367,0.994099445776551,0.0255296416446038
"421","ANAPC2","ANAPC2",0.0115222651803223,3.60811758945347,0.0105812782682091,0.942909883338906,0.994099445776551,0.0255298120758298
"7243","NLN","NLN",0.0130275338340804,2.88088520686304,0.0118927775882799,0.94279116009941,0.994099445776551,0.0255844982075836
"3433","FAM209A","FAM209A",0.0243020049649685,1.42207854230816,0.0143983473576073,0.942546917697038,0.994099445776551,0.0256970224592702
"8724","RAB35","RAB35",0.00646830013909086,4.53559992945176,0.00540793206249096,0.941548349354875,0.993824135165253,0.026157373662306
"755","ASPH","ASPH",0.00831420360751819,4.22187862116266,0.00542576457428619,0.941452233188173,0.993824135165253,0.0262017100488625
"3561","FBXO33","FBXO33",0.00636824972510355,6.11279135409683,0.00545568921268633,0.941291297364619,0.993824135165253,0.0262759565292205
"878","ATP8B1","ATP8B1",0.0142106932436404,2.55145926149766,0.0112232299752621,0.941035952491034,0.993824135165253,0.0263937839370412
"10608","STK32C","STK32C",0.0200943084466808,1.7863228808701,0.00592726263461542,0.940830037965971,0.993814675104835,0.0264888252872641
"7848","PF4","PF4",0.0263767886988456,1.37284877838655,0.00890591007197287,0.940709773980888,0.993797060085836,0.0265443436290312
"9111","RNF122","RNF122",0.0172222090492222,2.03335956582237,0.0144353564530502,0.94058105711376,0.993797060085836,0.0266037720005355
"1853","CEP131","AZI1",0.0126179164023481,2.77011505044609,0.00727724945509107,0.940549421676171,0.993797060085836,0.026618379276462
"10770","TAF15","TAF15",0.00655764882705841,4.72906097151672,0.00561225747386027,0.940456410773489,0.993797060085836,0.0266613287677692
"7996","PIM1","PIM1",0.0101511206969037,8.19026096696269,0.0056275948034412,0.94037525918009,0.993797060085836,0.0266988054753297
"9144","RNF213","RNF213",0.00563738903098467,8.18436359560139,0.00569352495410115,0.940027675161328,0.993797060085836,0.0268593602376187
"12724","ZNF565","ZNF565",0.00896609110960868,3.42782800430452,0.00572272977784424,0.939874354300728,0.993797060085836,0.0269302005291052
"11020","THRAP3","THRAP3",0.00353532344973567,8.25649870497238,0.00572988277026896,0.939836862211971,0.993797060085836,0.0269475251129257
"5447","LINC00670","FLJ34690",0.0205427413530586,1.73960921841328,0.0122617760275453,0.9397662024629,0.993797060085836,0.0269801778997887
"1612","CCNJ","CCNJ",0.00963645486077573,3.78970458336556,0.00577338727860163,0.939609340442162,0.993797060085836,0.027052674650576
"10619","STN1","OBFC1",0.0065836518828037,6.62230766265396,0.00579217517736778,0.939511349325832,0.993797060085836,0.0270979692411447
"2837","DOP1B","DOPEY2",0.00744282105256963,4.19319915067842,0.00583677045104251,0.939279394061889,0.993797060085836,0.0272052051236348
"12537","ZNF235","ZNF235",0.0125217143046268,3.062116142885,0.0058695505309513,0.939109461544574,0.993797060085836,0.0272837839062407
"2397","CTU2","CTU2",0.00843316972257284,3.22976841894694,0.00610246987672351,0.939094531864813,0.993797060085836,0.0272906882441717
"7593","P4HA1","P4HA1",0.00624093367232514,5.54691731719489,0.00588807875897427,0.939013621992516,0.993797060085836,0.0273281075067627
"10191","SNORA48","SNORA48",0.0112055826966325,3.46656032903553,0.00591114607366482,0.938894515187087,0.993797060085836,0.0273831979847262
"12211","XIST","XIST",0.0472228673901529,7.6813607013722,0.00593150440074208,0.938789590160131,0.993797060085836,0.0274317347541841
"9576","SEC22B","SEC22B",0.00727953027669808,6.2474159559188,0.00596311099137027,0.938627050845615,0.993797060085836,0.0275069337547906
"9901","SLC25A4","SLC25A4",0.0121643499193217,3.37420502092401,0.0115195221886567,0.938625447021327,0.993797060085836,0.0275076758308183
"2309","CROT","CROT",0.00768872724669015,4.39147430545759,0.00597156917745223,0.93858362752217,0.993797060085836,0.027527025809432
"11066","TIPRL","TIPRL",0.00476726467506206,5.96635250528436,0.00598184949337715,0.938530891232988,0.993797060085836,0.0275514282411058
"10912","TCTN2","TCTN2",0.0162755946294593,3.24381737907951,0.0165791762740934,0.938527498886609,0.993797060085836,0.0275529980135974
"8882","RBM23","RBM23",0.00635535444979972,5.88738765771867,0.00601253665249023,0.938373741857122,0.993797060085836,0.0276241534139561
"10020","SLC5A5","SLC5A5",0.0136903742118639,2.70124945538173,0.0132080125278688,0.938334581818961,0.993797060085836,0.0276422776885409
"11931","USP18","USP18",0.0205206493730227,3.83475739570864,0.00608409450387801,0.938008853183892,0.993797060085836,0.0277930626115891
"1586","CCDC97","CCDC97",0.00682107728485428,5.22295540421753,0.00613589028584367,0.937746080694622,0.993797060085836,0.0279147423052116
"6814","MTFR1L","FAM54B",0.00625174156984779,5.21623270386312,0.00613631029936018,0.937743954435627,0.993797060085836,0.0279157270319032
"7865","PGAM2","PGAM2",0.0194201586656309,1.94902743280195,0.0113269244994318,0.937585511749244,0.993797060085836,0.0279891123071824
"690","ARMC2","ARMC2",0.0123544644674595,3.1435758339644,0.0103844999533269,0.937488487326466,0.993797060085836,0.028034056849617
"7109","NDUFS6","NDUFS6",0.00447713349096155,5.60702167900734,0.00623177984924506,0.937262538579406,0.993797060085836,0.0281387409310341
"2071","CLN8","CLN8",0.0105904857779422,3.84959729729718,0.00623484820446329,0.937247127824843,0.993797060085836,0.028145881791163
"7398","NTMT1","METTL11A",0.00707959946501376,4.12267858790151,0.00627524367362239,0.937044597076411,0.993797060085836,0.0282397390980414
"3515","FASN","FASN",0.0110061109559863,3.15712482281247,0.00631905276666293,0.936825691557663,0.993797060085836,0.0283412076573751
"5773","LOC155060","LOC155060",0.0143128878926467,3.43834610013476,0.0142402251897902,0.936759686375627,0.993797060085836,0.0283718074759739
"2715","DKFZP586I1420","DKFZP586I1420",0.0096028355258381,4.84778352697899,0.00634171800828195,0.93671273748396,0.993797060085836,0.0283935741636786
"7290","NOLC1","NOLC1",0.00489968376076819,6.27849552553531,0.00635428474797916,0.936650197647277,0.993797060085836,0.0284225709004787
"11054","TIMM50","TIMM50",0.00566269142222297,5.02023323158922,0.00643196819641723,0.936264970819207,0.993797060085836,0.0286012248949448
"3872","GART","GART",0.00779514975534916,5.41500005521516,0.00649760350066292,0.935941311020337,0.993797060085836,0.0287513832054118
"3782","FTH1","FTH1",0.00930022929186679,10.9799318155185,0.00649880666658253,0.935935393382285,0.993797060085836,0.0287541291101458
"4108","GPATCH1","GPATCH1",0.0134844904430361,3.78619111896894,0.0173052514932033,0.935877977027272,0.993797060085836,0.0287807723712263
"788","ATG101","C12orf44",0.0091075741785092,3.91618876556507,0.00659807315093909,0.935449047325783,0.993797060085836,0.0289798629666368
"8819","RAPGEF2","RAPGEF2",0.00964596159989301,3.91871776040049,0.00664275469942222,0.935231337012003,0.993797060085836,0.0290809495970916
"1871","CEP63","CEP63",0.00734411731421477,4.97079040246446,0.0066530458843818,0.935181297868304,0.993797060085836,0.0291041869550814
"4428","HEATR4","HEATR4",0.0209436994255768,1.86003427244211,0.0144170457216047,0.93514028949239,0.993797060085836,0.0291232314996075
"11184","TMEM168","TMEM168",0.00832400365531459,4.68365660381625,0.00666281767809294,0.935133820225697,0.993797060085836,0.0291262359435145
"7115","NEAT1","NEAT1",0.0103490600269246,6.65529180728063,0.00670392914672245,0.934934457228842,0.993797060085836,0.0292188338992165
"8400","PREP","PREP",0.00662452249580132,5.36379836038073,0.00670425024761886,0.934932902531096,0.993797060085836,0.0292195560858983
"10374","SPACA6","LINC00085",0.0249718647570298,1.64803230387307,0.0175885970954272,0.934891213485516,0.993797060085836,0.0292389218885953
"11553","TRMT2A","TRMT2A",0.00701015215960305,5.40448382182497,0.00675302797221693,0.934697165612415,0.993797060085836,0.0293290742683997
"508","ANXA9","ANXA9",0.0253485767625497,1.59784645062307,0.0103296354954279,0.934464872434723,0.993797060085836,0.0294370195869129
"1525","CCDC141","CCDC141",0.0121601541900264,4.98722348935112,0.00684929532065672,0.934234419019762,0.993797060085836,0.0295441364969674
"8992","RFTN1","RFTN1",0.0059253971769498,6.17735582789313,0.00693021880300861,0.933847955890486,0.993797060085836,0.0297238275096897
"11147","TMEM120A","TMEM120A",0.00786624571525163,4.70269393351954,0.00697100985033892,0.933654012966661,0.993797060085836,0.0298140317968376
"7085","NDUFAF3","NDUFAF3",0.00837490670084234,5.93446586183481,0.0069978166010859,0.933526870041681,0.993797060085836,0.0298731770797825
"3202","EPHB4","EPHB4",0.028272959061453,1.50846002108483,0.0101902043110949,0.933184842593117,0.993797060085836,0.0300323239198945
"4719","IFI44","IFI44",0.0134731010886972,6.54259262448202,0.00710495129247635,0.93302116863307,0.993797060085836,0.0301085027527075
"6920","MYO5A","MYO5A",0.00659708729484406,6.05573302004459,0.00712276836704369,0.932937441121882,0.993797060085836,0.0301474772464893
"5885","LOC440944","LOC440944",0.00613626493661761,4.91368262901554,0.0071590473530781,0.93276728123542,0.993797060085836,0.0302266961057773
"10054","SLFN12L","SLFN12L",0.00816710148756567,4.23349480726592,0.00723995427062637,0.932389359626902,0.993797060085836,0.030402691266529
"1975","CHRNA5","CHRNA5",0.0281638800549457,1.5378915551481,0.0158803585995318,0.932352914743965,0.993797060085836,0.0304196671368921
"12471","ZNF101","ZNF101",0.00604269632125791,6.98067611489225,0.00726218860283954,0.9322858746426,0.993797060085836,0.0304508958620129
"1697","CD70","CD70",0.0207435009742456,1.92178806566683,0.00962687503355314,0.932217803104924,0.993797060085836,0.0304826073502263
"9242","RPL31","RPL31",0.00442820903375086,11.4078907045186,0.00730705272995969,0.932077548817208,0.993797060085836,0.0305479528581368
"12088","VXN","C8orf46",0.0281863437253617,1.54592662594963,0.00850546499607263,0.931963225251746,0.993797060085836,0.0306012243255689
"1840","CENPO","CENPO",0.0165387230099139,2.52279493952444,0.0116537375998723,0.931896182921833,0.993797060085836,0.0306324671476617
"8215","POLR2D","POLR2D",0.00620886432130973,5.61576460420887,0.00738051585820304,0.931737810389009,0.993797060085836,0.03070628026494
"4543","HMGCR","HMGCR",0.00965499843951156,4.8878591831122,0.00740256347903592,0.93163618136527,0.993797060085836,0.0307536533896587
"4637","HSP90B1","HSP90B1",0.00469947282065643,8.53503089296437,0.00743703023827948,0.931477611050842,0.993797060085836,0.0308275793226816
"2820","DOCK10","DOCK10",0.00667212537444447,7.8895579885728,0.00748448207807622,0.931259905081403,0.993797060085836,0.0309290949692141
"1615","CCNL2","CCNL2",0.00523488224012837,6.98738830725171,0.00756598809702023,0.930887577477406,0.993779175659512,0.0311027652370585
"8632","PTS","PTS",0.0116014370162439,4.27133288099334,0.0075878954518514,0.930787847501492,0.993779175659512,0.0311492955588109
"7565","OTUB1","OTUB1",0.00464444013188861,7.08253446119031,0.00759196074420478,0.930769356827731,0.993779175659512,0.031157923171825
"10281","SNORD96A","SNORD96A",0.0280850339596096,1.57672009209557,0.017986606311236,0.930646489933187,0.993779175659512,0.0312152563190415
"7046","NCOA1","NCOA1",0.00705087814767216,5.57292084510428,0.00763731221044495,0.930563416413577,0.993779175659512,0.0312540250479848
"11737","TYK2","TYK2",0.00655445664875248,5.96588976602478,0.00766064122278526,0.930457719666893,0.993779175659512,0.0313033565821619
"11035","TIGAR","C12orf5",0.00976991279368416,4.83702979539133,0.00766464564962747,0.93043959312885,0.993779175659512,0.0313118172912985
"5338","LARP7","LARP7",0.00570964359406712,6.47146652301413,0.00767885195330416,0.930375324984346,0.993779175659512,0.0313418162990016
"4373","HAUS1","HAUS1",0.00839447243627872,5.03346553455516,0.00769288879597948,0.930311882284556,0.993779175659512,0.0313714320391847
"11260","TMEM41B","TMEM41B",0.00753547352203241,5.11840212139666,0.00770149543298827,0.930273011477331,0.993779175659512,0.0313895783512872
"3038","EHHADH","EHHADH",0.0242058941551667,1.78620203391383,0.0152290543963766,0.930167622833155,0.993779175659512,0.0314387814334233
"5384","LETM2","LETM2",0.0190173581305038,1.96547198922906,0.0131985972287712,0.930091976472197,0.993779175659512,0.0314741020920784
"2803","DNASE2","DNASE2",0.00632948487262454,5.65002522277222,0.0077482116532288,0.930062404278352,0.993779175659512,0.0314879106670425
"11031","TIAM1","TIAM1",0.00616412968464522,7.39428567542946,0.00786592771256274,0.929534534408972,0.993779175659512,0.0317344705239907
"2268","CPT1A","CPT1A",0.0141293409175771,5.14463985991137,0.00789364473258464,0.929410824183523,0.993779175659512,0.0317922739103019
"4281","GUSBP2","GUSBP2",0.0190696924254027,2.18485756212457,0.0173242167708634,0.929290719902899,0.993779175659512,0.0318483997865257
"8115","PLOD3","PLOD3",0.00832733900322083,4.86736400364077,0.00793507839965992,0.929226299563532,0.993779175659512,0.0318785070146304
"1762","CDK13","CDK13",0.00671862554316387,5.2083839320266,0.00794227099265296,0.929194316896971,0.993779175659512,0.0318934550791131
"240","ADSS2","ADSS",0.0063613570295548,6.21960318153701,0.00795720523348137,0.929127956720221,0.993779175659512,0.0319244721518802
"10557","STAC2","STAC2",0.0211556180492967,1.97458688757832,0.0251480173677379,0.928887716192509,0.993779175659512,0.0320367802853557
"3282","ETFBKMT","METTL20",0.0180720588605536,2.30577746590824,0.0171642935575563,0.92884672720813,0.993779175659512,0.0320559448002848
"5225","KLHL15","KLHL15",0.0124031603759891,3.99966810161496,0.00803592955353295,0.928779178866996,0.993779175659512,0.0320875290624695
"10255","SNORD5","SNORD5",0.0282595717821798,1.57081841531343,0.0278675793092756,0.928643116829477,0.993779175659512,0.032151155941864
"359","ALDOC","ALDOC",0.00851256792629366,5.75157141833324,0.00810673508734524,0.928466952428611,0.993779175659512,0.0322335497953033
"2673","DHRS4-AS1","C14orf167",0.0113315373402295,3.9737965167893,0.00813533274222331,0.928341237153903,0.993779175659512,0.0322923576468479
"3799","FUT10","FUT10",0.0140361729135588,3.35328612604436,0.00818011024510017,0.928144841936895,0.993779175659512,0.0323842445295966
"5642","LOC100499467","LOC100499467",0.0222647698679937,2.17564612400112,0.00823051600066152,0.92792440839781,0.993779175659512,0.0324874013165365
"8989","RFPL1S","RFPL1-AS1",0.0203412349784541,2.10776698540047,0.0182524613970146,0.927404546766882,0.993745063938688,0.0327307792285182
"9330","RPSAP58","RPSAP58",0.0149281360638345,3.39380125882037,0.00836650638803059,0.927333070216161,0.993745063938688,0.0327642522883138
"7595","P4HTM","P4HTM",0.00577826121433391,5.67163351045833,0.00847301178575349,0.926873320494401,0.993745063938688,0.0329796185736518
"8790","RALA","RALA",0.0054442064589872,6.04869205115134,0.00850057719682135,0.926754804884688,0.993745063938688,0.033035153634523
"7197","NHEJ1","NHEJ1",0.0105608070463721,4.46528172238528,0.00851289734853001,0.926701897904384,0.993745063938688,0.0330599475340211
"600","ARFGEF2","ARFGEF2",0.00669859621887645,6.03657941086519,0.00853202045414297,0.926619853119337,0.993745063938688,0.0330983991384641
"10492","SRP72","SRP72",0.00466970088808372,7.61942357293782,0.00857969018277952,0.926415736202897,0.993745063938688,0.0331940765785981
"4170","GPSM1","GPSM1",0.0273681948091384,1.46923448599899,0.0186597695548216,0.925985702934595,0.993615593397064,0.0333957187009452
"9697","SFMBT1","SFMBT1",0.00810244519773285,5.80910610084469,0.00880326800908343,0.925465943693854,0.993386537112392,0.0336395582595023
"4316","H2AW","HIST3H2A",0.0133584693403828,3.03171775703187,0.0153250582122588,0.925338140944548,0.993350354678628,0.0336995365460695
"3897","GBP6","GBP6",0.0248613722424768,1.84897810783302,0.0204351350094377,0.925206023838836,0.993350354678628,0.0337615482842006
"1669","CD300E","CD300E",0.0307816627538773,1.41634191133767,0.00960330595098565,0.925082837911391,0.993350354678628,0.0338193759777271
"10931","TENT2","PAPD4",0.00717119717664669,6.92341103790648,0.00891686136287046,0.924988043164571,0.993350354678628,0.0338638811217348
"11934","USP21","USP21",0.00880115154893767,4.55770234960432,0.00896494877375902,0.924786659572775,0.993232662855999,0.033958443754556
"10238","SNORD31","SNORD31",0.0191424602744967,2.25378924571535,0.0216126680351566,0.924364594057459,0.992943767384898,0.0341566976584772
"4560","HNRNPA3","HNRNPA3",0.00637581809279453,7.27440534685555,0.00910854381887984,0.924188525089646,0.992943767384898,0.0342394280713551
"11016","THOC6","THOC6",0.00908332980174258,4.58951344379858,0.00911643207355412,0.924155805503874,0.992943767384898,0.0342548039245631
"2725","DLG3","DLG3",0.0121386872872594,2.97226269878445,0.00915223020598485,0.924007498127199,0.992943767384898,0.0343245045568905
"11857","UFL1","UFL1",0.00563154223624382,6.6391806264565,0.00915578265421563,0.923992796737823,0.992943767384898,0.0343314144392105
"12468","ZMYND8","ZMYND8",0.00719007949129933,5.53390109685212,0.00916951926750629,0.923935976446013,0.992943767384898,0.0343581218962935
"10276","SNORD81","SNORD81",0.0152584846706785,2.64717469561935,0.0119046760174727,0.923838219747483,0.992943767384898,0.034404074691681
"3274","ESRRA","ESRRA",0.0194449864260082,2.90484733617791,0.0222184028489632,0.923718915544828,0.992943767384898,0.0344601629781687
"8598","PTMA","PTMA",0.00411415408664587,10.0848311724543,0.00924420198939225,0.923627806792815,0.992943767384898,0.0345030006629474
"6340","MCMDC2","C8orf45",0.0210855922050108,2.10594781513133,0.0189187820972418,0.923491001038497,0.992943767384898,0.0345673321873188
"1818","CECR7","CECR7",0.0297537756342103,1.68379107297546,0.00933485940738941,0.923255402894426,0.992943767384898,0.0346781421764476
"10382","SPAG8","SPAG8",0.0290037568186996,1.62669428020403,0.0143778884558409,0.923173141260794,0.992943767384898,0.0347168393398939
"11417","TPD52L2","TPD52L2",0.0066155105313521,6.05585073522187,0.00936133556550047,0.923146988473575,0.992943767384898,0.0347291427438307
"9105","RNF11","RNF11",0.00934013901108622,6.45717908732102,0.00942908120966476,0.922870286583759,0.992943767384898,0.0348593366552345
"5800","LOC283888","LOC283888",0.0271104823217315,1.72810918421042,0.0105127817771082,0.922831527474142,0.992943767384898,0.0348775767277143
"9473","SASH1","SASH1",0.0232599264217808,2.00797022384267,0.0109305876073513,0.92273891516299,0.992943767384898,0.0349211632685414
"10241","SNORD35A","SNORD35A",0.0262634176043275,1.72074038586887,0.0291848818798526,0.922586629057979,0.992943767384898,0.0349928438621735
"5768","LOC151174","LOC151174",0.0367321262493242,1.32599105358993,0.0127373060572504,0.922302142939861,0.992943767384898,0.0351267822915585
"9401","RUNDC3B","RUNDC3B",0.028554902890342,1.71003201818579,0.0102293166132752,0.922106295779823,0.992943767384898,0.0352190127752572
"10973","TG","TG",0.0254330459803609,1.77281522393929,0.0196787641048581,0.921768198557581,0.992943767384898,0.0353782793197677
"6055","LRRC75A","FAM211A",0.0169040989463776,2.45434463691653,0.0102826208250722,0.921461517822378,0.992715114921244,0.0355227971202898
"11359","TNRC18","TNRC18",0.0176478372300119,2.58485836383392,0.0141562043499199,0.921451004611341,0.992715114921244,0.035527752135229
"5244","KLHL6","KLHL6",0.00828653023221298,5.75248803364534,0.00980945859018696,0.921334966173208,0.992715114921244,0.0355824463365476
"7435","NUDT9","NUDT9",0.0125850525154696,3.96101047229391,0.00982556887137098,0.921270609603598,0.992715114921244,0.035612783488931
"5346","LATS2","LATS2",0.0255476985886981,1.80346925856066,0.0105887848788791,0.92119403929403,0.992715114921244,0.0356488808577048
"4623","HSD17B7","HSD17B7",0.0149959510779816,3.25306547147033,0.0219752422721261,0.921088159601638,0.992715114921244,0.035698800426194
"1701","CD79B","CD79B",0.0114556668501596,4.99034163017065,0.00989854311210502,0.920979760783866,0.992715114921244,0.0357499136429615
"5904","LOC642236","LOC642236",0.0149788912510104,3.43661948933821,0.0262282063739162,0.920935591775362,0.992715114921244,0.0357707423489511
"7102","NDUFC1","NDUFC1",0.00592385821948557,6.92000938453982,0.00999396411098861,0.920601076167755,0.992673320186032,0.035928521758529
"12101","WASHC3","CCDC53",0.00841373594352543,5.89360440764729,0.0100382368369271,0.920425997165575,0.992658280923519,0.0360111233083643
"10141","SNAPC2","SNAPC2",0.0125923028043333,3.62337527234081,0.0150321226928654,0.920420454423663,0.992658280923519,0.0360137386076739
"6594","MMP25","MMP25",0.0186237229441167,2.81299026281578,0.0151409268596103,0.920243682823068,0.992626698034727,0.036097155163012
"3223","ERAP2","ERAP2",0.0222193714916636,7.66921499606305,0.0102477363032138,0.919602760273493,0.992513029037273,0.0363997338253907
"8441","PRKY","PRKY",0.04478690029512,6.05118829545616,0.0102484144118576,0.919600109491318,0.992513029037273,0.0364009856938934
"2738","DMAC2","ATP5SL",0.00601970470310469,5.35340152433137,0.0103400617190727,0.919242664294746,0.992454650790258,0.0365698271855342
"10083","SMARCC2","SMARCC2",0.00549570010401552,6.81078616472518,0.0103456004441199,0.91922111340535,0.992454650790258,0.0365800089823784
"1208","C12orf77","C12orf77",0.0338129501878161,1.53264098859942,0.0379421714574739,0.9188557909197,0.992421336545072,0.0367526432626405
"4915","IRAK3","IRAK3",0.0282080327791231,1.69050573497581,0.0126153553106927,0.91878423485543,0.992421336545072,0.0367864653425245
"7539","ORMDL2","ORMDL2",0.00937627986036432,5.44877460369963,0.0104988628100917,0.918627073275542,0.992421336545072,0.0368607594396347
"465","ANKRD36","ANKRD36",0.0086872997438228,7.11095789238813,0.0105356960684216,0.918484963031065,0.992379897176814,0.0369279493484717
"3241","ERGIC2","ERGIC2",0.0076398379871429,6.01875015695997,0.0105735776014579,0.918339069963437,0.992365485045224,0.0369969385964498
"12654","ZNF445","ZNF445",0.010336243214407,4.52539230158548,0.0105894165693212,0.918278147699855,0.992365485045224,0.0370257504824039
"8168","PNPLA8","PNPLA8",0.0124447733664942,6.37515960880082,0.0105980168483986,0.91824508727936,0.992365485045224,0.037041386503684
"5598","LOC100268168","LOC100268168",0.0291057879356441,1.69291484461278,0.0297750057117418,0.91822337734521,0.992365485045224,0.0370516545859149
"5690","LOC100506649","LOC100506649",0.0227503554723631,2.11880944691388,0.0248787535546923,0.91814234648634,0.992365485045224,0.0370899816516372
"10814","TARS3","TARSL2",0.00695748974553985,5.15540330431784,0.010644705088331,0.918065848652863,0.992365485045224,0.0371261677301699
"12720","ZNF561","ZNF561",0.0101015877112339,3.8031029216153,0.0106616988433491,0.918000707380169,0.992365485045224,0.0371569841460498
"10714","SVIL","SVIL",0.00694076290667334,5.59214516542498,0.0106673931744761,0.917978891337435,0.992365485045224,0.0371673051615812
"140","ACSL4","ACSL4",0.00775536556744909,5.32404024448562,0.0106841850278173,0.917914592866696,0.992365485045224,0.0371977257402135
"11163","TMEM140","TMEM140",0.0100016427144527,4.19430016152156,0.0106899109125566,0.917892679292249,0.992365485045224,0.0372080938704694
"1166","BTN3A3","BTN3A3",0.0112107409658385,6.10624498837079,0.0107281767746711,0.917746383783121,0.992365485045224,0.0372773180809956
"7573","OTUD7B","OTUD7B",0.0180450944967829,2.72439920470943,0.0156951676606092,0.917659288133508,0.992365485045224,0.0373185353013976
"8592","PTGIR","PTGIR",0.0330914405429305,1.70595868963403,0.0107538738167362,0.917648288531484,0.992365485045224,0.0373237410407763
"9659","SERPINE2","SERPINE2",0.0322928861276975,1.65854968385296,0.0107696029945153,0.917588302804471,0.992365485045224,0.0373521313533573
"6127","LYRM9","C17orf108",0.0135810621814034,4.06854874637596,0.021418618090937,0.917578539031908,0.992365485045224,0.03735675257084
"4331","H2BC7","HIST1H2BF",0.0367153008403642,1.45500170218094,0.0330619064553371,0.917156583457391,0.992365485045224,0.0375565121749439
"5804","LOC284385","LOC284385",0.0211966311882827,2.21530193713995,0.0200711622864718,0.916549880557208,0.992365485045224,0.0378438948465871
"9269","RPN1","RPN1",0.00502946238187559,7.77298865730245,0.0110563231809604,0.916502511793776,0.992365485045224,0.0378663404598858
"4642","HSPA1L","HSPA1L",0.0136424161058016,3.82984384133097,0.0110880605472075,0.91638320392253,0.992365485045224,0.0379228794462053
"1710","CD9","CD9",0.0347560251012282,1.54794278161661,0.0178438889452664,0.916357025581738,0.992365485045224,0.0379352861242155
"10580","STAT2","STAT2",0.00892287901029637,6.78216824894595,0.0111069888926113,0.916312130215189,0.992365485045224,0.0379565641709352
"11519","TRIM5","TRIM5",0.0134749799261321,4.93778864889415,0.0111507786253017,0.916147939288913,0.992365485045224,0.0380343909292232
"7834","PEX11B","PEX11B",0.0107775012029113,4.71056162715357,0.0111587428984122,0.916118112068213,0.992365485045224,0.0380485305759763
"11776","UBE2C","UBE2C",0.0337732411931788,1.40723738354771,0.0166394008146954,0.91581853977172,0.992365485045224,0.0381905688897213
"7947","PIAS3","PIAS3",0.00948602803003947,4.86517040775883,0.0112806677654626,0.915662824615359,0.992365485045224,0.0382644175617683
"5948","LOC728752","LOC728752",0.0258789971285562,1.97317308586605,0.032045491238898,0.915504492746156,0.992365485045224,0.0383395201005956
"3574","FBXO6","FBXO6",0.0141195583417096,3.48350699360574,0.0113562010788053,0.915382018357544,0.992365485045224,0.0383976230478894
"847","ATP5ME","ATP5I",0.00662529983846434,6.3762235515712,0.0114413717733827,0.915066514399552,0.992239877240504,0.0385473367676465
"4125","GPI","GPI",0.00536042556195808,7.72700722773353,0.0114842767063422,0.914908028472469,0.992150953220207,0.0386225613810508
"10114","SMIM29","C6orf1",0.0103975574371195,4.75713618536193,0.0189674417598734,0.914759232536683,0.992072523298644,0.0386931985459181
"332","AKR1A1","AKR1A1",0.00891577072558929,5.82633207085009,0.0115745222686748,0.914575646218261,0.99195634632468,0.0387803674139445
"7654","PARD6G","PARD6G",0.0177081631142272,2.77529420360475,0.0218048838836362,0.913445150900899,0.991393285588334,0.0393175253516573
"8603","PTP4A3","PTP4A3",0.0151186459195786,4.80726820254895,0.0118983498302959,0.913393625438742,0.991393285588334,0.0393420236535194
"2588","DDX41","DDX41",0.00806659273129926,5.56184546122,0.0118989517265441,0.913391443682874,0.991393285588334,0.0393430610218998
"5568","LOC100132077","LOC100132077",0.0222870707669414,2.30958215147167,0.0294378257146724,0.913382905852063,0.991393285588334,0.0393471205630354
"5757","LOC145474","LOC145474",0.0222191190282626,2.03162523560401,0.0119042683498448,0.913372174390763,0.991393285588334,0.0393522231785701
"6129","LYSMD2","LYSMD2",0.00741599073270843,5.74665721765152,0.0119086532044636,0.913356285429072,0.991393285588334,0.0393597782022505
"3175","ENPP5","ENPP5",0.0372738385959445,1.54102472870534,0.0119366240004257,0.913255000036116,0.991393285588334,0.0394079413638965
"6331","MCM3AP","MCM3AP",0.00817126841896766,6.13936155934386,0.0119945248532252,0.913045715480299,0.991393285588334,0.0395074771384429
"663","ARIH2OS","C3orf71",0.0122997944089751,3.37282607550047,0.0129531560404922,0.91289225644413,0.991393285588334,0.0395804767844204
"6305","MBNL2","MBNL2",0.00735432958908983,6.3900408823066,0.0120533975853555,0.912833441586024,0.991393285588334,0.039608457951981
"4846","ING2","ING2",0.0123219916833145,3.43727437342693,0.0120728486416778,0.912763423441588,0.991393285588334,0.0396417714335706
"2731","DLGAP4","DLGAP4",0.0106876487237321,5.07844115327091,0.0122667610188445,0.912068493512032,0.991393285588334,0.0399725462797368
"970","BBS1","BBS1",0.0134447506547722,3.86815530916057,0.0122851577306293,0.91200285435176,0.991393285588334,0.0400038024311465
"6260","MAPRE3","MAPRE3",0.0325604983478392,1.66998503602543,0.0268691236228838,0.911928289416766,0.991393285588334,0.0400393116003825
"10933","TENT4B","PAPD5",0.0102253650447164,5.79003264344754,0.0123299111994028,0.911843382175688,0.991393285588334,0.0400797494982559
"6024","LRRC19","LRRC19",0.0396199459493919,1.45439798912264,0.0239260017650172,0.911825931221622,0.991393285588334,0.0400880611510315
"4653","HSPE1","HSPE1",0.00808573933979664,5.67696150919462,0.0123358571713399,0.911822216675749,0.991393285588334,0.0400898303593928
"6592","MMP11","MMP11",0.0318396247480334,1.73548185922992,0.0160091777507854,0.911686742902323,0.991393285588334,0.0401543603547521
"9445","SAMD10","SAMD10",0.015926824466981,3.26486970767241,0.0124184906498549,0.911528604426475,0.991393285588334,0.0402296983204073
"12394","ZFAND2B","ZFAND2B",0.00789811778123662,5.67595143182353,0.012466698051974,0.911357771191576,0.991393285588334,0.0403110988206817
"10215","SNORD101","SNORD101",0.0394864250382819,1.40183131847121,0.0261846453304972,0.911330082974387,0.991393285588334,0.0403242934441194
"8289","PPIF","PPIF",0.0104538316365649,4.9552014076142,0.0124910229496627,0.911271697675061,0.991393285588334,0.0403521178582063
"10345","SOCS6","SOCS6",0.0265543689621386,2.01093105235247,0.015242204338141,0.910433635397953,0.991393285588334,0.0407517059161739
"4929","IRF8","IRF8",0.0302873157107416,1.84897097098807,0.0127363759367405,0.91040821901232,0.991393285588334,0.0407638301937483
"3006","EEF2K","EEF2K",0.0166693682038496,4.18818576471441,0.0329533543736007,0.910306043398705,0.991393285588334,0.0408125740369098
"9430","S100PBP","S100PBP",0.0125802348468937,4.75365297044615,0.0127770434484126,0.91026591297912,0.991393285588334,0.0408317201296791
"9546","SDAD1","SDAD1",0.0109700609982742,6.90835868849032,0.0128850802865176,0.909888974811167,0.991393285588334,0.0410115973146364
"8687","R3HCC1L","C10orf28",0.00896718138863461,5.36472803371731,0.0128998156239592,0.909837687786331,0.991393285588334,0.0410360775537221
"3329","EXOSC8","EXOSC8",0.00776328416977811,5.6391618088525,0.0129005338330565,0.909835188784901,0.991393285588334,0.0410372704082681
"164","ACVR1B","ACVR1B",0.0168475246725433,3.09254653467973,0.0197458904879444,0.909246261686717,0.991393285588334,0.04131847584616
"5361","LDAH","C2orf43",0.0147739325516853,4.75942423460417,0.0131804320187073,0.908866593979312,0.991393285588334,0.0414998590778617
"7763","PDE4C","PDE4C",0.0263752732124889,2.03118481562355,0.0327556008057241,0.90865070690022,0.991393285588334,0.041603031210044
"8075","PLEK2","PLEK2",0.0360454159291325,1.56383093091653,0.0173501811311036,0.908517913836012,0.991393285588334,0.0416665050059976
"3847","GALK2","GALK2",0.0134602192940861,4.97877753401405,0.0133036772185922,0.908443407463751,0.991393285588334,0.0417021223919911
"9214","RPL13AP6","RPL13AP6",0.0289894830804645,1.88333111425233,0.0570327609321092,0.908023842711423,0.991147943752233,0.04190274771013
"3112","ELMO2","ELMO2",0.00934892384553725,6.12676437911599,0.0134616121883366,0.90790400035654,0.991147943752233,0.0419600703330504
"6537","MIR3609","MIR3609",0.0401441937366157,1.48640424525802,0.0480911658041218,0.907826457192791,0.991147943752233,0.0419971645702549
"10009","SLC4A1","SLC4A1",0.0408619000730573,1.45085820046964,0.0404071242465475,0.9075632043716,0.990978659230095,0.0421231201717557
"4320","H2BC10","HIST1H2BI",0.043370399556473,1.40460717947621,0.0378790952710466,0.907208195492525,0.990885412772219,0.0422930351254374
"7399","NTN4","NTN4",0.0399106175261033,1.56689189704149,0.0136948423248936,0.907113264116733,0.990885412772219,0.0423384826093825
"7370","NSF","NSF",0.0128052543227112,5.15431594726219,0.0136964140339684,0.907107958695532,0.990885412772219,0.0423410226691317
"10971","TFR2","TFR2",0.0300012293305893,1.90244034668707,0.0242636690039185,0.906978006434418,0.990885412772219,0.042403244141646
"2128","CNOT6","CNOT6",0.0142823123673085,5.00812805811227,0.0137573135177119,0.906902625084697,0.990885412772219,0.0424393410089619
"6082","LSM7","LSM7",0.009137771813904,5.38905009510132,0.0138274486476835,0.906666721917449,0.990766484268149,0.04255232422027
"1950","CHIC1","CHIC1",0.0124566061901603,4.75693283460838,0.0138420417336061,0.906617713610088,0.990766484268149,0.0425757998946234
"8609","PTPN12","PTPN12",0.0237218459732155,2.85535954685717,0.0139567692678942,0.906233330399853,0.990732744043682,0.0427599689251618
"1812","CEACAM8","CEACAM8",0.0323314750858497,1.80308257308417,0.037861292241376,0.90604788931436,0.990658176828925,0.0428488470082682
"10478","SREK1IP1","SREK1IP1",0.00772539362972361,5.67072600423965,0.0140440827356279,0.90594186776574,0.990625745998394,0.0428996691207015
"8487","PRRC2A","PRRC2A",0.0109260304012712,5.74378622359021,0.0140765577093369,0.905833697010663,0.990590959396387,0.0429515275992042
"10560","STAG3","STAG3",0.0215166824197517,2.4095108842903,0.0270198560219051,0.905823022313161,0.990590959396387,0.0429566455248815
"1046","BICDL1","CCDC64",0.0139364092394861,4.03583048746703,0.0141064834131062,0.905734129594232,0.990590959396387,0.0429992669981293
"8788","RAI1","RAI1",0.0219184833733399,2.61162295506355,0.0182237673618112,0.905663939684026,0.990590959396387,0.0430329239741634
"11275","TMEM68","TMEM68",0.0105339387155311,3.92007184092947,0.0141351070541142,0.905638994520651,0.990590959396387,0.0430448861331155
"11508","TRIM33","TRIM33",0.0107148356969408,5.69325340940298,0.0141788279405729,0.905493869822099,0.990590959396387,0.0431144855061319
"518","AP1S3","AP1S3",0.0222530167006246,2.58823503820904,0.0304307950718012,0.905392451984051,0.990590959396387,0.0431631304232052
"10685","SUMO3","SUMO3",0.00707581557010581,7.21883650176783,0.014292547171206,0.905117455939635,0.990590959396387,0.0432950592958738
"9501","SCAP","SCAP",0.00827135028899383,5.54028610963876,0.0143177732336906,0.905034163044679,0.990590959396387,0.0433350268260044
"10274","SNORD8","SNORD8",0.0411902776114377,1.49244087442252,0.042671128759458,0.904818658873987,0.990590959396387,0.0434384521117158
"4879","INTS3","INTS3",0.010760357010251,4.54382571054743,0.0144212365832274,0.904693317972376,0.990590959396387,0.0434986173526312
"8806","RANBP3","RANBP3",0.00693228827131108,5.59281822007846,0.0144321440839858,0.904657457168373,0.990590959396387,0.0435158325322542
"12539","ZNF239","ZNF239",0.0330357355553317,2.02625891140957,0.0144337551221757,0.904652161692046,0.990590959396387,0.0435183747131211
"9443","SALL2","SALL2",0.0277504771587251,2.08597073374479,0.0199178228667654,0.903773648326317,0.990590959396387,0.0439403257104065
"6989","NAPA","NAPA",0.00798429485408379,6.49738561942512,0.0147388601480021,0.903654632224099,0.990590959396387,0.0439975208280021
"96","ACADS","ACADS",0.0132742905650143,4.26570261970497,0.014762820011966,0.903576742004318,0.990590959396387,0.0440349563142919
"12937","ZRANB3","ZRANB3",0.0240504778706975,2.94358637675191,0.0326163142855177,0.90341766039425,0.990590959396387,0.0441114239176354
"7031","NCEH1","NCEH1",0.0224796527747727,2.67048841827792,0.0149080619171735,0.903105947524097,0.990590959396387,0.0442612976089568
"3675","FLAD1","FLAD1",0.00867217821481045,5.58159018401428,0.0149752874623736,0.902888827448934,0.990590959396387,0.0443657210018867
"2936","DYNC2LI1","DYNC2LI1",0.0212900363476083,2.83468302984902,0.0150244483258283,0.902730364344632,0.990590959396387,0.0444419493143379
"10736","SYNGR1","SYNGR1",0.0338208517884382,1.74390429878328,0.0238033962449956,0.902682319116954,0.990590959396387,0.0444650640043573
"523","AP2S1","AP2S1",0.00783017266214395,5.34492499266579,0.0150483598778752,0.902653383972011,0.990590959396387,0.04447898537506
"4055","GNL2","GNL2",0.00979648806991883,5.50828016241935,0.0150501604054863,0.902647589903982,0.990590959396387,0.0444817730894736
"7009","NBEAL1","NBEAL1",0.0162253410471501,4.66256012570275,0.0150809031643158,0.902548714455295,0.990590959396387,0.0445293480392999
"226","ADNP","ADNP",0.0119990971994971,4.94017602503554,0.0150890739203784,0.902522452727939,0.990590959396387,0.0445419850183667
"10741","SYNM","SYNM",0.0369725675579954,2.63392582018168,0.015091729984057,0.902513917395869,0.990590959396387,0.044546092245989
"10544","ST6GAL1","ST6GAL1",0.0193295921254073,7.39276666630285,0.0151378005453257,0.902365989554846,0.990590959396387,0.0446172817417251
"9328","RPS9","RPS9",0.00868397015375599,9.7971749969737,0.0151997063871144,0.902167575675054,0.990590959396387,0.0447127857047815
"4573","HNRNPR","HNRNPR",0.00486159602470649,8.17702831739661,0.0152001329179699,0.902166210029181,0.990590959396387,0.0447134431135951
"1305","C2orf88","C2orf88",0.0279751724785115,2.11386571803259,0.0152225327079344,0.902094518783973,0.990590959396387,0.0447479559882744
"5421","LIN7C","LIN7C",0.00783131536249223,5.71107373608722,0.0152297198924987,0.902071527320323,0.990590959396387,0.0447590248871886
"11456","TRAF4","TRAF4",0.0271965970125078,3.35573137362174,0.01523201045592,0.902064201073828,0.990590959396387,0.0447625520590926
"8943","RDX","RDX",0.00970791801138845,4.97053267883653,0.0153084508401421,0.901820030540027,0.990590959396387,0.0448801227038849
"10848","TBC1D32","C6orf170",0.0183842891975681,3.8231242378953,0.015311792333115,0.901809371077243,0.990590959396387,0.0448852560709315
"1357","CA14","CA14",0.0309875302436925,1.89570703573232,0.0262908671931181,0.901515886565847,0.990590959396387,0.0450266157113049
"5550","LOC100130950","LOC100130950",0.0335699696549673,1.79604268477152,0.0365165224046399,0.90135465595288,0.990590959396387,0.0451042935745358
"1646","CCT7","CCT7",0.00792606581164279,7.6381460895465,0.015631244512567,0.900795707435085,0.990590959396387,0.045373692032802
"12079","VTA1","VTA1",0.00969947663665387,6.25358239419262,0.0156646890603806,0.900690194351396,0.990590959396387,0.0454245653147097
"1899","CFAP298","C21orf59",0.0139354795646298,5.50083939591301,0.0157898818333695,0.90029624017847,0.990590959396387,0.0456145635544219
"2333","CSF3R","CSF3R",0.0419283152951232,1.62811136759566,0.0158068948402443,0.900242826615851,0.990590959396387,0.0456403305215917
"1165","BTN3A2","BTN3A2",0.018865713798871,6.81657672571592,0.0158998791050995,0.899951410430602,0.990590959396387,0.0457809380623693
"8857","RBBP4","RBBP4",0.00736978069145293,7.4108874708715,0.015937353601821,0.899834208796795,0.990590959396387,0.0458375003799706
"3844","GALC","GALC",0.00840202671694009,5.55075814797041,0.0160397457865955,0.899514688893481,0.99044339322824,0.0459917403192111
"3086","EIF4EBP3","EIF4EBP3",0.0371679623973606,1.69164972383166,0.0641780345693689,0.899429364711539,0.99044339322824,0.0460329376219773
"2657","DGLUCY","C14orf159",0.0122634247288792,5.62721359355281,0.0160728225780389,0.899411692714656,0.99044339322824,0.0460414707280005
"3648","FHOD3","FHOD3",0.040057663540547,1.59432973762333,0.0393680366162823,0.899331344948398,0.99044339322824,0.0460802695901077
"10674","SUGT1","SUGT1",0.00957425971143168,6.21764686953132,0.0164288319310074,0.898309880123253,0.990119634562827,0.0465738236748456
"892","ATXN10","ATXN10",0.00871607554635706,6.9980868937011,0.0164523017499672,0.898237671814065,0.990119634562827,0.046608734713199
"8007","PIP4P2","TMEM55A",0.0122865419560945,4.59121787091934,0.0164918146623331,0.898116222778211,0.990080027031078,0.0466674588280219
"6626","MORN3","MORN3",0.0158008923923592,3.83677297111338,0.0167232622998286,0.897407784671536,0.989551312413416,0.0470101674469964
"5235","KLHL28","KLHL28",0.00969306841369577,7.144171349529,0.0167480885722578,0.897332090766429,0.989551312413416,0.0470468005499561
"1167","BTRC","BTRC",0.0114813810269022,4.58105308632209,0.0168105899277594,0.897141779895757,0.989551312413416,0.0471389177578355
"1972","CHPT1","CHPT1",0.0255078041681076,4.06912421227375,0.0168147089342243,0.897129250547616,0.989551312413416,0.0471449830920764
"4096","GOT2","GOT2",0.00923546754880273,6.25082738367184,0.0168750124966079,0.896945995292026,0.989551312413416,0.0472337048407811
"5843","LOC375190","LOC375190",0.0201559944105786,2.8892173596127,0.0196435815549058,0.896942234692172,0.989551312413416,0.0472355256986675
"4609","HS3ST3B1","HS3ST3B1",0.021122813088949,3.13658165613609,0.0281134773892455,0.896816076797286,0.989551312413416,0.0472966149517033
"6980","NANOG","NANOG",0.0435828420842435,1.51825431612135,0.0481622368448007,0.896709738941797,0.989551312413416,0.047348113450922
"5118","KDM5B","KDM5B",0.0109545642420873,5.15450033539051,0.0169766731889224,0.89663781303861,0.989551312413416,0.0473829500032035
"5930","LOC653061","LOC653061",0.035945311617065,1.71682258934589,0.0315130737266104,0.896593782495376,0.989551312413416,0.0474042771112172
"886","ATR","ATR",0.0113522426052216,6.57297677180843,0.0170050147122782,0.896552063716286,0.989551312413416,0.0474244854345859
"575","APPBP2","APPBP2",0.00929601497106622,6.19087646003424,0.0170822240995445,0.896318829197349,0.989551312413416,0.0475374801466262
"6325","MCF2L2","MCF2L2",0.0165291661677774,3.82582042350558,0.0172144724092005,0.895920575193729,0.989551312413416,0.0477304895387767
"9009","RGPD1","RGPD1",0.0496049826453788,1.39392265613455,0.0507121005566793,0.895884225141551,0.989551312413416,0.0477481104616331
"56","ABHD14B","ABHD14B",0.00885777371978361,6.87959399640733,0.0172363057543648,0.895854975892469,0.989551312413416,0.0477622897433829
"1447","CASC3","CASC3",0.00911160156782621,6.34390189707156,0.0173890389734081,0.895397259169682,0.989538489640545,0.0479842393353128
"3814","FYCO1","FYCO1",0.0120825635143274,5.17646726715976,0.0176077873743121,0.894745253808697,0.989144478716079,0.0483005966542584
"10666","SUCLG1","SUCLG1",0.0105366391970621,6.15382987574465,0.0177837562972721,0.894223743736621,0.989144478716079,0.048553802778329
"2499","DARS1","DARS",0.00931207352542763,7.6545845382912,0.0178161185023235,0.894128119901659,0.989144375739185,0.04860024655122
"6603","MOB1A","MOB1A",0.00959431502490049,6.70130250820097,0.0179084665090522,0.893855735117585,0.989144375739185,0.0487325690095697
"5286","KRT10","KRT10",0.0106562229119667,6.61890814951159,0.0179600515319802,0.89370389386925,0.989144375739185,0.0488063498394412
"8680","QRSL1","QRSL1",0.010485198460031,5.22297131206034,0.0179690994651811,0.893677284045743,0.989144375739185,0.0488192810481363
"3150","EML4","EML4",0.0115307327906625,8.65702672365911,0.0179840536295298,0.8936333190421,0.989144375739185,0.048840646957844
"9475","SASS6","SASS6",0.0160115776370262,3.78404257116557,0.0180373262385102,0.893476849479506,0.989144375739185,0.048916695842788
"547","APEH","APEH",0.0139231332501033,6.47647839162269,0.0180586479423077,0.893414290406567,0.989144375739185,0.0489471051492924
"7425","NUDT17","NUDT17",0.0333873531319744,1.95691719011607,0.0313897683022708,0.893044923826211,0.989144375739185,0.0491266937664365
"11943","USP32","USP32",0.0156379272443497,4.18601420464534,0.018251190705844,0.892851053811325,0.989144375739185,0.0492209844519594
"4659","HTR7P1","HTR7P1",0.0323985495105101,2.00079010258821,0.0418646178650276,0.892665230380278,0.989144375739185,0.0493113808171092
"9470","SARS2","SARS2",0.0148071248332484,3.93858751598576,0.0183544188168858,0.892550330985154,0.989144375739185,0.0493672846243862
"1061","BLK","BLK",0.0360614791836587,2.47356517697995,0.0183564954302793,0.892544290271005,0.989144375739185,0.0493702239070331
"12375","ZDHHC2","ZDHHC2",0.0118824490908133,5.76575385063405,0.0184292346102212,0.892332916573587,0.989144375739185,0.0494730863678066
"7649","PAQR6","PAQR6",0.0392495909333588,1.65265422847629,0.0362264433604892,0.892310963207462,0.989144375739185,0.0494837711053905
"9041","RHOQ","RHOQ",0.0199031632230472,3.28851622746393,0.0187441605873273,0.891422634972795,0.988980504572149,0.049916342519332
"5245","KLHL7","KLHL7",0.0112166105353696,5.12274310230687,0.0189212794804919,0.890914100969519,0.988778221565367,0.0501641672014159
"11022","THSD1P1","THSD1P1",0.0118491564910534,3.93679928886958,0.018980334841835,0.890745084085529,0.988675220383433,0.0502465657890935
"7643","PAPOLG","PAPOLG",0.0107078344360377,5.58579796491899,0.0190391659417018,0.890576975292881,0.988657804250774,0.0503285371775225
"10259","SNORD54","SNORD54",0.0420295142882359,1.6184367804489,0.0621222525320514,0.890354638938684,0.988547017414038,0.0504369741904704
"3119","ELOC","TCEB1",0.00805683566057032,5.95525335887384,0.019343665576295,0.889711074038454,0.98843665805634,0.0507510038300019
"12613","ZNF37A","ZNF37A",0.0128681383795949,5.41690008759522,0.019473120236028,0.889345051779663,0.988423785121503,0.0509297069604791
"4490","HIP1","HIP1",0.0261440741595819,2.53029458112534,0.0311750486268539,0.889209413588945,0.988423785121503,0.0509959483031263
"9170","RNLS","RNLS",0.025406447100001,2.74384373746974,0.0345678878516782,0.889158703535038,0.988423785121503,0.0510207160622675
"121","ACO2","ACO2",0.00861857782174068,5.66123835672196,0.0195433114231041,0.889147110646935,0.988423785121503,0.0510263784486722
"3072","EIF3H","EIF3H",0.00632185124020558,8.82357756784092,0.0195566922494916,0.889109417497551,0.988423785121503,0.0510447896582206
"8706","RAB20","RAB20",0.0303212040139704,2.07415651832573,0.0274135119482259,0.888991895612025,0.988423785121503,0.0511021982052869
"1790","CDKN2AIPNL","CDKN2AIPNL",0.0126981067699395,4.88607144840762,0.036038405093628,0.888870783699932,0.988423785121503,0.0511613683940853
"10375","SPACA9","C9orf9",0.0415593944649705,1.65042810229305,0.0439722120038084,0.888743576238702,0.988423785121503,0.0512235252935889
"2079","CLPX","CLPX",0.0083341479116963,5.63219647697248,0.0197918079225932,0.888449241017268,0.988423785121503,0.0513673793114826
"6908","MYLK4","MYLK4",0.0427079498245567,1.56665542285267,0.0287295819064472,0.888354532800556,0.988423785121503,0.0514136773400596
"11512","TRIM39","TRIM39",0.0143898491880319,4.2139450702717,0.0198788266731451,0.888205917685428,0.988423785121503,0.0514863376591164
"7787","PDK3","PDK3",0.00890189253462929,7.21468111332763,0.0200484762613647,0.887733097671645,0.988206750994873,0.0517175878608356
"8655","PWWP2A","PWWP2A",0.0145291944034633,4.99265898925485,0.0200994684681681,0.887591379662092,0.988139665323438,0.05178692431223
"4052","GNG7","GNG7",0.0277898200260962,2.66624095155385,0.0274789689814464,0.887278203255456,0.988124313746505,0.0519401871637486
"8767","RACK1","GNB2L1",0.00905765720324454,10.6983907937445,0.0202550885306204,0.887160009372598,0.988091951908859,0.0519980431666578
"2647","DGCR6","DGCR6",0.029803600157677,2.21276555863328,0.031398566437138,0.886816973300372,0.987983574176638,0.0521660032659977
"4977","ITPK1-AS1","ITPK1-AS1",0.0391858825738719,1.78952809431324,0.026329136988557,0.886731943576216,0.987983574176638,0.0522076462561353
"7585","P2RX4","P2RX4",0.0117745502005605,5.35164458831894,0.0205369711678351,0.886382930300719,0.987983574176638,0.0523786160492941
"1901","CFAP410","C21orf2",0.0113697022950652,4.73291027108767,0.0205649531881863,0.886306088759823,0.987983574176638,0.052416267162213
"6026","LRRC20","LRRC20",0.0318378900746193,2.1294476628344,0.0235830884654684,0.886301639606413,0.987983574176638,0.0524184472754371
"2907","DUSP11","DUSP11",0.0111228674458646,6.34409805639913,0.0205714429846761,0.886288274728049,0.987983574176638,0.05242499621592
"6562","MKNK1","MKNK1",0.0109414933697398,4.819516071134,0.0208400433156565,0.885553485963858,0.987983574176638,0.0527852030143216
"2625","DENND4B","DENND4B",0.0115616214526456,5.85496570022715,0.0208486904207932,0.885529911327551,0.987983574176638,0.052796764677061
"10264","SNORD59B","SNORD59B",0.0348700670907916,1.95512932334119,0.0467989086586814,0.885385822577977,0.987983574176638,0.0528674365309324
"5197","KLC1","KLC1",0.00789549754388139,6.65314996751706,0.0209763061811179,0.885182570754587,0.987983574176638,0.052967145919234
"4133","GPR108","GPR108",0.0116889002111673,6.05705100447679,0.0209911346472789,0.885142281150406,0.987983574176638,0.0529869135373163
"9300","RPS23","RPS23",0.00912756866639191,10.6879802635921,0.0213324392789778,0.884218926594524,0.987983574176638,0.0534401933120817
"8257","POR","POR",0.0124526855610591,5.42444745008411,0.0213799313305257,0.884091042843337,0.987983574176638,0.0535030094569008
"7540","ORMDL3","ORMDL3",0.0148963063105392,5.9634108811273,0.0213866415396653,0.884072985698257,0.987983574176638,0.0535118798086791
"5138","KIAA0513","KIAA0513",0.0179385576651793,3.70087260374682,0.0213946399160094,0.884051465880874,0.987983574176638,0.0535224513925208
"1962","CHMP4B","CHMP4B",0.0275012592243782,2.66093732086879,0.021437320506898,0.883936702171757,0.987983574176638,0.0535788332694622
"12606","ZNF350","ZNF350",0.0123790626217398,5.50335016251081,0.0214904337107218,0.883794049124146,0.987983574176638,0.0536489270113887
"12771","ZNF621","ZNF621",0.0151549346659944,4.42224642224041,0.0217897224959014,0.882993556146864,0.987676789437254,0.0540424657769846
"9216","RPL14","RPL14",0.00794376439938779,10.0304763299094,0.0218002925757862,0.882965387914401,0.987676789437254,0.054056320354936
"6888","MYBL1","MYBL1",0.0249266710254795,4.23511647159334,0.0218023440008229,0.882959921875438,0.987676789437254,0.0540590088837729
"11246","TMEM263","C12orf23",0.0115255011942486,5.92440084035466,0.0218304645061994,0.882885021034416,0.987676789437254,0.0540958513280608
"12779","ZNF630","ZNF630",0.0326415084279733,2.24758706828934,0.0218573157397195,0.882813546987916,0.987676789437254,0.0541310111051297
"6500","MICALL2","MICALL2",0.0505863611048475,1.50143024873998,0.0454339026373418,0.882722152494677,0.987676789437254,0.0541759743694093
"12727","ZNF568","ZNF568",0.0146134102078307,4.19252836594343,0.021946124115362,0.882577471203288,0.987676789437254,0.0542471626093911
"9918","SLC27A3","SLC27A3",0.030662847476966,2.62345983275562,0.0219923879998275,0.882454683168785,0.987670141036032,0.0543075877589072
"498","ANTXRL","ANTXRL",0.0342609038529782,2.07955611764131,0.0291223167172236,0.882042331769279,0.987549423495543,0.054510571316436
"1569","CCDC73","CCDC73",0.0309326477332205,2.25460149183386,0.0543188595455155,0.881685713672147,0.987549423495543,0.0546861962085414
"3887","GBA2","GBA2",0.0188502002811598,3.94786981910157,0.0224275933856535,0.881306016389776,0.987236244765094,0.0548732650804656
"783","ATF6B","ATF6B",0.0121660605561363,6.29669069260559,0.0224282903704551,0.881304185975353,0.987236244765094,0.054874167082374
"1045","BICD2","BICD2",0.0123953123617884,5.0011207777431,0.0225268780543629,0.88104556839617,0.987200221005658,0.055001628941849
"6436","METTL2A","METTL2A",0.0190901187386174,3.64478974321344,0.0472584272215605,0.880816918529216,0.987029272184462,0.0551143521274557
"4453","HERC2P3","HERC2P3",0.0477235340882605,1.58845353374765,0.0582652373273191,0.880685773775751,0.986971033691145,0.0551790190088795
"10723","SYCE2","SYCE2",0.0514446553993674,1.49513582193855,0.0523285939743812,0.880622546463927,0.986971033691145,0.0552101995493074
"8008","PIP5K1A","PIP5K1A",0.0127874137903132,5.1983671992997,0.0228318166147216,0.880249289546329,0.986971033691145,0.0553943167789182
"6748","MRPS34","MRPS34",0.0107019947671692,5.9357923295831,0.0228345374426134,0.8802422092777,0.986971033691145,0.0553978100324761
"7472","NWD1","NWD1",0.0371598619295152,1.91990805490567,0.0745020172204029,0.880210870166519,0.986971033691145,0.0554132724190788
"12565","ZNF280B","ZNF280B",0.0175213353632326,3.83291859120837,0.0228962171205348,0.880081819097205,0.986971033691145,0.0554769506559188
"2430","CXorf65","CXorf65",0.0165077794286611,3.62394605865385,0.0229001328977956,0.880071644081063,0.986971033691145,0.0554819717560175
"12870","ZNF788P","ZNF788",0.0469486684695742,1.58043447277807,0.0610034509473994,0.880039819948756,0.986971033691145,0.0554976764944228
"1682","CD44","CD44",0.00621471053321147,10.1150440152155,0.0229262328097553,0.880003847059436,0.986971033691145,0.0555154292668396
"11817","UBL5","UBL5",0.00872582968035116,7.15930695367757,0.0231123277234594,0.879521587884352,0.986971033691145,0.0557534963043164
"2057","CLIC5","CLIC5",0.0200152923924931,3.66776020896804,0.0231262691323252,0.879485539289303,0.986971033691145,0.0557712969211193
"1230","C17orf107","C17orf107",0.0316021488888632,1.92394519174273,0.0232273612900621,0.879224475151222,0.986971033691145,0.0559002308721324
"8944","REC8","REC8",0.0233526791855545,4.14715421479278,0.0234799406100819,0.878574735243137,0.986971033691145,0.0562212896915202
"11556","TRMT5","TRMT5",0.0220102350134438,3.23794295949956,0.0319368460844901,0.87847584986802,0.986971033691145,0.0562701731706455
"12556","ZNF267","ZNF267",0.0169435853942334,6.4781261268695,0.023566321300424,0.878353349522373,0.986971033691145,0.0563307382207372
"607","ARGLU1","ARGLU1",0.00950181826627595,8.23001486709858,0.0236691768279539,0.878090281428178,0.986971033691145,0.0564608295262759
"7276","NOCT","CCRN4L",0.0285624062110022,2.35293905500651,0.0288683046867906,0.877407669012814,0.98680923453985,0.05679857394818
"1022","BDP1","BDP1",0.0114733688192347,6.80988259030619,0.0239615444224155,0.877345688568798,0.98680923453985,0.05682925377531
"11967","USP7","USP7",0.012293141641312,6.28968548332616,0.0239730525304249,0.877316475501589,0.98680923453985,0.0568437147628995
"10512","SRSF7","SRSF7",0.0114377168505377,8.46643139378179,0.0240226864483705,0.877190563152155,0.98680923453985,0.0569060491251473
"10424","SPICE1","SPICE1",0.0154143563037966,4.78116872612404,0.024103474605302,0.876985902677807,0.98680923453985,0.0570073877496332
"1298","C2orf49","C2orf49",0.0163089602298955,3.7805053407332,0.0242077089829122,0.876722364335644,0.986638465280086,0.0571379148741105
"3694","FLJ43681","FLJ43681",0.0371439528554133,1.96646027058618,0.0668560792539794,0.876570317888466,0.986638465280086,0.0572132393579657
"5038","KAT5","KAT5",0.0118626922539297,4.7884558159045,0.0243135076361523,0.876455464742375,0.986638465280086,0.0572701467784294
"10049","SLCO4C1","SLCO4C1",0.0344236238265134,2.07197644853215,0.04057077483775,0.876257956915563,0.986638465280086,0.0573680253689854
"6095","LTBP4","LTBP4",0.0124241162895962,5.43760923858055,0.0243965769376413,0.876246321474497,0.986638465280086,0.0573737922112258
"2308","CROCCP3","CROCCP3",0.0168430376530147,3.84595950076205,0.0270181029397467,0.876043249098752,0.986638465280086,0.0574744527573923
"239","ADSS1","ADSSL1",0.0543643458740702,1.49144182125566,0.0293675767231465,0.875701252321137,0.986638465280086,0.0576440292168746
"5274","KPNB1","KPNB1",0.0125948746578868,6.66072289700508,0.0246777683946332,0.875541061411788,0.986638465280086,0.0577234814178977
"1961","CHMP4A","CHMP4A",0.0175621870194875,5.83613583870249,0.0247321655470544,0.875405103382374,0.986638465280086,0.0577909258924914
"7927","PHLDB3","PHLDB3",0.0184210717815254,3.40412166833042,0.0247483288844005,0.875364734935111,0.986638465280086,0.057810953418108
"5464","LINC02210","C17orf69",0.022931180399399,2.99892617440782,0.0247879896583491,0.875265738115184,0.986638465280086,0.0578600714625241
"11126","TMED10P1","TMED10P1",0.0331437871136968,2.06266436497723,0.0283043326049277,0.875123035270706,0.986638465280086,0.0579308843687635
"10824","TAT","TAT",0.045882358092858,1.71316402726445,0.103017199912994,0.875115666045302,0.986638465280086,0.0579345414858487
"7016","NBPF3","NBPF3",0.0263318511717373,3.39135361945199,0.0249051792944485,0.87497369576764,0.986638465280086,0.0580050029258911
"588","AREG","AREG",0.0305410771689065,1.79524508931379,0.0325856680114098,0.874893887184349,0.986638465280086,0.0580446178404065
"5721","LOC100507246","LOC100507246",0.00966941340455463,7.56484598342082,0.0250265419793609,0.874671995494426,0.986638465280086,0.0581547781241481
"3521","FAT3","FAT3",0.0533711209483851,1.51950796108154,0.0847146674941303,0.874568382416732,0.986638465280086,0.0582062274143847
"9716","SGO2","SGOL2",0.0285005195248793,2.83481505071324,0.0251561152121518,0.874350711010751,0.986529414538591,0.0583143324620442
"9988","SLC39A7","SLC39A7",0.0146718528630056,4.65600360009918,0.0253083092885325,0.873974418507436,0.986519632062731,0.0585012791089069
"1807","CDYL2","CDYL2",0.0322705885723287,2.3173607047863,0.0253397700180882,0.873896778220574,0.986517830130134,0.0585398617553204
"2277","CRAT","CRAT",0.0178643543980607,4.12056092960498,0.0253538149483647,0.873862133432942,0.986517830130134,0.058557079278855
"9316","RPS6KA1","RPS6KA1",0.0179405571154623,6.67771734477143,0.0254081981863947,0.873728078435845,0.986499074112116,0.0586237074222604
"9705","SFTPB","SFTPB",0.0382849401822153,1.9835047918133,0.0638494393916797,0.873446355656629,0.986266826698011,0.0587637628707751
"11254","TMEM35B","ZMYM6NB",0.0217216139885453,5.89538400489352,0.0256268653321155,0.8731905424564,0.986149639356392,0.0588909767893315
"8936","RCOR3","RCOR3",0.0114688529335594,5.64709441710175,0.0256946173010406,0.873024469740441,0.98604792320588,0.0589735834143454
"7488","OBSCN","OBSCN",0.0197837575538739,3.82029245166141,0.0259694369435716,0.872353128472502,0.985914209256601,0.0593076771059533
"3851","GALNT10","GALNT10",0.0192611645737236,3.87092677804653,0.0261079701390887,0.87201609546807,0.985734007172512,0.0594754988880123
"5878","LOC440173","LOC440173",0.0255303314349891,2.77621145197038,0.0457424512941128,0.871851634424389,0.985734007172512,0.0595574139584573
"12900","ZNF84","ZNF84",0.0141624399971234,5.10071733888866,0.0261772837033589,0.871847809168295,0.985734007172512,0.0595593194331878
"1026","BEND3","BEND3",0.0514527031175327,1.57064997446606,0.0513440105894107,0.871239042357475,0.985734007172512,0.0598626710157242
"7325","NPL","NPL",0.0293360355227191,2.7266412177224,0.0316526805863639,0.870760220816279,0.985549846854789,0.0601014191745674
"9683","SETMAR","SETMAR",0.0266891217550777,2.93837941802056,0.0590647602966163,0.870715461710238,0.985549846854789,0.0601237434975175
"5736","LOC100507567","LOC100507567",0.036797036995876,2.10483725734192,0.0771316033855108,0.870522937210658,0.985453234243793,0.0602197812694746
"7000","NAT10","NAT10",0.0144960904909574,5.03571011996705,0.0267428162680282,0.870483213662935,0.985453234243793,0.0602395993701425
"7920","PHKA2","PHKA2",0.0143383004341922,4.4682585705753,0.0268851496805325,0.870142111716222,0.985453234243793,0.0604098125607243
"249","AFF1","AFF1",0.0131630087380658,6.63895446831365,0.0268976531541956,0.870112191510263,0.985453234243793,0.0604247462176301
"2119","CNNM2","CNNM2",0.0264793515686995,2.7582619681829,0.0272102852835153,0.870080631911804,0.985453234243793,0.060440498678253
"9123","RNF144A","RNF144A",0.0197275845965731,4.74327869536456,0.0269299560083439,0.870034925398292,0.985453234243793,0.0604633133545844
"5616","LOC100288122","LOC100288122",0.0511997253965776,1.54944880300281,0.0470495963726924,0.869668584470907,0.985432826227366,0.060646217906662
"7894","PHB2","PHB2",0.00913528214487381,6.82161481273082,0.0270849066763089,0.869664954642681,0.985432826227366,0.0606480305714942
"3447","FAM21EP","FLJ31813",0.0400432094627029,1.99110238841379,0.0621789051789511,0.869582189602371,0.985432826227366,0.0606893638580798
"9284","RPS10P7","RPS10P7",0.0381673639046662,2.06145469268458,0.0737013732570148,0.869524087877618,0.985432826227366,0.0607183825083896
"2113","CNIH4","CNIH4",0.0101191709144027,5.77250181141348,0.0271651165365543,0.86947386716748,0.985432826227366,0.0607434665830809
"9051","RIC8B","RIC8B",0.0225446000688114,3.81734726955176,0.0466711633755931,0.869349052391643,0.985432826227366,0.0608058149313682
"10222","SNORD15B","SNORD15B",0.0540737001000931,1.48738810235291,0.0792787348199699,0.869193217144411,0.985432826227366,0.0608836714084015
"9288","RPS14","RPS14",0.010444496023353,11.5144300950595,0.0273687725458474,0.868989986910967,0.985432826227366,0.0609852277565899
"8802","RAN","RAN",0.0062212690426784,8.75981136071134,0.0274699944755911,0.868750175071159,0.985432826227366,0.0611050948824851
"5424","LINC00092","LINC00092",0.0488911729753613,1.68991453627341,0.0756031083571626,0.868592203660625,0.985432826227366,0.0611840731114423
"10039","SLC9A1","SLC9A1",0.0186937245230723,3.99806851879425,0.0276912509804995,0.868227557318521,0.985432826227366,0.0613664338838229
"1405","CAMSAP2","CAMSAP2",0.0336280122050254,2.49788710748604,0.0277028472700953,0.868200225659691,0.985432826227366,0.0613801056169391
"11669","TTLL1","TTLL1",0.0195221993333788,3.64955221933444,0.0277063948375981,0.868191865461274,0.985432826227366,0.0613842876079292
"11154","TMEM128","TMEM128",0.0140996466104489,5.52106521241712,0.0278771370422533,0.867790142901206,0.985369061169134,0.0615852872650305
"5938","LOC728323","LOC728323",0.0219947372769123,3.29721857809861,0.0279594625602238,0.867596899261688,0.985235869583498,0.0616820087970156
"10832","TBC1D10B","TBC1D10B",0.0285039721253866,2.87378162613436,0.0503474970566687,0.867356768887232,0.985135647239893,0.0618022279119628
"11510","TRIM37","TRIM37",0.015194172919466,5.08955810349858,0.0281130801048649,0.867237091688532,0.985085963617488,0.0618621556544376
"2224","COX11","COX11",0.0114769721084904,6.60834928204992,0.0283998693229323,0.866568060919547,0.984584643046881,0.062197321789084
"44","ABCE1","ABCE1",0.0105846437942521,6.89989329520653,0.0284081307452327,0.866548840028782,0.984584643046881,0.0622069547535915
"2142","CNTRL","CNTRL",0.0131325623172572,7.3316972156042,0.0284276583541544,0.866503418838174,0.984584643046881,0.0622297194132792
"901","ATXN7L3B","ATXN7L3B",0.010080660203728,7.42967178269763,0.0284481933514674,0.866455671772412,0.984584643046881,0.062253651065567
"401","AMIGO2","AMIGO2",0.0222391873052015,3.86608266470736,0.0285245742185553,0.86627822979415,0.984584643046881,0.0623425996020003
"10244","SNORD36B","SNORD36B",0.0598580949202012,1.45890645637787,0.11670233446765,0.866264453270127,0.984584643046881,0.0623495062928675
"9402","RUNX1","RUNX1",0.0130005509395291,6.23654408903402,0.0285401010672021,0.866242188954327,0.984584643046881,0.0623606684659412
"4672","HYLS1","HYLS1",0.0245665620290996,3.31840445408178,0.0286792609160051,0.865919621134194,0.984584643046881,0.0625224194353099
"2858","DPPA4","DPPA4",0.0430985835724529,1.91348567201801,0.0821040238148194,0.865775759900579,0.984584643046881,0.0625945777845751
"4187","GRB10","GRB10",0.0546376687769866,1.67589928148358,0.0289168574118012,0.865370736255032,0.984584643046881,0.0627977951759414
"9668","SESN3","SESN3",0.026678413998564,4.75958516627392,0.0289512791845104,0.865291409345155,0.984584643046881,0.0628376079601262
"142","ACSL6","ACSL6",0.0162616681976652,5.42854679358388,0.0290347529334122,0.865099240745094,0.984584643046881,0.0629340691412365
"9844","SLC16A11","SLC16A11",0.0576750274216126,1.52264580154561,0.0605876654149663,0.8647129055948,0.98454629842736,0.0631280592540733
"8972","RETSAT","RETSAT",0.0200924409897684,4.81620456516703,0.0292433302545,0.864620305071521,0.984540418845086,0.0631745695461004
"1918","CGGBP1","CGGBP1",0.011797539782252,7.00537017843372,0.0294155160281082,0.864226255191939,0.984463868963296,0.0633725439588606
"12427","ZFY","ZFY",0.0692920738246151,4.4455721062137,0.0294463675892323,0.864155776472753,0.984463868963296,0.0634079626548323
"6017","LRP6","LRP6",0.0350711143380084,2.46031156725579,0.0295831552534486,0.863843749520604,0.984463868963296,0.0635648048101198
"1894","CES3","CES3",0.0370230676270625,2.20330247284307,0.067846598108503,0.863695740525626,0.984463868963296,0.0636392222000766
"9974","SLC38A10","SLC38A10",0.0183960099563133,6.08541272787888,0.0296961646911763,0.863586523205737,0.984463868963296,0.0636941437151236
"4471","HGS","HGS",0.0104053000543444,6.50127262489675,0.0297197763318463,0.863532843296827,0.984463868963296,0.0637211399826528
"5208","KLF4","KLF4",0.0498800599492913,1.41690587815016,0.03165007444713,0.863434724972036,0.984463868963296,0.0637704891978427
"4549","HMGN5","HMGN5",0.0326604021949091,2.41157070451722,0.0505793146398134,0.863374754351091,0.984463868963296,0.0638006545520114
"5214","KLHDC1","KLHDC1",0.0258740183390224,3.3189441993848,0.0298830758468455,0.863162189585674,0.984463868963296,0.0639075919742989
"8843","RASIP1","RASIP1",0.0654283997772609,1.38890528496316,0.0308700621314377,0.862989449973942,0.984463868963296,0.0639945134923307
"533","AP4S1","AP4S1",0.0185781644359252,4.35090721144289,0.0650696795272246,0.862879417101497,0.984463868963296,0.064049890433542
"243","AEBP2","AEBP2",0.0182519696968881,5.96224764767655,0.0300154812596675,0.86286242389448,0.984463868963296,0.0640584433420508
"7342","NR2C2AP","NR2C2AP",0.02003814604231,3.99422426753385,0.0532830161278003,0.8628249687521,0.984463868963296,0.0640772956112696
"7153","NEO1","NEO1",0.0267849733735973,3.18287377746371,0.0300463229162118,0.86279269629797,0.984463868963296,0.0640935399381928
"1702","CD80","CD80",0.0533827251867543,1.76293483311102,0.0300698220109391,0.862739593698186,0.984463868963296,0.064120270433127
"8001","PINK1","PINK1",0.0176475741816786,3.9957538384304,0.0300940550201522,0.86268485500655,0.984463868963296,0.0641478262171546
"1136","BSCL2","BSCL2",0.0398826310776079,2.08875332153769,0.0675979956951109,0.862566250705612,0.984463868963296,0.0642075383290181
"5761","LOC147727","LOC147727",0.0124999486533717,5.59609744473598,0.0302595306699602,0.86231167608338,0.984463868963296,0.0643357333192297
"3928","GEMIN2","GEMIN2",0.0207675694425263,3.7640104107138,0.0304101794255223,0.861972848034783,0.984463868963296,0.0645064141455734
"5479","LLPH","LLPH",0.0122756250596107,6.10172487494439,0.0304971274843293,0.861777684515264,0.984463868963296,0.0646047560324732
"10680","SUMF1","SUMF1",0.0166559167376745,4.7684233684737,0.0306796407429598,0.861368946155894,0.984463868963296,0.0648107893603242
"9375","RSPRY1","RSPRY1",0.0133279063716923,4.90246022459565,0.0307227269050074,0.861272637735668,0.984463868963296,0.0648593499151133
"4225","GSR","GSR",0.0262140939357196,4.30553280749833,0.030767813396357,0.861171932601163,0.984463868963296,0.0649101331856095
"3572","FBXO48","FBXO48",0.0238363448438457,3.19770954357865,0.0370086526418816,0.861152321274222,0.984463868963296,0.0649200234151108
"2267","CPSF7","CPSF7",0.011631456665149,5.87090290109779,0.0311463062262735,0.860329514541402,0.984393613701324,0.0653351778983167
"4411","HDAC5","HDAC5",0.0155205192875404,4.95051114161471,0.0311475744064737,0.860326700831171,0.984393613701324,0.0653365982620313
"5210","KLF6","KLF6",0.0248993668323831,8.63899025384047,0.0312096567522744,0.860189030961671,0.984393613701324,0.0654060998233031
"12437","ZGLP1","ZGLP1",0.0638724665537668,1.44473460991289,0.0684234480169417,0.860094133029264,0.984393613701324,0.0654540147820643
"8798","RALGPS2","RALGPS2",0.0235023668178509,3.23259189852676,0.0312812196626144,0.860030512728109,0.984393613701324,0.0654861402978625
"1468","CATSPER2P1","CATSPER2P1",0.0614983435882698,1.47294258578477,0.0830429491332444,0.860018292802013,0.984393613701324,0.065492311107035
"212","ADGRE5","CD97",0.0140623242750619,7.44988903385677,0.0313930499587794,0.859783172737597,0.984393613701324,0.0656110589383897
"12712","ZNF550","ZNF550",0.0243250616130552,3.04547130911315,0.0314344808987118,0.859691653516432,0.984393613701324,0.065657289673694
"4199","GRIPAP1","GRIPAP1",0.0138131362829361,5.34491271217763,0.0318446010331385,0.858789051584571,0.984297372597656,0.0661135008761188
"10346","SOCS7","SOCS7",0.0229869983169875,3.07501204971077,0.0488826337834281,0.858736243078251,0.984297372597656,0.0661402072576441
"12765","ZNF614","ZNF614",0.0218285536035902,4.0320494042111,0.0318974122110316,0.858673260506178,0.984297372597656,0.0661720610274789
"3585","FBXW9","FBXW9",0.0332198592034626,2.6698959651251,0.0323266085334661,0.857735873570292,0.98419139957938,0.0666464257999044
"2949","E2F1","E2F1",0.0415095383169327,1.85265504333084,0.0334166829385985,0.857692256442767,0.98419139957938,0.0666685108729812
"2827","DOCK9","DOCK9",0.0163716182915512,5.3366337087797,0.0324278969738856,0.857515593121981,0.98419139957938,0.0667579739729351
"9098","RNASEH2C","RNASEH2C",0.0161208066404097,4.93586939540415,0.0324624886727787,0.857440445068033,0.98419139957938,0.0667960348729808
"7512","OGT","OGT",0.0149282178209618,8.11298831838206,0.0325099809016915,0.857337338841992,0.98419139957938,0.0668482614244251
"11565","TRPC1","TRPC1",0.0370040119074953,2.27248800131737,0.0332196012886778,0.856945797814379,0.984080537757452,0.0670466465185231
"1828","CEMP1","CEMP1",0.0409033387982985,2.07446435427937,0.0739252899831897,0.856676979078737,0.983858927902661,0.0671829034544755
"8263","POU5F1","POU5F1",0.0358827962957517,2.34376972391932,0.0744729537171448,0.856663133294695,0.983858927902661,0.0671899226651549
"5987","LPAR6","LPAR6",0.020357109014484,7.39239204129424,0.0328957238674436,0.85650275194922,0.983858927902661,0.0672712373050783
"2041","CLDN2","CLDN2",0.0680720790317865,1.40309363303489,0.0590947047376202,0.856361698296001,0.983858927902661,0.067342765234069
"1581","CCDC90B","CCDC90B",0.0174608357138761,5.64206363347543,0.0329635547303985,0.856356517886681,0.983858927902661,0.0673453924300202
"922","B3GALT2","B3GALT2",0.0329994827965258,3.05968499689245,0.0330426397356812,0.856186217600165,0.983858927902661,0.0674317674715434
"9976","SLC38A5","SLC38A5",0.0178905422513507,4.83861978212089,0.0331796176785252,0.855891749223395,0.983858927902661,0.0675811601918117
"5873","LOC401431","LOC401431",0.0514551652725992,1.75951171608634,0.0349186800254402,0.85575589913144,0.983858927902661,0.0676500983818445
"12835","ZNF726","ZNF726",0.0517741098661798,1.75695407282462,0.0762573708516409,0.855020153377338,0.983523359617327,0.0680236485497012
"1499","CC2D2A","CC2D2A",0.0333829337967193,2.66580131986491,0.0527196224613475,0.854879570421573,0.983448848725642,0.0680950613948247
"2988","EDEM2","EDEM2",0.0136475758443501,5.5249945944789,0.0336950048394708,0.854789386873813,0.983448848725642,0.0681408787058541
"12408","ZFP30","ZFP30",0.0239670939212483,3.81856398057889,0.0339119886545716,0.854327888854393,0.983238862368675,0.0683754162077106
"8454","PRORP","KIAA0391",0.0098438382515748,6.49917909420138,0.0339870234619792,0.85416865449299,0.983238862368675,0.0684563699619997
"326","AKAP9","AKAP9",0.0140265863156763,7.96119129566273,0.0340188150820797,0.854101243065813,0.983238862368675,0.0684906460572435
"4662","HUNK","HUNK",0.0565899484318184,1.63750121123636,0.0851520015855021,0.854031100977791,0.983238862368675,0.0685263134595971
"145","ACSS2","ACSS2",0.0247590369134683,3.65385295900907,0.0343970884404786,0.853301633745676,0.982679280477821,0.0688974228590376
"2539","DCPS","DCPS",0.0148908601120503,4.85388118848327,0.034427240402298,0.853238093531016,0.982679280477821,0.0689297633480136
"6415","MEOX1","MEOX1",0.0312603403396173,3.62918360767612,0.0344492250073883,0.853191782802895,0.982679280477821,0.06895333594711
"2067","CLMP","CLMP",0.0584102552459866,1.52897917921573,0.0588825512333963,0.853074320100063,0.982679280477821,0.0690131313139212
"7688","PAXIP1","PAXIP1",0.0275550353317204,2.83718535421693,0.0590505343411178,0.852963256999931,0.982679280477821,0.0690696764829679
"10881","TCEA1","TCEA1",0.0111309251584939,7.94137187432065,0.0346894177740319,0.852686807956227,0.982571046427449,0.0692104559989141
"4039","GNAS","GNAS",0.0122138881468685,8.14160443382275,0.0347798712786155,0.852497110136973,0.982571046427449,0.0693070845392103
"6448","MFF","MFF",0.0128466428354733,6.91286680503744,0.0348669737289704,0.852314681289391,0.982571046427449,0.0694000306844044
"84","ABT1","ABT1",0.013439580674823,6.9412505341916,0.0349342107925535,0.852174020118805,0.982571046427449,0.0694717100921842
"10217","SNORD104","SNORD104",0.0396500267144121,2.22657185036769,0.0678231410580989,0.852063189911493,0.982571046427449,0.0695281962987389
"531","AP4E1","AP4E1",0.0181651806683081,4.55546072768405,0.0349907063944414,0.852055938596198,0.982571046427449,0.069531892291779
"11060","TIMP2","TIMP2",0.0617063433938009,1.47795090908591,0.0441402132649105,0.851774754457279,0.982571046427449,0.0696752360189903
"2864","DPY19L4","DPY19L4",0.019145537166821,4.32918377595495,0.0352808178065623,0.851451125386642,0.982571046427449,0.0698402761618343
"9024","RHBDF2","RHBDF2",0.0217115617918859,3.60956697229453,0.0353021495656597,0.851406755561264,0.982571046427449,0.0698629081977134
"7160","NEURL2","NEURL2",0.051635238599268,1.79000501849311,0.110142681870035,0.851273956564997,0.982571046427449,0.0699306529850795
"10837","TBC1D17","TBC1D17",0.0162326415749506,4.77557342938573,0.0353689323456165,0.851267937811877,0.982571046427449,0.0699337235835498
"8446","PRMT6","PRMT6",0.0150891603808486,4.82124534224062,0.0354947602583403,0.851006754480361,0.982571046427449,0.0700669928861438
"865","ATP6V1B2","ATP6V1B2",0.0126612390260203,5.60686860545998,0.0355477813152127,0.850896841316534,0.982571046427449,0.0701230885201418
"12523","ZNF219","ZNF219",0.038900362800878,2.26777894465586,0.0530742122952615,0.850615468162028,0.982571046427449,0.0702667240481258
"6243","MAPK13","MAPK13",0.0150714563752528,4.76866826830511,0.0356880779074679,0.850606414093123,0.982571046427449,0.0702713467633696
"8275","PPAT","PPAT",0.0192953535507587,4.58197568748136,0.0357784841963185,0.850419577786021,0.982571046427449,0.0703667503349872
"5004","JARID2","JARID2",0.012120749627649,5.51085164273318,0.0357891451225872,0.850397561730176,0.982571046427449,0.0703779936971868
"6609","MOB4","MOB4",0.0473681651179973,1.91605256843498,0.105029124676116,0.850250359789782,0.982571046427449,0.0704531756202519
"3590","FCGR2A","FCGR2A",0.0668393463414631,1.55849957865471,0.0358785363323615,0.850213091991686,0.982571046427449,0.0704722118412907
"5632","LOC100294362","LOC100294362",0.0632713256033638,1.53982442681144,0.0860131194717636,0.849629921167907,0.982571046427449,0.0707702015718128
"11734","TXNL4B","TXNL4B",0.0189345340434985,4.07723191552045,0.0362381707966909,0.849473337939844,0.982571046427449,0.0708502475981324
"2051","CLEC7A","CLEC7A",0.0415672890349389,2.15205397863475,0.0434637890639985,0.849465306790548,0.982571046427449,0.0708543535543227
"3334","EXTL2","EXTL2",0.0370556990163403,2.41663255085579,0.0362797405141864,0.849388076432029,0.982571046427449,0.0708938398559591
"11379","TOMM6","TOMM6",0.010239024729114,6.90861101515134,0.0363649586823271,0.849213448003161,0.982571046427449,0.0709831370362773
"3957","GGT8P","GGT8P",0.0667606318967976,1.4275009285958,0.0800515760402136,0.849159592038535,0.982571046427449,0.0710106802764384
"9219","RPL18","RPL18",0.0128318450393206,10.3825603835848,0.0364271434320844,0.849086153321815,0.982571046427449,0.0710482414239184
"5909","LOC643529","LOC643529",0.0518427501885395,1.81101441102641,0.0374018922799199,0.848808838428443,0.982571046427449,0.0711901068862671
"664","ARL1","ARL1",0.0127643853338777,5.48299073115992,0.0365653547733487,0.848803632004267,0.982571046427449,0.0711927707701974
"10074","SMAP1","SMAP1",0.013335767680491,6.8691653820747,0.0366248008623779,0.848682287043974,0.982571046427449,0.071254861944163
"7624","PAK1","PAK1",0.0276696661907277,3.27705254311793,0.0581883568274465,0.848620416873889,0.982571046427449,0.0712865237961264
"3299","EVI2B","EVI2B",0.0145799142911599,8.94814040544684,0.0366682087736199,0.848593744684111,0.982571046427449,0.0713001739118327
"3340","EZR","EZR",0.0165777910246864,9.10081312844016,0.0366949785369608,0.848539167490356,0.982571046427449,0.0713281064018855
"1053","BIN3","BIN3",0.0154128690929195,5.13142556099133,0.0367047602387675,0.848519230072642,0.982571046427449,0.071338310777303
"8137","PMEL","PMEL",0.0542154415752416,1.75990504833707,0.0656556211360484,0.848286954621815,0.982571046427449,0.0714572117432657
"8583","PTEN","PTEN",0.0193142503722859,7.20889256390501,0.0368205314765683,0.848283469923833,0.982571046427449,0.0714589957954718
"8186","POLA2","POLA2",0.0230553735880445,3.96757888657184,0.055000659739584,0.848231588670997,0.982571046427449,0.0714855581790051
"3837","GABPB2","GABPB2",0.0217413863906169,3.78146135857575,0.0370580887344901,0.847800901767964,0.982571046427449,0.0717061258279032
"1507","CCDC112","CCDC112",0.0241193631635719,3.60332487484677,0.0371723782740482,0.847569308432199,0.982571046427449,0.071824778034706
"10718","SWSAP1","SWSAP1",0.0238824908085087,3.54421841441192,0.081426940248724,0.847162562126572,0.982571046427449,0.0720332448518218
"10318","SNX18","SNX18",0.0229262834789548,5.18559762773479,0.0374700165770421,0.846967910075793,0.982571046427449,0.0721330439089828
"12140","WDR47","WDR47",0.0217074762779595,4.10264157833288,0.0375286217522485,0.846849786790787,0.982571046427449,0.0721936174772486
"7227","NIT2","NIT2",0.0148282675761454,5.26478352463848,0.037597816041668,0.846710443496268,0.982571046427449,0.0722650835201495
"5157","KIAA1671","KIAA1671",0.0386400336446574,2.89861850796114,0.0376181976862566,0.846669424369652,0.982571046427449,0.0722861235486549
"1288","C22orf46","C22orf46",0.0358469834620545,2.59709993935582,0.0416992603825905,0.846665946486303,0.982571046427449,0.0722879075136898
"1462","CAST","CAST",0.0116250488787013,7.57673874282152,0.0377011517879314,0.846502593795565,0.982571046427449,0.0723717068174499
"12381","ZDHHC4","ZDHHC4",0.0138261100989335,5.02858976268392,0.0377666497402403,0.846371004182696,0.982571046427449,0.0724392235451345
"4602","HPSE","HPSE",0.022037369826034,3.79761855189376,0.0377900066065238,0.846324107388796,0.982571046427449,0.0724632881491801
"11081","TLE3","TLE3",0.0215639071915578,5.1499436723636,0.0380616003311774,0.845779892262312,0.982571046427449,0.0727426440689088
"8593","PTGIS","PTGIS",0.054176811063476,1.75347337244031,0.136066057528587,0.845751912594302,0.982571046427449,0.0727570114197191
"5772","LOC154761","LOC154761",0.0283274620055466,5.80764431547221,0.0381180442503785,0.845667044159299,0.982571046427449,0.0728005936355779
"10214","SNORD100","SNORD100",0.0515377881800096,1.78468712579079,0.0963410812561294,0.845229530828839,0.982541460881947,0.07302533787154
"1734","CDC42EP3","CDC42EP3",0.0190538663758625,6.32415592005663,0.0388406460941128,0.844229946916479,0.98173136440906,0.0735392464129534
"6623","MORF4L2","MORF4L2",0.0144778640518197,6.46785479897576,0.0389157602773687,0.844081361103757,0.98173136440906,0.0736156896594262
"9132","RNF169","RNF169",0.0227262727319985,3.99657998133507,0.0392106974481162,0.843499373085354,0.981417194064251,0.0739152358557363
"7975","PIGZ","PIGZ",0.0728787086269639,1.34751333438322,0.0737101451451281,0.842877159979579,0.981037627526923,0.0742357143792093
"11240","TMEM251","C14orf109",0.0317567248509993,3.44951481684572,0.0395334269260875,0.842865144973795,0.981037627526923,0.0742419051839331
"552","API5","API5",0.0118862486042604,7.44136058906772,0.0396169027779331,0.842701536815282,0.981009245971344,0.0743262140652456
"12861","ZNF778","ZNF778",0.0370947026363727,2.65968196340635,0.0537195602183244,0.842691590813799,0.981009245971344,0.0743313398646691
"9006","RGL4","RGL4",0.0167113904804674,4.88486280813983,0.0397542306350212,0.842432771218061,0.981009245971344,0.0744647471379291
"9565","SDK2","SDK2",0.0509613071002832,2.430869496428,0.039758670170193,0.842424090627025,0.981009245971344,0.0744692222157498
"1993","CHURC1","CHURC1",0.0205305364078848,7.63735100248447,0.0397689925713086,0.842403909259302,0.981009245971344,0.0744796264310648
"999","BCL2L12","BCL2L12",0.0284875255546099,3.32066722201056,0.0756672513816542,0.842386324595288,0.981009245971344,0.0744886921561554
"5045","KATNAL2","KATNAL2",0.0659812902600488,1.53834895224284,0.0646402300111815,0.842320110034,0.981009245971344,0.0745228305888375
"6495","MICAL1","MICAL1",0.0156867205951488,6.40667849326267,0.039965769730981,0.842019709213916,0.981009245971344,0.0746777428202221
"235","ADRA1A","ADRA1A",0.0617875586578618,1.60796611188917,0.118531197398222,0.841986379147845,0.981009245971344,0.0746949340452162
"4208","GRPEL2","GRPEL2",0.0150123957094526,6.13640279015417,0.0400418055082984,0.841871515844773,0.981009245971344,0.0747541842930226
"11767","UBAP1L","UBAP1L",0.0766856325871551,1.37790933625505,0.103641669877577,0.841802342398792,0.981009245971344,0.074789870118699
"7773","PDE9A","PDE9A",0.0563546062033093,1.75604899413147,0.0504913440803616,0.841745941786537,0.981009245971344,0.0748189687491545
"3795","FUOM","C10orf125",0.0310854382439998,3.30070249118182,0.0681334255712428,0.841718484290872,0.981009245971344,0.0748331355336382
"3875","GAS6","GAS6",0.0376709919978052,2.49248396060138,0.0576329850914865,0.841420250577694,0.981009245971344,0.0749870399678038
"6408","MEGF8","MEGF8",0.0404928713456134,2.30702147436303,0.0631554918424635,0.841407983019233,0.981009245971344,0.0749933718474809
"5108","KDM1A","KDM1A",0.016531402735179,4.17317664824563,0.0403040267866559,0.841361567722032,0.981009245971344,0.0750173298605633
"6013","LRP11","LRP11",0.0524073419205261,1.88108917449413,0.0425523453079995,0.841278105098369,0.981009245971344,0.075060413781045
"8369","PPP6R3","PPP6R3",0.0129268261202528,7.30454600808195,0.0404488984551189,0.841080572479697,0.981009245971344,0.0751623983671178
"10929","TELO2","TELO2",0.0225488980374086,4.34428502598806,0.0405067644406174,0.840968481164428,0.981009245971344,0.0752202809118117
"948","BAG3","BAG3",0.0232078093899011,5.87786927831327,0.0405566061404827,0.840872000360693,0.981009245971344,0.0752701085633377
"1273","C1R","C1R",0.0455677068598008,2.02286351416166,0.071788568353739,0.840383659566711,0.981009245971344,0.0755224006128265
"10774","TAF1D","TAF1D",0.0135084254039107,6.51438476470837,0.0409773540808873,0.840059987462784,0.981009245971344,0.0756897004930319
"6131","LYSMD4","LYSMD4",0.0223867329025539,3.72833049080248,0.0411071412085164,0.839810384655571,0.981009245971344,0.0758187594066685
"6205","MAP1LC3B2","MAP1LC3B2",0.042906694293257,2.20500058952759,0.112075565377097,0.83979276682359,0.981009245971344,0.0758278702817056
"511","AP1AR","AP1AR",0.0383413852489989,4.36686171482533,0.0411496325952353,0.839728755662176,0.981009245971344,0.0758609745841203
"6469","MGA","MGA",0.0129391285303917,6.71975469955897,0.0412330070836435,0.839568714783547,0.981009245971344,0.0759437530934685
"4040","GNAT2","GNAT2",0.0353764577726622,3.09726192071169,0.0415062122322506,0.839045463657618,0.981009245971344,0.0762145062980098
"7621","PAIP1","PAIP1",0.0150198074028057,6.28436595882449,0.0415185566140767,0.839021863736347,0.981009245971344,0.0762267219170313
"5672","LOC100506035","LOC100506035",0.0684742724557547,1.51327851456125,0.136176356590627,0.839016004967909,0.981009245971344,0.0762297545432324
"9406","RUSC1","RUSC1",0.0226455211604502,3.83381956999734,0.0415904681900627,0.838884456201139,0.981009245971344,0.0762978526276522
"3053","EIF2AK1","EIF2AK1",0.0126219541655339,6.98642263668739,0.0417834476648445,0.838516324656706,0.980890196552881,0.0764884779126205
"8570","PSTPIP1","PSTPIP1",0.0166850446737471,6.60103845697667,0.0418341034087908,0.838419839620832,0.980865775038421,0.0765384534806896
"1631","CCR8","CCR8",0.0428376126694582,3.08896467319625,0.0419557473999796,0.838188390187988,0.980683440287587,0.0766583589068653
"4444","HELQ","HELQ",0.0183547453258511,5.37524239242189,0.0419634221865266,0.838173799271529,0.980683440287587,0.0766659190326471
"111","ACD","ACD",0.0196584543377431,4.84288385918738,0.0420151736707805,0.838075448254217,0.980683440287587,0.0767168819836765
"4001","GLIPR1L2","GLIPR1L2",0.0604408877239639,1.65279689073057,0.0720651851521618,0.838039028490956,0.980683440287587,0.0767357552795501
"4337","H3C10","HIST1H3H",0.0411011519189301,2.3108944275426,0.0822521932337116,0.837667782884379,0.980683440287587,0.0769281874161394
"8220","POLR2I","POLR2I",0.0136992859745595,5.55454952423816,0.0608408863043992,0.837551065546761,0.980683440287587,0.0769887045190829
"3968","GIMAP4","GIMAP4",0.0283438591930576,8.3235617940285,0.0425178140831872,0.837123472832839,0.980587161450151,0.077210480339922
"3002","EEF1DP3","EEF1DP3",0.0466176487314053,2.11546224148874,0.0821413925937478,0.837021385633952,0.980563152735732,0.0772634457771485
"6532","MIR155HG","MIR155HG",0.0310099090847697,2.78758946311034,0.050692171940093,0.836795510630301,0.980557145642389,0.0773806584406127
"4037","GNAO1","GNAO1",0.0338540111287898,2.80544620609093,0.072391105038841,0.836726370886242,0.980557145642389,0.0774165432529638
"10863","TBK1","TBK1",0.0195498697263055,5.73608404729828,0.0428924968776011,0.836417654675114,0.980557145642389,0.0775768088923113
"3484","FAM89A","FAM89A",0.0516137246947779,1.94599206365771,0.0542862086789554,0.836365666718964,0.980557145642389,0.077603803521203
"452","ANKRD18A","ANKRD18A",0.0355376083346134,2.89397432311153,0.0430410667753621,0.8361386732497,0.98054204263842,0.0777216890290356
"10743","SYNRG","SYNRG",0.0149384723826338,6.51774844772259,0.0431180407906591,0.835994330644873,0.980503973551753,0.0777966677499742
"7517","OLFM2","OLFM2",0.0412539598887054,2.53505355888076,0.0431847204317279,0.835869400823619,0.980503973551753,0.0778615729585453
"2348","CSRNP1","CSRNP1",0.0411372908163412,6.53765056046593,0.0433023956117287,0.835649171976353,0.980365048657011,0.0779760128160899
"6226","MAP3K7","MAP3K7",0.0137765963314073,6.05848871150164,0.0434838461084949,0.835310199008921,0.980233307258502,0.0781522158930115
"3955","GGT6","GGT6",0.0612228285412984,1.68721438737595,0.110504494998635,0.835269212316816,0.980233307258502,0.0781735262169577
"2934","DYNC1LI2","DYNC1LI2",0.014454184109062,5.53961455713102,0.0435135921521846,0.835254700041817,0.980233307258502,0.0781810718748263
"4466","HEXB","HEXB",0.0171489090492521,6.11357646809787,0.0435543709488816,0.835178648784417,0.980233307258502,0.0782206168725081
"3539","FBXL19-AS1","FBXL19-AS1",0.0470495076751325,2.10933537514666,0.104072627907733,0.834990923489751,0.980233307258502,0.0783182453544105
"8101","PLEKHN1","PLEKHN1",0.0455441355317507,2.18126644269903,0.0604984275605449,0.834782795945731,0.980233307258502,0.0784265098974631
"3658","FKBP11","FKBP11",0.0203248413141548,6.29142583323325,0.0437844455856516,0.834750261156565,0.980233307258502,0.0784434364019684
"12593","ZNF331","ZNF331",0.0528847766654022,7.31589537913283,0.0439392905294948,0.834462608874145,0.980233307258502,0.0785931186892808
"5373","LEKR1","LEKR1",0.0465714911356478,2.47172084456517,0.043964749165048,0.834415365587946,0.980233307258502,0.0786177070640123
"1256","C1orf159","C1orf159",0.032808063651932,3.05364466902048,0.0598730559566473,0.834305480618437,0.980233307258502,0.0786749034921378
"3124","ELOVL6","ELOVL6",0.0549122087325199,1.84135152619138,0.0563394146101175,0.834111692094936,0.980156791806848,0.0787757910736944
"5984","LPAL2","LPAL2",0.0688597573753324,1.52611754116296,0.0867922425394269,0.833999713711098,0.980113985503585,0.0788340984434504
"5030","KANSL1-AS1","KANSL1-AS1",0.0459584224467755,4.52154370067793,0.0443374999192593,0.833725285785182,0.980113985503585,0.0789770267260115
"3956","GGT7","GGT7",0.0221299727779127,4.03070459647284,0.0443753952930138,0.833655299423094,0.980113985503585,0.0790134847382382
"3057","EIF2B1","EIF2B1",0.0118502127401052,6.57779067739825,0.0444390968275938,0.833537723758389,0.980113985503585,0.0790747403478315
"6193","MANBA","MANBA",0.0200388385046317,4.72367669177653,0.0445354551036758,0.833360039870438,0.980113985503585,0.0791673280686101
"5453","LINC01011","DKFZP686I15217",0.0374810888079923,3.0480964713266,0.0446461310048485,0.833156202083744,0.980113985503585,0.079273568409001
"5869","LOC401052","LOC401052",0.0581602100973959,1.7714853012652,0.1185108440989,0.832957888156003,0.980113985503585,0.0793769546601751
"11340","TNFSF13B","TNFSF13B",0.0429795679295158,4.22217926609101,0.0449252628824759,0.832643279691459,0.980029147834993,0.0795410188123549
"11949","USP36","USP36",0.0282391746035411,6.78193223705835,0.0449625647712338,0.832574861435891,0.980029147834993,0.0795767062338857
"9303","RPS26","RPS26",0.0414543410636549,8.87047287937074,0.0450677715771487,0.832382053263351,0.980029147834993,0.0796772920508936
"3100","ELAC2","ELAC2",0.0162518994476263,5.7675608581926,0.045181569872183,0.83217376454674,0.980010007939802,0.0797859800741745
"2481","CYTIP","CYTIP",0.0166745380515511,8.98232237100544,0.0452130522355217,0.832116189803678,0.980010007939802,0.0798160281954808
"27","ABCA7","ABCA7",0.0229764592205704,5.31481088717837,0.0452563318957521,0.832037074444713,0.980010007939802,0.0798573217044337
"2694","DIABLO","DIABLO",0.012899269706807,5.53864545115198,0.0454049778739866,0.831765649964721,0.980010007939802,0.0799990189780711
"178","ADAM1A","ADAM1",0.0375905685685704,2.90222326156895,0.0454418902984166,0.831698320691794,0.980010007939802,0.0800341754133587
"3874","GAS5","GAS5",0.0137053675269595,8.1435819216689,0.0454930442104945,0.831605061821971,0.980010007939802,0.0800828758645461
"6858","MTRR","MTRR",0.0129431647446489,6.41311376675996,0.0455588678620722,0.831485139154387,0.980010007939802,0.0801455083698025
"10441","SPOP","SPOP",0.0146175774147735,6.139889607462,0.0456133981138122,0.831385860301341,0.980010007939802,0.0801973659800596
"10758","TACC1","TACC1",0.0159923036926802,6.37471466352436,0.0457296163300254,0.831174478066822,0.980010007939802,0.0803078006348509
"6783","MSRB3","MSRB3",0.0687879360911917,1.57785888670843,0.118562474871828,0.831159715915162,0.980010007939802,0.080315514030906
"10795","TANC2","TANC2",0.0304539559170886,3.68198832652518,0.0457673771723651,0.831105857669852,0.980010007939802,0.0803436567526505
"10084","SMARCD1","SMARCD1",0.021247939354969,4.55440223620054,0.0458154890052784,0.831018469965577,0.980010007939802,0.0803893236106064
"12224","XPO7","XPO7",0.0221670301948048,4.13643441034313,0.046073987725305,0.83054976687221,0.979965632163091,0.080634339334892
"10720","SYAP1","SYAP1",0.0242540849863717,5.93751750250143,0.0460792971829856,0.830540154343237,0.979965632163091,0.0806393657554814
"12475","ZNF12","ZNF12",0.0278544432627463,4.68227276915209,0.0461378651679241,0.830434158136445,0.979965632163091,0.0806947953517477
"12171","WDR92","WDR92",0.0386498306135599,3.31699507155445,0.0462099622952688,0.830303773564468,0.979965632163091,0.0807629882907667
"5606","LOC100287042","LOC100287042",0.0465869003377983,2.19678466013638,0.114761769773691,0.830265314854216,0.979965632163091,0.080783104774643
"5059","KCNA6","KCNA6",0.0583904902945545,1.82331546340716,0.0475095988756199,0.829979980573338,0.979965632163091,0.0809323828424615
"9532","SCNM1","SCNM1",0.0482403670210887,2.09960376047727,0.16599828847485,0.829959843395583,0.979965632163091,0.0809429199294744
"5234","KLHL26","KLHL26",0.0246437825991856,3.87176688129342,0.0464753510437032,0.829824744341662,0.979965632163091,0.0810136191927297
"5417","LIN37","LIN37",0.0280536684604285,3.38539651286413,0.0521444086483277,0.829418284901107,0.979965632163091,0.0812263946482481
"2790","DNAJC3","DNAJC3",0.0185506242107325,7.08737616641225,0.0467430980612323,0.829342907343072,0.979965632163091,0.0812658651370559
"8247","POMP","POMP",0.0187997512217534,7.13200652694631,0.0468646572730251,0.829124626664717,0.979965632163091,0.081380185246095
"3519","FASTKD3","FASTKD3",0.0214440484718547,4.36620551896944,0.0469006104171494,0.829060123379494,0.979965632163091,0.0814139733036087
"1488","CBX1","CBX1",0.0219579084864287,4.36568662583856,0.0469126620827135,0.829038507365695,0.979965632163091,0.081425296774167
"7797","PDS5A","PDS5A",0.0156307304680595,7.16320008565196,0.0469287032077476,0.82900974032006,0.979965632163091,0.0814403667447772
"7024","NCAPG2","NCAPG2",0.053649988304969,4.11346188327344,0.0469737332496554,0.828929014061443,0.979965632163091,0.0814826589809615
"11358","TNPO3","TNPO3",0.0118654393876362,6.34444239831458,0.0470036561266856,0.828875393133121,0.979965632163091,0.0815107530953115
"1192","C11orf98 /// LBHD1","C11orf48",0.0171456455249396,4.96071943413563,0.0472202177092455,0.82848785286104,0.979965632163091,0.0817138547450604
"553","APIP","APIP",0.0209165284933405,4.27085544248091,0.0473478822139552,0.828259831385163,0.979965632163091,0.081833400370862
"9414","RXRA","RXRA",0.0371957693194894,2.78732988105981,0.0706271111269021,0.827833622564128,0.979965632163091,0.0820569386533899
"8720","RAB31","RAB31",0.0687302445381333,1.667093907935,0.0476274095485793,0.827761690064268,0.979965632163091,0.082094677208869
"8990","RFPL2","RFPL2",0.0532809082298401,1.97133745832918,0.0502540825865568,0.827621659918166,0.979965632163091,0.0821681518150957
"4354","HACD1","PTPLA",0.0388436919324278,2.86028462491217,0.0477444591558412,0.827553552972641,0.979965632163091,0.0822038924066746
"6264","MARCHF3","MARCH3",0.0281065436494014,3.30580530285617,0.0478879057175923,0.827298841323346,0.979962369292163,0.0823375839250481
"12672","ZNF486","ZNF486",0.0253438137752841,3.50927798904003,0.0482108353719287,0.826726889430514,0.979553195413468,0.0826379366417599
"11795","UBE2N","UBE2N",0.0129358455159557,7.8868399416844,0.0484706206649817,0.826268231193751,0.979188614531519,0.0828789449108494
"3569","FBXO44","FBXO44",0.0196176270325949,4.71858335512449,0.0485944513748906,0.826050058359212,0.979108945371773,0.0829936337807739
"5380","LEPR","LEPR",0.0234737582257897,3.93397143718769,0.048602212089486,0.826036394754181,0.979108945371773,0.0830008174584278
"6052","LRRC61","LRRC61",0.0381817001468023,3.13505430569474,0.048802144677619,0.825684784850772,0.978982918883671,0.0831857182092629
"8888","RBM3","RBM3",0.0113590750484028,9.24176502931324,0.0488581544179323,0.825586419323911,0.978982918883671,0.0832374596863357
"6445","MEX3C","MEX3C",0.0203052741390896,5.0775463979629,0.0489309091688828,0.82545873414756,0.978944707751741,0.083304632855409
"6039","LRRC37B","LRRC37B",0.0208938926213744,4.05667922463749,0.0490802790938017,0.825196900583638,0.978893673843828,0.0834424118936883
"7363","NRSN2","NRSN2",0.0781985250160376,1.4712163850511,0.0733162859053694,0.825142255338556,0.978893673843828,0.08347117219829
"3781","FTCDNL1","FONG",0.0606215856760224,1.79355920948359,0.0643428539122029,0.824548284842004,0.978401618883684,0.0837839073615584
"5250","KLLN","KLLN",0.0690668482469457,1.53423680634888,0.121186813092525,0.824449061470169,0.978373369415707,0.0838361720459279
"7283","NOL12","NOL12",0.0162902307230617,5.20697579811331,0.0496694959786065,0.824168107825273,0.978308432868265,0.0839841950328318
"9327","RPS8","RPS8",0.0122777041349516,9.98910159587279,0.0497416312209468,0.824042598440566,0.978248959514044,0.0840503371020508
"11962","USP5","USP5",0.019749261009921,5.80218461262407,0.0499641826329748,0.823655978527619,0.977968973955593,0.0842541448860901
"4588","HOXB7","HOXB7",0.0773070333446306,1.48677808153245,0.0863742407292993,0.82360088236242,0.977968973955593,0.0842831967736218
"11770","UBASH3A","UBASH3A",0.0250586986676793,5.86764052854894,0.0500093882314581,0.823577557222408,0.977968973955593,0.0842954965698719
"3262","ERV3-1","ERV3-1",0.0321417125032241,3.28773328148347,0.05001895936427,0.823560958287701,0.977968973955593,0.0843042497204796
"10675","SUGT1P3","SUGT1P3",0.0495952440586387,2.1035957284138,0.167074187676094,0.823393475615261,0.977968973955593,0.0843925785767108
"7481","OAS2","OAS2",0.0318918657907511,6.5547344629845,0.0501944342115802,0.823256932607669,0.977968973955593,0.0844646034273767
"12013","VCL","VCL",0.0248815319513933,6.06134962176105,0.0502217451971231,0.823209664155957,0.977968973955593,0.0844895397702006
"4798","IL18RAP","IL18RAP",0.0617876626083343,2.68318145273302,0.0503266473407621,0.823028230357848,0.977968973955593,0.0845852679731914
"10822","TASOR2","FAM208B",0.0217446616035177,5.19869633464453,0.0503967847150573,0.82290703488643,0.977968973955593,0.0846492249533652
"9311","RPS3A","RPS3A",0.0126484685564975,11.9789588494746,0.0504388441049653,0.822834399913931,0.977968973955593,0.0846875602192863
"5646","LOC100505549","LOC100505549",0.027182724043265,3.88446756520397,0.0505103223025582,0.822711032746722,0.977968973955593,0.0847526786645188
"210","ADGRE2","EMR2",0.0630621280852191,1.76783942738162,0.0641486288286463,0.822692246396417,0.977968973955593,0.0847625957570354
"10465","SPTY2D1","SPTY2D1",0.0215940866924859,5.47121980164029,0.050656837064553,0.82245844333907,0.977968973955593,0.0848860365809973
"8179","POFUT1","POFUT1",0.0194856245073066,4.61038294653484,0.0507359370470176,0.822322235669335,0.977968973955593,0.0849579662190934
"12936","ZRANB2-AS1","ZRANB2-AS1",0.0711621015979377,1.57608957454632,0.186926645299323,0.822165717819962,0.977968973955593,0.0850406361326831
"10383","SPAG9","SPAG9",0.0233682797501892,5.72926882624679,0.0508687725033074,0.82209374810486,0.977968973955593,0.0850786545243066
"10303","SNRPG","SNRPG",0.0179533739124856,7.59997938498647,0.0509334370910596,0.821982633375299,0.977968973955593,0.0851373580182845
"6987","NAP1L4","NAP1L4",0.0132648852126532,7.49802176259533,0.0509458487765256,0.821961314560582,0.977968973955593,0.0851486219590105
"5829","LOC286467","LOC286467",0.064242933131369,1.74744648776611,0.09584908176448,0.8215071286637,0.977968973955593,0.0853886636033861
"9480","SAYSD1","SAYSD1",0.02777542766691,3.58565249030345,0.0512437312527371,0.821450476434147,0.977968973955593,0.0854186141640283
"8038","PKP4","PKP4",0.0301222539923611,3.44874292108631,0.0512584447458983,0.821425284813145,0.977968973955593,0.0854319329824692
"11251","TMEM30A","TMEM30A",0.01595044737126,7.40149650816066,0.0514256523205035,0.821139268110232,0.977968973955593,0.0855831787607143
"10538","ST20-AS1","C15orf37",0.046434461134268,2.23752510198206,0.107738936852247,0.821065938052289,0.977968973955593,0.0856219642175188
"1356","CA13","CA13",0.0651378664933225,1.74322034400572,0.115753800684282,0.820536874398421,0.977968973955593,0.0859018972581577
"12147","WDR5B","WDR5B",0.0331156933141482,3.04232094963929,0.0518045619928801,0.820492929677741,0.977968973955593,0.0859251569816038
"628","ARHGAP45","HMHA1",0.0160951626127569,8.74702628982363,0.0520524806273798,0.820071379133307,0.977968973955593,0.0861483449155809
"11937","USP25","USP25",0.0189426782771641,5.32005484636976,0.0521646077048627,0.819881069962736,0.977968973955593,0.0862491407929875
"10052","SLFN11","SLFN11",0.0268125154691708,4.61746370335313,0.0521703783473068,0.819871281491713,0.977968973955593,0.0862543258185771
"2457","CYP1B1","CYP1B1",0.0858741579956386,1.55457167859722,0.0522095113274679,0.819804917078377,0.977968973955593,0.0862894811724784
"3151","EML5","EML5",0.0427629230672575,2.5394913651109,0.0677048101660182,0.819790168558923,0.977968973955593,0.0862972943218001
"10043","SLC9A7","SLC9A7",0.0418515340437949,2.4847799752804,0.0617604824823082,0.81946934663963,0.977968973955593,0.0864672871627255
"2465","CYP2R1","CYP2R1",0.0277508374392292,3.77300982204528,0.0524687859336193,0.819365881219807,0.977968973955593,0.0865221242326062
"6694","MRPL28","MRPL28",0.0180355896309871,5.18935729762431,0.0525001839450469,0.81931279182642,0.977968973955593,0.0865502645031585
"6121","LYPLA2","LYPLA2",0.0195275274530991,5.66479576356158,0.0525020771468988,0.819309591236573,0.977968973955593,0.0865519610484071
"3950","GGCX","GGCX",0.0226875164554446,3.8049492786283,0.0672072628983275,0.819244365671427,0.977968973955593,0.0865865367825995
"3441","FAM215A","FAM215A",0.0550173860760343,2.01502375255475,0.124504314239327,0.819110636916818,0.977968973955593,0.086657434311201
"6332","MCM3AP-AS1","MCM3AP-AS1",0.0510476530284822,2.13690825860119,0.0526447547112833,0.819068559486917,0.977968973955593,0.0866797444414512
"10021","SLC5A6","SLC5A6",0.0271637016545638,4.54887654257389,0.0526528436617924,0.819054904762025,0.977968973955593,0.0866869846425741
"11696","TUBGCP2","TUBGCP2",0.0153233898323638,5.92333124688675,0.0528288951697715,0.818757990498018,0.977968973955593,0.0868444485729685
"5792","LOC283070","LOC283070",0.0333438291653864,3.20450482978786,0.0529138087451348,0.818614968411931,0.977968973955593,0.086920318523792
"5488","LMF1","LMF1",0.02195241768862,4.67694261860243,0.0529621884227306,0.818533535354021,0.977968973955593,0.0869635228240035
"6023","LRRC14","LRRC14",0.0230589762542389,5.09470022481935,0.0531114901401954,0.818282476281965,0.977968973955593,0.0870967492461615
"8490","PRRG2","PRRG2",0.0686331142256518,1.67017773837486,0.0977040793787891,0.818145851803409,0.977968973955593,0.0871692672492414
"3811","FXYD5","FXYD5",0.0123342937879951,8.98596061242627,0.0532205771609607,0.818099275438944,0.977968973955593,0.0871939919775144
"9439","SACS","SACS",0.0187603359233458,5.92300622677164,0.0533421832026823,0.817895283207733,0.977968973955593,0.0873022963729744
"3049","EIF1AY","EIF1AY",0.101240203429662,5.53703870969639,0.0533742375690728,0.817841553331188,0.977968973955593,0.0873308273547121
"6001","LRCH3","LRCH3",0.0201379236189089,5.07170413091424,0.0534014526350397,0.817795948488536,0.977968973955593,0.0873550453510527
"3087","EIF4ENIF1","EIF4ENIF1",0.0198300528965867,4.04490660192666,0.0536891457844186,0.817314602399536,0.977968973955593,0.0876107417701891
"2392","CTSS","CTSS",0.0129735108807185,7.87292144507372,0.0536903960959469,0.817312513445238,0.977968973955593,0.0876118517741966
"2924","DUXA","DUXA",0.0832478088161123,1.45097914336836,0.208440712792842,0.817018182265135,0.977968973955593,0.0877682783885751
"8480","PRR29","C17orf72",0.037116238317801,2.87569079618566,0.118383663491404,0.816958931887335,0.977968973955593,0.0877997746830065
"6727","MRPS10","MRPS10",0.0157626249539154,6.31541322467394,0.0539776371711175,0.816833284144171,0.977968973955593,0.0878665740239406
"5583","LOC100133315","LOC100133315",0.041473235866744,2.75823608227606,0.0975023058797065,0.816459643620587,0.977902569569426,0.0880652769236842
"9490","SCAF1","SCAF1",0.0388812411083578,2.6358024090126,0.117084066603628,0.816342963582048,0.977902569569426,0.0881273462721142
"10546","ST6GALNAC1","ST6GALNAC1",0.0499922225521001,4.9170543359243,0.0543962587887128,0.816137262929129,0.977902569569426,0.0882367928154887
"5623","LOC100288842","LOC100288842",0.0687376487675435,1.70454451296732,0.0829977444394137,0.815820513026062,0.977703419444536,0.0884053789625074
"11018","THOP1","THOP1",0.0245529564076715,4.52963602802664,0.0549564599080759,0.815210250527076,0.977483226990034,0.088730368109386
"6379","MED13L","MED13L",0.015987501267216,6.2121608359691,0.0549660508761479,0.815194423058227,0.977483226990034,0.088738800104823
"12009","VAV1","VAV1",0.0203964822392711,5.281903749526,0.0551058710767329,0.814963850468104,0.977483226990034,0.0888616549292439
"2566","DDR1","DDR1",0.0882526456322547,1.39443867388361,0.0874165198186443,0.814962145116662,0.977483226990034,0.0888625637124932
"9661","SERPINH1","SERPINH1",0.0522166377422484,2.12318419844306,0.106027885885179,0.814531094261267,0.977241458046002,0.0890923320941718
"9467","SARM1","SARM1",0.0366432261194486,3.10617276411294,0.0994700009323139,0.814431416691557,0.977241458046002,0.089145481774729
"10104","SMG8","SMG8",0.0236228706558538,4.68642736016441,0.0555423562917116,0.814246038216287,0.977241458046002,0.0892443458548804
"7317","NPDC1","NPDC1",0.0350532210765029,5.29138158496521,0.0556255194530208,0.81410961225872,0.977187638770574,0.089317117476585
"1331","C6orf163","C6orf163",0.0782699945469662,1.51424602463483,0.131277713737506,0.813957360230371,0.977095293260721,0.0893983453585829
"11253","TMEM33","TMEM33",0.0192973663712188,6.33002553503199,0.0557513006415398,0.813903477577148,0.977095293260721,0.0894270958984698
"8807","RANBP6","RANBP6",0.0199253952137947,5.85472093526019,0.0559054219563893,0.813651232697594,0.977010123980758,0.0895617132596733
"10721","SYCE1","SYCE1",0.0933451567953834,1.33864416709521,0.0737385409816463,0.813519938421006,0.977010123980758,0.0896317985475193
"5666","LOC100505865","LOC100505865",0.0414972554669033,2.95058798596408,0.0561455431656646,0.813258965773414,0.977010123980758,0.0897711401402297
"7719","PCID2","PCID2",0.0222297546931864,5.81842545359513,0.0561603606448716,0.813234788698259,0.977010123980758,0.0897840513122527
"5202","KLF12","KLF12",0.0146959828592096,8.25747746816556,0.0561889334529786,0.813188177129683,0.977010123980758,0.0898089441568034
"12436","ZG16","ZG16",0.0793665597566879,1.46336681926666,0.196134722972404,0.813088069225419,0.977010123980758,0.0898624114697144
"7945","PIAS1","PIAS1",0.0125629250636217,7.16887030675381,0.0562630805935342,0.813067277352155,0.977010123980758,0.0898735171686212
"9548","SDCBP","SDCBP",0.026984690188407,8.31030252272369,0.0563360795300991,0.812948331988337,0.977010123980758,0.0899370556918058
"6519","MIGA2","FAM73B",0.024979855021505,4.50546313865863,0.0563859820459439,0.81286706708222,0.977010123980758,0.0899804713223238
"11882","UNC50","UNC50",0.0217501945532591,5.05493006224785,0.0564070554774285,0.812832760980432,0.977010123980758,0.0899988005986728
"11807","UBE3A","UBE3A",0.0157691252128469,7.23217430200527,0.0564356953243453,0.812786148129779,0.977010123980758,0.0900237064406462
"12554","ZNF264","ZNF264",0.0162179082401348,5.07929379361535,0.056692269512121,0.81236911672672,0.977010123980758,0.0902465952255165
"1872","CEP68","CEP68",0.0161803656526139,6.61271186689457,0.0566979267011668,0.812359932879544,0.977010123980758,0.0902515049600374
"8725","RAB36","RAB36",0.0474150162813447,2.25543747899943,0.128712060088804,0.812057929379668,0.977010123980758,0.0904129886005096
"10139","SNAP47","SNAP47",0.0186775915140813,5.16826920590152,0.0569143612554509,0.81200893743339,0.977010123980758,0.0904391906398067
"5416","LIN28A","LIN28A",0.0727815220835377,1.63749987703339,0.167075257959294,0.81198366120411,0.977010123980758,0.0904527095769124
"8560","PSMF1","PSMF1",0.0120858673839899,7.21548516357632,0.056964987601283,0.811926937759858,0.977010123980758,0.0904830495215605
"1302","C2orf76","C2orf76",0.0374220862990382,3.14593032085042,0.107144987157858,0.811902782524127,0.977010123980758,0.0904959701935457
"11736","TXNRD2","TXNRD2",0.0269080756120529,3.72034318474892,0.0570159734887702,0.811844394673753,0.977010123980758,0.0905272035303543
"6094","LTBP3","LTBP3",0.0284884527368314,4.75816464283759,0.0570225669550073,0.811833723099107,0.977010123980758,0.0905329123046872
"4550","HMGXB3","HMGXB3",0.01934974624069,4.9699357269904,0.0570868845371937,0.811729658819893,0.977010123980758,0.0905885855759511
"9819","SLA2","SLA2",0.0206445047042937,5.81137455428377,0.0571486642988524,0.811629759040515,0.977010123980758,0.0906420375995812
"1058","BIRC6","BIRC6",0.0170456990819575,7.96359996977732,0.0572912242570403,0.811399452948968,0.977010123980758,0.0907652894358886
"10179","SNORA28","SNORA28",0.0611273878640431,1.8232967782896,0.0824147976579298,0.810917834159001,0.977010123980758,0.0910231482291967
"9732","SH2D4A","SH2D4A",0.0703842816320795,1.70784914143655,0.0798428538192444,0.810742869537149,0.977010123980758,0.0911168622470802
"11091","TLR3","TLR3",0.0578576425947366,2.01960424379223,0.0652150851772906,0.810725558816984,0.977010123980758,0.0911261352617305
"12243","YARS2","YARS2",0.0171676516570111,5.00823912016143,0.07021811143935,0.810611446653962,0.977010123980758,0.091187267873437
"538","APAF1","APAF1",0.0242102108022788,4.03215015609307,0.0577965075270065,0.810585598253368,0.977010123980758,0.0912011166745806
"5915","LOC645212","LOC645212",0.0269917132395015,4.15418565433806,0.0578039636022408,0.810573617073676,0.977010123980758,0.0912075359826635
"9367","RSC1A1","RSC1A1",0.0344048993992069,2.68311472808545,0.0598296104677009,0.810393317700923,0.977010123980758,0.0913041487158663
"9933","SLC2A9","SLC2A9",0.0862715431458942,1.43835048188456,0.113488209903806,0.81032009210702,0.977010123980758,0.0913433925096121
"3126","ELP1","IKBKAP",0.0158385022226175,6.12052099382046,0.058018426316625,0.81022934604712,0.977010123980758,0.0913920309678812
"2861","DPY19L2","DPY19L2",0.0866275701730673,1.40356767037141,0.087297579980932,0.810132518305629,0.977010123980758,0.0914439351194164
"7808","PDZD7","PDZD7",0.0831058430087025,1.45439511803778,0.127582311942782,0.810039149206222,0.977010123980758,0.0914939911542317
"9849","SLC16A5","SLC16A5",0.0446147751811085,2.60473202342807,0.0862549914046458,0.809539706889826,0.977010123980758,0.0917618447979105
"5728","LOC100507387","LOC100507387",0.0613074379221801,1.89775429676964,0.0716027565960576,0.808795473737048,0.977010123980758,0.0921612878529161
"10457","SPSB3","SPSB3",0.0148161138488627,6.80701416469843,0.0590548618805544,0.80857500415118,0.977009249629834,0.0922796883387318
"12764","ZNF613","ZNF613",0.0452244151008472,2.58475780534914,0.0590780657891462,0.808538143177845,0.977009249629834,0.092299487222126
"6211","MAP2K5","MAP2K5",0.0190731538687793,4.8601753994351,0.0591375884542614,0.80844362247512,0.977009249629834,0.0923502606081197
"1106","BRAP","BRAP",0.020252848144627,5.86981626212162,0.059545142857404,0.807797784947262,0.976863942546044,0.0926973420381525
"9248","RPL36","RPL36",0.0141843900082954,9.80719484377877,0.0596739230259857,0.8075941988502,0.976863942546044,0.0928068093623701
"3857","GALNT6","GALNT6",0.0371779141386831,3.66396511515569,0.0600431740397917,0.807011745161253,0.976346486055855,0.0931201445572328
"9603","SELENOK","SELK",0.0348599208210268,7.09670691751438,0.0600575599857037,0.806989091378069,0.976346486055855,0.0931323358929606
"8027","PKD1P1","PKD1P1",0.0210192303518656,4.57422888518973,0.0600610936332092,0.806983527326112,0.976346486055855,0.0931353302895616
"703","ARMH3","C10orf76",0.0153409879244902,5.36078080976695,0.066355312623891,0.806804644713899,0.976346486055855,0.0932316102512776
"3357","FADS1","FADS1",0.0479890155714219,2.56387545403471,0.0602706042715504,0.80665394339831,0.976346486055855,0.0933127387666895
"12087","VWDE","VWDE",0.0728930083290605,2.38737998267121,0.0603067887461152,0.806597082703886,0.976346486055855,0.0933433530795724
"8679","QRICH2","QRICH2",0.0719479242526813,1.67023486069728,0.106971904721294,0.806570558297658,0.976346486055855,0.0933576347983086
"7519","OMA1","OMA1",0.0356946646566108,4.59524612658187,0.0603279167336115,0.806563890312966,0.976346486055855,0.0933612251611076
"186","ADAMTS4","ADAMTS4",0.0684583013224695,1.70891570000255,0.143451185693786,0.806507822636053,0.976346486055855,0.0933914158618818
"7893","PHB","PHB",0.0198472311792648,6.05491261363456,0.0604716070348839,0.806338314063379,0.976346486055855,0.0934827037241814
"1849","CEP112","CEP112",0.043913289922404,2.73360444754352,0.0685925788936109,0.805429532631681,0.976344358702186,0.0939724501894393
"5124","KDM8","JMJD5",0.0268141840180508,3.90567697466325,0.0610541779889915,0.805426650402766,0.976344358702186,0.0939740043146635
"7966","PIGP","PIGP",0.0277019955589648,4.06770026049773,0.0614033101610946,0.804882506048075,0.976228566843836,0.09426751180501
"2237","COX6C","COX6C",0.0122172160921686,8.42506701991113,0.0617226150608352,0.804386285990853,0.976190580138542,0.0945353423135705
"8114","PLOD1","PLOD1",0.0508424228999772,2.36799974892164,0.0617286274013388,0.80437695552701,0.976190580138542,0.0945403799335958
"6037","LRRC37A3","LRRC37A3",0.0408247960205875,2.68995792946086,0.0975516906279819,0.804190833659296,0.976190580138542,0.0946408813871419
"6649","MPP6","MPP6",0.034991537977628,3.11647754979649,0.0619638703943561,0.804012263608189,0.976190580138542,0.0947373269023628
"10609","STK35","STK35",0.0295800665891457,4.01835955471416,0.0619641911993782,0.804011766774091,0.976190580138542,0.0947375952718683
"120","ACO1","ACO1",0.0347001154088674,3.72790411799367,0.0620867959108209,0.803821987546688,0.976190580138542,0.0948401183982828
"10689","SUOX","SUOX",0.0724931325621397,1.66820892365037,0.0740712484412253,0.803609270985395,0.976190580138542,0.0949550615771317
"6351","MCTS2P","PSIMCT-1",0.0470704160216464,2.4776169695507,0.126034350277833,0.803606787919833,0.976190580138542,0.0949564035020904
"33","ABCB9","ABCB9",0.0577828274448951,2.03632252223689,0.105012952978231,0.803426400305524,0.976190580138542,0.0950539016077935
"9198","RPAP2","RPAP2",0.0193468777641911,5.38303973005215,0.0624741230114228,0.803223750734402,0.976190580138542,0.0951634582413996
"4102","GPALPP1","KIAA1704",0.025560481693751,4.1619449898776,0.110497443268665,0.803202874599676,0.976190580138542,0.0951747458906109
"12561","ZNF275","ZNF275",0.0227152524715166,4.41055082848731,0.0626419810927294,0.802965101964304,0.976190580138542,0.0953033293834343
"2888","DTHD1","DTHD1",0.0633252929896641,1.96812090165043,0.0628813379518819,0.802596918865043,0.976190580138542,0.0955025118367656
"2061","CLIP4","CLIP4",0.0234704247044183,5.77681481000304,0.0628935168183349,0.80257820505048,0.976190580138542,0.0955126382164726
"2163","COL11A2","COL11A2",0.0877229699090472,1.48063984403301,0.0725527574503297,0.802464712270761,0.976190580138542,0.0955740562477515
"2529","DCDC1","DCDC5",0.0952483390326595,1.39283559695496,0.218373810843458,0.802374371207074,0.976190580138542,0.0956229516490333
"10890","TCEANC2","TCEANC2",0.0312552535935365,4.0510474035322,0.0630347115862293,0.802361388385615,0.976190580138542,0.095629978809344
"5155","KIAA1614","KIAA1614",0.0677183342115334,1.8362280703139,0.193918103414717,0.802141031609531,0.976190580138542,0.0957492677942807
"3195","EPB41L5","EPB41L5",0.0344849524049129,3.40618583503108,0.0631951731376891,0.802115299268297,0.976190580138542,0.0957631999989916
"11602","TSPAN15","TSPAN15",0.0479235883843766,3.00971344810758,0.0633124999216248,0.801935573348404,0.976190580138542,0.0958605210714386
"9289","RPS15","RPS15",0.016117483721016,10.1211781843289,0.0636990465781933,0.801344695818155,0.975952378787921,0.0961806333654908
"1161","BTN2A1","BTN2A1",0.0208232478933794,4.78671889186837,0.0637707722403524,0.801235265608093,0.975910722066829,0.0962399438992566
"5057","KCNA2","KCNA2",0.0550368735822245,2.18320177133513,0.0842233264383242,0.801203519962643,0.975910722066829,0.0962571513692321
"4487","HINT1","HINT1",0.0115813009417034,9.24310890624777,0.0639023015511949,0.801034764409934,0.975849751027333,0.096348635396693
"11315","TMX3","TMX3",0.0263307839094333,5.83052765891138,0.063912891154137,0.801018631345673,0.975849751027333,0.0963573822971439
"4113","GPATCH4","GPATCH4",0.0211006286164284,5.07545421772549,0.0639558372401896,0.800953218359777,0.975849751027333,0.0963928492110483
"10347","SOD1","SOD1",0.0105367857122916,8.67048526606968,0.0639958841601994,0.800892242279811,0.975849751027333,0.0964259130436352
"8029","PKI55","PKI55",0.0372368369940861,3.15227451609051,0.0642920233506453,0.800441965169979,0.975849751027333,0.0966701504656192
"10008","SLC49A4","DIRC2",0.0345110579677615,3.07104430907973,0.0685100028754057,0.80038141156231,0.975849751027333,0.0967030061798283
"9631","SEPSECS","SEPSECS",0.0240241668232165,5.34724523573614,0.0643460468114418,0.800359942148076,0.975849751027333,0.0967146558421677
"11625","TSSK6","TSSK6",0.0697525872154472,1.77881495281426,0.163466238603305,0.80029179630715,0.975849751027333,0.0967516349825839
"6196","MANEAL","MANEAL",0.0698787919368727,1.67424554503698,0.131832005592734,0.800289932674282,0.975849751027333,0.0967526463217191
"12163","WDR82","WDR82",0.0198304561463701,7.47031441065169,0.064412192656972,0.800259563811425,0.975849751027333,0.0967691269486424
"8450","PRO0611","PRO0611",0.0720146367110523,1.75242228399515,0.111918245770797,0.800174238847665,0.975849751027333,0.0968154345946108
"5597","LOC100240735","LOC100240735",0.0753643024170115,1.6923359835726,0.0962691885475993,0.800071367803882,0.975849751027333,0.0968712714318298
"6133","LYZ","LYZ",0.054717893176332,5.7591369719715,0.0645964809060222,0.79998018996917,0.975849751027333,0.0969207673750543
"1672","CD36","CD36",0.083294083944772,2.03582997554905,0.0648285455407936,0.79962899219676,0.975849751027333,0.0971114680271458
"119","ACLY","ACLY",0.0182917964824828,6.51073415028358,0.0648802011651036,0.799550909717852,0.975849751027333,0.0971538782521733
"1905","CFAP74","KIAA1751",0.0923439160750259,1.42853376885062,0.221691940044396,0.799404490623082,0.975849751027333,0.0972334164370007
"1189","C11orf74","C11orf74",0.0735224304099765,1.69771548136533,0.0785711575136407,0.799385547060521,0.975849751027333,0.0972437080756703
"2870","DRAM1","DRAM1",0.055118512031698,2.13073585514328,0.089078575436037,0.799044673100223,0.975849751027333,0.0974289394112133
"12600","ZNF341","ZNF341",0.0463654005983209,2.50746670215279,0.0839174353136559,0.798768896872582,0.975681563545698,0.0975788543917149
"12189","WNT10A","WNT10A",0.0509606997194688,2.85818421190077,0.0654127570000017,0.798747823626972,0.975681563545698,0.0975903121676085
"6466","MFSD6","MFSD6",0.015751576879843,6.09194938278538,0.0655271380544737,0.798575793851522,0.975681563545698,0.0976838581236965
"4679","IBTK","IBTK",0.0184091135922987,6.63115540591343,0.065597203864098,0.798470493521098,0.975681563545698,0.0977411280386311
"8301","PPM1D","PPM1D",0.03129584319359,4.50669945038216,0.0656050900568008,0.798458645294555,0.975681563545698,0.0977475724315389
"2744","DMPK","DMPK",0.0495168193004265,2.28493410708758,0.123914386263782,0.798081649490792,0.975681563545698,0.0979526749282971
"5704","LOC100506844","LOC100506844",0.0479635685565096,2.48541317937076,0.100446463215107,0.797767025464585,0.975625152842389,0.0981239185836268
"8887","RBM28","RBM28",0.0305348160766151,4.05123960994609,0.121452440589337,0.797089374820376,0.975440096174393,0.0984929799650731
"3800","FUT11","FUT11",0.0281754504243873,3.96711154924277,0.0666299999363304,0.796925232580788,0.975393046282615,0.0985824221431076
"10136","SNAI3-AS1","MGC23284",0.0754018204100395,1.71172400396074,0.18415541268573,0.796885252720733,0.975393046282615,0.098604210219887
"792","ATG16L1","ATG16L1",0.0260442298796,5.92434133724421,0.0666791983445094,0.796851942290542,0.975393046282615,0.0986223644501696
"8316","PPP1R12B","PPP1R12B",0.0243213068161554,4.33548241778217,0.0667481883435697,0.796749217294387,0.975393046282615,0.0986783544935716
"298","AIF1","AIF1",0.0455379191141096,3.49289582465241,0.0668351276731064,0.796619846705004,0.975393046282615,0.0987488779328456
"9253","RPL38","RPL38",0.0157087607549949,9.76189430056086,0.0668549014828928,0.796590434709666,0.975393046282615,0.0987649128121428
"1736","CDC42SE1","CDC42SE1",0.0171077376005264,8.02793791937766,0.0668786343053663,0.79655514012318,0.975393046282615,0.0987841555535426
"8852","RAVER1","RAVER1",0.0261035358567902,5.20480398044261,0.0670293993876041,0.796331083780657,0.975393046282615,0.0989063318048963
"7814","PECR","PECR",0.0284031928541392,4.57354533109966,0.0670490013180552,0.796301972557431,0.975393046282615,0.098922208460928
"9015","RGS18","RGS18",0.0729253465662555,1.75931545462324,0.081258073068509,0.796239454186431,0.975393046282615,0.0989563066427408
"12746","ZNF587","ZNF587",0.0230332697008454,4.67784843400879,0.0671388006321425,0.796168667833978,0.975393046282615,0.0989949175011751
"10109","SMIM14","C4orf34",0.034009678197233,4.43102088514842,0.0671633803199404,0.796132196529988,0.975393046282615,0.0990148123419402
"8495","PRSS16","PRSS16",0.0715916105010263,1.77062946705782,0.123236667039497,0.796002487134918,0.975393046282615,0.0990855752933823
"11000","THAP8","THAP8",0.0633988270491462,2.05343550415395,0.0675041302673823,0.795627324734227,0.975393046282615,0.0992903100404195
"9570","SEC13","SEC13",0.0172656172722152,5.80237096536945,0.0675182095311221,0.795606493521593,0.975393046282615,0.0993016809409056
"7036","NCF4","NCF4",0.0347761473657292,4.82550094634092,0.0676439673316844,0.795420529269384,0.975393046282615,0.0994032043566322
"7678","PASK","PASK",0.0427058747214896,7.22697729236718,0.0676617369410284,0.795394267368952,0.975393046282615,0.0994175434217038
"10393","SPATA32","TEX34",0.101577698932788,1.36414582404855,0.182950246832508,0.795075124386535,0.975393046282615,0.0995918341547169
"8953","REL","REL",0.0298762793240034,6.31500477154163,0.0680786058218326,0.794779226234766,0.975393046282615,0.0997534929078628
"4615","HSD11B1L","HSD11B1L",0.0553081560598487,2.22387392181661,0.178357709101737,0.794640251445471,0.975393046282615,0.0998294401138912
"12834","ZNF724","ZNF724P",0.0749125066580844,1.73853539521217,0.171199360726937,0.794599632864942,0.975393046282615,0.0998516399410723
"11623","TSSK3","TSSK3",0.0618575648443557,1.99840627502806,0.146377020367884,0.794502392512358,0.975393046282615,0.0999047906487343
"8035","PKN3","PKN3",0.0812978538242576,1.58919587402076,0.128142547792908,0.794486446874365,0.975393046282615,0.0999135070127762
"10230","SNORD21","SNORD21",0.0937870519000601,1.44977292671055,0.216079334667809,0.79445352092059,0.975393046282615,0.0999315058803579
"3751","FOXO4","FOXO4",0.0524977978362585,2.24219963488087,0.0847005207659655,0.794312021439797,0.975393046282615,0.10000886461231
"7607","PACRGL","PACRGL",0.0366979646564665,3.26767559577934,0.0825555821276826,0.794293169138562,0.975393046282615,0.100019172334388
"3602","FCRLB","FCRLB",0.0953896058410493,1.43561244014767,0.0916710585898019,0.793999928265667,0.975393046282615,0.100179536809461
"7541","OS9","OS9",0.0155265940366543,7.08240452084159,0.0686295457169682,0.793969458731499,0.975393046282615,0.100196203063439
"1400","CAMKK1","CAMKK1",0.0587309453394057,2.13942109617761,0.0718964482511786,0.793932570426418,0.975393046282615,0.100216381118574
"1968","CHODL","CHODL",0.0959112334415961,1.43154492389363,0.0854156944700354,0.793916990020645,0.975393046282615,0.100224903946456
"12306","ZBTB26","ZBTB26",0.0410459063513545,3.08214104862752,0.0688398000366025,0.793661345044627,0.975393046282615,0.100364771316674
"5856","LOC389906","LOC389906",0.0401962215728389,4.23704536316275,0.0689398382641828,0.793514922379433,0.975393046282615,0.100444901743275
"3902","GCC2","GCC2",0.0217147421831571,8.06664810694101,0.0690350423431875,0.793375680796644,0.975393046282615,0.1005211160092
"9881","SLC25A17","SLC25A17",0.031666916545138,4.00226478159935,0.0690869725518833,0.793299773092313,0.975393046282615,0.100562669935139
"1876","CEP78","CEP78",0.0282390707485422,4.81125193992044,0.0691562288134147,0.793198586935423,0.975393046282615,0.100618068151424
"12789","ZNF658","ZNF658",0.0756754727313672,1.72572095585112,0.106131346520575,0.793007975957816,0.975393046282615,0.100722444590281
"12760","ZNF607","ZNF607",0.05419990871223,2.60057633667132,0.0695031149724111,0.792692586348735,0.975393046282615,0.10089520352338
"5994","LPIN2","LPIN2",0.0231862970071564,6.59111090865795,0.069550889033891,0.792623004594886,0.975393046282615,0.100933327127197
"10520","SSBP1","SSBP1",0.0176675041896216,7.34672774626569,0.069615203982618,0.792529371825091,0.975393046282615,0.10098463348222
"3577","FBXO9","FBXO9",0.0135111363305983,6.06651833598465,0.0696389506072946,0.79249481205912,0.975393046282615,0.101003572140459
"8712","RAB26","RAB26",0.0850279426554269,1.50731320822259,0.120099720348543,0.792460424933668,0.975393046282615,0.101022417011892
"7158","NEU3","NEU3",0.0630162809748598,1.98486247609567,0.156926506904994,0.792123804752066,0.975393046282615,0.101206935179911
"2274","CRACR2A","EFCAB4B",0.0234579678125152,4.43071394381905,0.0700092582196523,0.791956697066246,0.975393046282615,0.101298564293483
"5378","LENG9","LENG9",0.0922165419241497,1.46725598261867,0.127397605727835,0.79182897612117,0.975393046282615,0.101368609758257
"4436","HECTD1","HECTD1",0.0192912365102464,6.78898560716547,0.0702740158435811,0.791572896358373,0.975393046282615,0.101509084555985
"11205","TMEM19","TMEM19",0.0194793379371416,5.20653682906573,0.0703705469049182,0.791433154657685,0.975393046282615,0.101585760257407
"6972","NAGA","NAGA",0.0288492861002362,4.79603051107894,0.0704650182504366,0.791296494038483,0.975393046282615,0.101660758477108
"6429","METTL18","METTL18",0.0315409668301472,4.88414054523319,0.0705561201104299,0.791164800574372,0.975393046282615,0.101733043019034
"11629","TTBK2","TTBK2",0.0306852169224408,3.81920524878406,0.0707583108952997,0.790872846129338,0.975393046282615,0.101893335292924
"319","AKAP2","AKAP2",0.0836278689299664,1.61649398252899,0.21729354494044,0.790613053369634,0.975393046282615,0.10203601954073
"1694","CD68","CD68",0.0486079486599921,2.48759325960331,0.0709748194128199,0.790560712650182,0.975393046282615,0.102064771960146
"8995","RFX1","RFX1",0.0471492460476776,2.71199968970548,0.12424823134207,0.790490967027437,0.975393046282615,0.102103088404199
"3756","FOXRED2","FOXRED2",0.0497503208461299,2.50559135688683,0.0772848171428852,0.790097961842543,0.975393046282615,0.102319058519589
"8330","PPP1R32","PPP1R32",0.0558149755333781,2.25248147854602,0.133096546719487,0.790025888256433,0.975393046282615,0.10235867713652
"12300","ZBTB20","ZBTB20",0.0197392571802812,6.09726170630306,0.0715572416892148,0.789723576897403,0.975393046282615,0.102524896096605
"4803","IL2","IL2",0.0498951416397831,2.81837904815304,0.071558858961875,0.789721257430682,0.975393046282615,0.102526171648084
"8522","PSMA7","PSMA7",0.0142531787247442,8.17928936667608,0.0720183383568356,0.78906341416411,0.975075497799856,0.102888092715984
"9178","RNU4ATAC","RNU4ATAC",0.0567488406851096,2.17205994168328,0.159166168469843,0.789061589962517,0.975075497799856,0.102889096743781
"9037","RHOC","RHOC",0.0286955297360242,3.9924612973228,0.072256910648227,0.788722734524592,0.974949147118393,0.103075640679897
"7784","PDIK1L","PDIK1L",0.0245222379588242,5.04110239434736,0.0725504064617926,0.788304451309486,0.974550735345849,0.103306021104642
"907","AURKB","AURKB",0.0753568075806738,1.71883375620274,0.106793929348134,0.788003371523068,0.97443215506327,0.103471924349618
"11074","TKT","TKT",0.0183968238461236,6.88927970006785,0.0727652239585336,0.78799887381011,0.97443215506327,0.103474403193699
"103","ACAT1","ACAT1",0.0240434236074948,5.54800337232254,0.0728943721115715,0.78781539382026,0.97443215506327,0.103575537380803
"849","ATP5MG","ATP5L",0.0112566477667343,8.64320667698357,0.0728980965586983,0.787810105110913,0.97443215506327,0.103578452867112
"12136","WDR44","WDR44",0.0223908225502074,4.82847162042605,0.0729607291340264,0.787721188669551,0.97443215506327,0.103627472420107
"10229","SNORD20","SNORD20",0.0941573694948872,1.4564283237637,0.229231832132811,0.787672655714559,0.97443215506327,0.103654230928305
"6558","MITD1","MITD1",0.0275338508051784,5.69979712680958,0.0730619965218286,0.787577510901796,0.97443215506327,0.103706693537852
"11178","TMEM161B","TMEM161B",0.0264380029054573,4.60198901354272,0.0730863131711862,0.787543026458767,0.97443215506327,0.103725709737522
"6008","LRIG1","LRIG1",0.0235911290997223,6.39357014877633,0.0730971549804671,0.787527653227695,0.97443215506327,0.10373418746428
"12051","VPS33A","VPS33A",0.0144099765385568,5.86318261919737,0.0731981598706595,0.7873844913234,0.97443215506327,0.103813143519627
"4622","HSD17B6","HSD17B6",0.102618305008847,1.36753084746289,0.114663434260273,0.787320421372075,0.97443215506327,0.103848483761608
"2066","CLMN","CLMN",0.0997990446802809,1.42138911741847,0.0851252629204262,0.787223137390514,0.97443215506327,0.103902149976414
"11190","TMEM175","TMEM175",0.0215594053575962,4.86080335883058,0.0735847111687662,0.786837580416627,0.97443215506327,0.104114905771248
"11540","TRIQK","C8orf83",0.0803738802811009,2.11542814814966,0.0736124258156809,0.786798427785798,0.97443215506327,0.104136516577605
"9166","RNFT1","RNFT1",0.0253661840069335,5.19269620739396,0.0736129069018421,0.786797748222717,0.97443215506327,0.104136891680825
"10062","SLU7","SLU7",0.0214688597442496,7.82219499209392,0.0736178773375107,0.78679072732363,0.97443215506327,0.104140767074905
"8277","PPCDC","PPCDC",0.0372938728572272,3.19311538859305,0.0737627331417383,0.786586225622407,0.97443215506327,0.104253663047755
"666","ARL11","ARL11",0.0789451558976073,1.7262313502756,0.155655497673941,0.786463858227326,0.97443215506327,0.104321230488997
"1585","CCDC96","CCDC96",0.0839361903286899,1.45986769229794,0.149880643919898,0.786365446437998,0.97443215506327,0.104375578023072
"11403","TP53BP2","TP53BP2",0.0378191181080624,5.31600601415599,0.0739640155216856,0.786302421007611,0.97443215506327,0.104410387148658
"4360","HADH","HADH",0.0297263434745619,4.6654346830963,0.0740583538644253,0.786169548446585,0.97443215506327,0.104483782186927
"5067","KCNE4","KCNE4",0.0920175816005194,1.511400191546,0.275068182672993,0.786161998626015,0.97443215506327,0.104487952866348
"8625","PTPRM","PTPRM",0.0416583631510843,4.07958391446301,0.0741634072976394,0.786021691025095,0.97443215506327,0.104565469020995
"5999","LRBA","LRBA",0.0232912878185284,6.70441422243764,0.0741930018511758,0.785980058505424,0.97443215506327,0.104588472524102
"11567","TRPC5","TRPC5",0.100790876285867,1.4204396822324,0.0981834744955534,0.785845788579819,0.97443215506327,0.104662669914387
"10423","SPIB","SPIB",0.0738021667369227,1.77373794375448,0.173740596784971,0.785537916094585,0.97443215506327,0.104832847730002
"5296","KTI12","KTI12",0.0217909378718835,4.9721199006653,0.0745477887944897,0.785481650756662,0.97443215506327,0.104863955841332
"5686","LOC100506385","LOC100506385",0.0600736409097422,2.13910829037141,0.207392134452446,0.785348936057222,0.97443215506327,0.10493734028171
"6140","M6PR","M6PR",0.0307027599087926,7.21352125110416,0.0746652018202514,0.785316988883004,0.97443215506327,0.10495500728684
"200","ADCK5","ADCK5",0.0401481758202407,3.3541917293257,0.109161348313678,0.784888527597666,0.97443215506327,0.105192018779409
"1430","CARD14","CARD14",0.0593970918840916,2.15767861193026,0.175259520330427,0.784523187325597,0.97443215506327,0.105394215902743
"2015","CISH","CISH",0.0992167203719794,4.91265070734284,0.0755276937862902,0.784111662212015,0.97443215506327,0.105622086767841
"6284","MAT2A","MAT2A",0.0318194830582231,6.79469885182691,0.0757533331724767,0.783797556443905,0.97443215506327,0.105796094806095
"11986","UTS2B","UTS2D",0.0788490179732257,1.7292137857878,0.225377845605152,0.783663475213284,0.97443215506327,0.105870394246466
"973","BBS2","BBS2",0.0238293224270476,5.74271441352019,0.075920396360345,0.783565317171383,0.97443215506327,0.105924795360349
"12673","ZNF487","ZNF487P",0.0476803006495212,2.82583762459119,0.0760003576036448,0.783454258134261,0.97443215506327,0.105986354676938
"5861","LOC400027","LOC400027",0.0204427605244451,5.71904437347929,0.0760486870532716,0.783387163338989,0.97443215506327,0.106023549122999
"1847","CENPW","CENPW",0.0643026541538998,2.02988047045778,0.134758772352577,0.78324489762602,0.97443215506327,0.10610242560691
"696","ARMCX2","ARMCX2",0.0786494519338082,1.85468310554204,0.0762099292109109,0.783163480043644,0.97443215506327,0.106147572462982
"11457","TRAF5","TRAF5",0.0208671295348057,6.50756976579462,0.0762714219570105,0.783078241324524,0.97443215506327,0.106194843206559
"4085","GOLPH3L","GOLPH3L",0.0504367292180306,3.97778052117711,0.0763182947333984,0.783013293061275,0.97443215506327,0.106230864948245
"2327","CSAD","CSAD",0.0267653377889311,4.06284563159892,0.0859701432567148,0.782945246771596,0.97443215506327,0.106268608129036
"2681","DHX30","DHX30",0.0189229613122833,5.96669320125001,0.0768058524360699,0.782338989265847,0.97443215506327,0.106605025370663
"12321","ZBTB46","ZBTB46",0.0785794032219735,1.73072280875832,0.13542320426122,0.782288230741978,0.97443215506327,0.106633203516297
"8745","RAB7A","RAB7A",0.0124746966192253,7.77789773103141,0.0768556863246915,0.782270197878951,0.97443215506327,0.106643214740886
"6470","MGAT1","MGAT1",0.0220212463587795,6.51899302756275,0.0770489660661758,0.782003618995752,0.97443215506327,0.106791237085615
"4965","ITGB2","ITGB2",0.017446768053698,9.24367699747085,0.0771366215015316,0.781882840020026,0.97443215506327,0.106858318225028
"3408","FAM161A","FAM161A",0.044388202721456,2.86614793493086,0.104406360695223,0.781343421951576,0.97443215506327,0.107158039775982
"10026","SLC6A20","SLC6A20",0.0934914397814639,1.50900671861503,0.178038069046421,0.781252346898209,0.97443215506327,0.107208665016302
"8447","PRMT7","PRMT7",0.028026269174881,4.8964751738119,0.077630960706017,0.781203079190976,0.97443215506327,0.107236053565169
"6167","MAGOH","MAGOH",0.0169121645736743,5.6378954138976,0.07785635465821,0.780893916975791,0.97443215506327,0.107407960234409
"6778","MSMP","MSMP",0.0708393491290238,1.93383263864271,0.149859631025302,0.78063776166635,0.97443215506327,0.107550444488709
"8729","RAB3B","RAB3B",0.0583170090081681,2.22792905367789,0.16269151548945,0.780498751580866,0.97443215506327,0.107627787261365
"12350","ZC3HC1","ZC3HC1",0.0308735827388158,3.84855233409695,0.0781791077971159,0.780452051138938,0.97443215506327,0.107653773659145
"2615","DELE1","KIAA0141",0.0190058448546385,5.85028983352306,0.0782084992553183,0.780411861631219,0.97443215506327,0.107676138301308
"2247","CPEB3","CPEB3",0.0429172831406009,3.24473841513352,0.0782150383227392,0.780402921301434,0.97443215506327,0.10768111356927
"5759","LOC145820","LOC145820",0.092353426514211,1.53883504025421,0.337608735796747,0.780026008713964,0.97443215506327,0.107890916216392
"12192","WNT7B","WNT7B",0.0661129836431806,2.02885326354716,0.238966861492342,0.779637246793253,0.97443215506327,0.108107420849478
"1232","C17orf67","C17orf67",0.0946031950757483,1.50714675717788,0.128031017693484,0.779460380232824,0.97443215506327,0.108205954989002
"9229","RPL23AP64","RPL23AP64",0.0669558041147376,1.98486297689407,0.151446987401819,0.779216408038731,0.97443215506327,0.108341911050317
"11189","TMEM171","TMEM171",0.0560016730080029,1.33842666197716,0.0977136223056952,0.778958779602815,0.97443215506327,0.108485523411759
"5901","LOC641298","LOC641298",0.0680563290565859,1.97013857413364,0.149391226874837,0.778870416301819,0.97443215506327,0.108534791578215
"1809","CEACAM21","CEACAM21",0.0402282703008685,3.77949604685718,0.0793581244303868,0.77884622657199,0.97443215506327,0.108548279867285
"6954","NAA50","NAA50",0.0217085541824205,6.69624956236467,0.0793992055617019,0.778790506947639,0.97443215506327,0.10857935094423
"393","AMACR","AMACR",0.105436441426147,1.40802527790039,0.209080198315808,0.778760632276462,0.97443215506327,0.108596010949177
"10783","TAF7","TAF7",0.0160466864942515,8.13840434666036,0.0796281839598607,0.778480221286945,0.97443215506327,0.10875241700088
"3092","EIF5","EIF5",0.0189686574466007,8.39905377541195,0.0798521069312826,0.77817725200896,0.97443215506327,0.108921468818038
"5512","LOC100128338","LOC100128338",0.0743376752662789,1.84087829529446,0.203864477603044,0.778169390252171,0.97443215506327,0.1089258564236
"5580","LOC100132832","LOC100132832",0.0523821765744543,2.5648015655383,0.209659617908532,0.777904632662358,0.974421114907864,0.109073642145505
"4","A2ML1","A2ML1",0.0862949120092422,1.63331906449968,0.270779125599592,0.777900339070416,0.974421114907864,0.109076039211104
"5509","LOC100128191","LOC100128191",0.0797448558101515,1.72891702354197,0.161545703468806,0.777893512597173,0.974421114907864,0.109079850383975
"820","ATP13A3","ATP13A3",0.0284481702669148,4.92444903277746,0.0804031694462273,0.777433610409354,0.974421114907864,0.109336687656664
"7953","PIEZO1","PIEZO1",0.0248352653771611,5.68158286845737,0.0805357693048765,0.777255082627312,0.974421114907864,0.10943642933652
"11297","TMOD2","TMOD2",0.0393909951422315,3.70212713217113,0.0805957636575721,0.777174360564346,0.974421114907864,0.109481535464301
"12756","ZNF599","ZNF599",0.0501429720539242,2.61446022815762,0.108809075588426,0.77683677917637,0.9743694804462,0.109670221031023
"12401","ZFC3H1","ZFC3H1",0.0195940192722111,6.8194009260102,0.0810290008138971,0.776592404532276,0.974251355187817,0.109806861389574
"5821","LOC285954","LOC285954",0.0872977334220398,1.60698054952871,0.226659589369472,0.776511273680838,0.974251355187817,0.109852234640076
"5227","KLHL18","KLHL18",0.0269792521482086,4.2691799518872,0.0811419471415026,0.7764409634523,0.974251355187817,0.109891560182184
"815","ATP11A","ATP11A",0.0315441407084513,4.34622792336534,0.0812974874205491,0.776232597951943,0.974251355187817,0.110008122980465
"514","AP1G2","AP1G2",0.0209693436826103,7.47830711999754,0.0813870307088555,0.776112741429879,0.974251355187817,0.110075186700032
"9663","SERTAD1","SERTAD1",0.0563540434644652,3.62751150004943,0.0814126599959599,0.776078448954987,0.974251355187817,0.110094376388404
"3343","F13A1","F13A1",0.0919487711253048,1.61956982740167,0.0815303025152437,0.775921115923766,0.974251355187817,0.110182429077413
"2973","ECHS1","ECHS1",0.0268096217024871,5.43176634766248,0.0816343658353835,0.775782045851761,0.974251355187817,0.110260275622448
"10810","TARDBP","TARDBP",0.0216387261200869,7.18065919873186,0.0816927100977109,0.775704116639685,0.974251355187817,0.110303903761236
"7687","PAXBP1-AS1","GCFC1-AS1",0.0485436783940535,2.5947405101143,0.094598382504273,0.775653075724131,0.974251355187817,0.110332481045814
"7850","PFDN1","PFDN1",0.0123292238051377,6.82243765713248,0.0817947843305858,0.775567850644254,0.974251355187817,0.110380201884694
"10097","SMCR5","SMCR5",0.107442147843611,1.39739900798998,0.13493174064884,0.775419748594988,0.974251355187817,0.110463142461371
"982","BCAS1","BCAS1",0.0699718993315798,2.3840453104072,0.0819958328914724,0.775299725898228,0.974251355187817,0.110530369572229
"559","APOBEC3C","APOBEC3C",0.0247703958259886,6.7111844639314,0.0821512655545892,0.77509267983862,0.974251355187817,0.110646364673068
"12754","ZNF597","ZNF597",0.0326016836060983,3.79299691008326,0.0823870236240039,0.774779039795501,0.974251355187817,0.110822136822678
"11500","TRIM23","TRIM23",0.0405065832279418,4.82652698345268,0.0824749945734155,0.774662132456538,0.974251355187817,0.110887672982697
"5247","KLHL8","KLHL8",0.025538573073835,4.88339253793835,0.0825722942648005,0.774532906504254,0.974251355187817,0.11096012624612
"2962","EBLN2","EBLN2",0.0430401368023511,3.67046193825916,0.0830885020605341,0.773848694988517,0.974251355187817,0.111343945460703
"1457","CASP7","CASP7",0.0238304757975405,5.09904957874642,0.0831574764921788,0.773757446960289,0.974251355187817,0.111395158122783
"5995","LPIN3","LPIN3",0.1049847759766,1.43516905253899,0.224629388291597,0.773550510116102,0.974251355187817,0.111511323143014
"12784","ZNF646","ZNF646",0.0378707623284442,3.51662828555456,0.108493081147951,0.773533545811369,0.974251355187817,0.111520847517474
"3760","FRA10AC1","FRA10AC1",0.025835745924217,5.02170337031286,0.0836370757389623,0.773124104268034,0.974251355187817,0.111750786194695
"12917","ZNF91","ZNF91",0.0272285628710421,6.07177875222051,0.083708164872863,0.773030394070999,0.974251355187817,0.111803430120724
"3655","FIS1","FIS1",0.0184570254917988,6.6551396237837,0.0837177402284086,0.773017775068387,0.974251355187817,0.111810519632307
"684","ARL6IP6","ARL6IP6",0.0204741460696775,5.56100724991375,0.0839415790040077,0.772723009052669,0.974251355187817,0.111976155755706
"4738","IFRD2","IFRD2",0.0248487957345025,4.89627396793724,0.0839709306929661,0.772684388398496,0.974251355187817,0.111997862312859
"6116","LYG2","LYG2",0.0854540959284284,1.68531802761383,0.183692791197265,0.772649187990687,0.974251355187817,0.112017647481716
"9317","RPS6KA2","RPS6KA2",0.0430587039230568,3.24077391494866,0.0840564530764317,0.772571900649284,0.974251355187817,0.112061091706192
"4073","GOLGA3","GOLGA3",0.0199046819142963,5.44108715926737,0.0841939153750813,0.772391226254261,0.974251355187817,0.112162668102122
"4059","GNMT","GNMT",0.0958804080531026,1.48047650810764,0.164433626615575,0.772354413319709,0.974251355187817,0.112183367502634
"10840","TBC1D20","TBC1D20",0.034045039551148,4.99199956522947,0.0845137635765698,0.77197145036046,0.974251355187817,0.112398760778491
"6828","MTM1","MTM1",0.0165564176622834,6.32690221872294,0.0845407959891068,0.771936011960818,0.974251355187817,0.112418698115139
"1072","BMERB1","C16orf45",0.0517346362909052,2.79066396574718,0.0846618579072687,0.771777380076706,0.974251355187817,0.112507954258827
"10262","SNORD58C","SNORD58C",0.0763056795520591,1.78997208316517,0.182927014870849,0.771516298137799,0.974251355187817,0.112654895114056
"8265","POU6F1","POU6F1",0.0452594093117703,3.16035898838253,0.0849268390834881,0.771430594648846,0.974251355187817,0.112703141171707
"2232","COX4I1","COX4I1",0.0152950613249899,8.81136423398923,0.0850803982113831,0.771229897972309,0.974251355187817,0.112816142652026
"10642","STX11","STX11",0.041130403348049,4.96659696687802,0.0851525882819977,0.771135615915429,0.974251355187817,0.112869237948475
"10496","SRPRA","SRPR",0.0167723351287168,6.992598833867,0.0853713406234535,0.770850184582197,0.974251355187817,0.113030019266125
"7208","NIF3L1","NIF3L1",0.0263300764632994,4.3699393102368,0.0855187855674035,0.77065802025638,0.974251355187817,0.113138297517893
"2921","DUSP7","DUSP7",0.0400929846393486,3.590132964763,0.104340117861731,0.770591107697562,0.974251355187817,0.113176006872671
"11346","TNIP2","TNIP2",0.0205427946654256,5.4568057831897,0.0857094904816592,0.770409742144645,0.974251355187817,0.113278234018374
"12207","XAB2","XAB2",0.0455634194547984,4.86970326886065,0.0858013163987364,0.770290301327912,0.974251355187817,0.113345570276259
"5886","LOC441242","LOC441242",0.066729802100584,2.11619178818208,0.234747609966598,0.770272586870488,0.974251355187817,0.113355557912815
"8209","POLR1C","POLR1C",0.027419223726518,4.89956738963249,0.0859219125155966,0.770133543679622,0.974251355187817,0.113433960211411
"7008","NBEA","NBEA",0.0675481877969614,2.37521226150786,0.0863176586861041,0.769619968755515,0.974251355187817,0.113723672508936
"3600","FCRL3","FCRL3",0.0556247997174058,4.52806337529868,0.08651412326253,0.76936548457001,0.974243864440323,0.113867300999075
"2156","COG4","COG4",0.0311424564027444,5.62340144714329,0.0865997482034623,0.769254671322111,0.974243864440323,0.113929857806203
"11933","USP20","USP20",0.0218958784273353,5.72234766873044,0.0867968828577888,0.768999771803126,0.974146473938283,0.114073789073286
"1021","BDNF-AS","BDNF-AS1",0.112007224218062,1.39247723699387,0.122297512649827,0.768815813553479,0.974146473938283,0.114177692368147
"5548","LOC100130894","LOC100130894",0.0756680157555189,1.91589605226217,0.140099472452035,0.768350366971083,0.973894412380641,0.114440696968553
"7867","PGAP1","PGAP1",0.0429704587264222,5.67349075444674,0.0875424273081321,0.768038602723817,0.973594371031471,0.114616951155183
"550","APH1A","APH1A",0.020909322926475,6.73044933275766,0.0876956417046427,0.767841628394541,0.973534934046363,0.114728346383818
"8004","PIP4K2B","PIP4K2B",0.0259823301057089,5.00327941694938,0.0877988471053282,0.767709051815578,0.973534934046363,0.114803338733544
"8540","PSMC6","PSMC6",0.0183216949971756,6.25291871675011,0.0878629063608807,0.767626804631015,0.973534934046363,0.114849868615969
"12180","WHAMMP3","WHAMMP3",0.030280172349264,3.68946625393997,0.0879914735740667,0.767461832614638,0.973534934046363,0.11494321363191
"8241","POM121L10P","POM121L10P",0.0651159880496188,2.13344773041468,0.196449828156854,0.767333310779709,0.973534934046363,0.115015948190765
"12684","ZNF507","ZNF507",0.0188344192175623,6.00176172318518,0.0881078915080033,0.767312563226296,0.973534934046363,0.115027691027485
"4565","HNRNPF","HNRNPF",0.0163924728544293,8.08798972541675,0.0882298048383432,0.767156362795961,0.973534934046363,0.11511610856928
"8011","PIPSL","PIPSL",0.0919359896211271,1.61727726640645,0.19488288365497,0.765952328896446,0.972979761520836,0.115798259011612
"823","ATP1A1-AS1","ATP1A1OS",0.0710012963261678,2.04059800245668,0.115585805027928,0.765788959193053,0.972979761520836,0.115890899409196
"10821","TASOR","FAM208A",0.0279462032327406,6.75332479180141,0.0893736618130997,0.765696496447003,0.972979761520836,0.115943340077558
"3810","FXYD1","FXYD1",0.0899977747928621,1.64356956593305,0.273023817950472,0.765297403448559,0.972979761520836,0.116169760170973
"341","AKT3","AKT3",0.0395708666883157,5.38053155101253,0.0899957073158688,0.764906873704296,0.972979761520836,0.116391436347373
"5949","LOC728758","LOC728758",0.0642267466009799,2.20162645909991,0.127576312530151,0.764360523623481,0.972979761520836,0.116701750731627
"1733","CDC42EP2","CDC42EP2",0.0906456996895241,1.63422246606737,0.17439978083215,0.764302704445226,0.972979761520836,0.116734603683952
"7992","PIK3R6","PIK3R6",0.0919854735209489,1.64763365037098,0.116148326449408,0.764290248377929,0.972979761520836,0.116741681567286
"12666","ZNF473","ZNF473",0.0662039920999307,2.30525105628901,0.0905731919014455,0.76417647694598,0.972979761520836,0.11680633499332
"11406","TP53I3","TP53I3",0.084763876662512,1.74583771723951,0.238030655740836,0.764167198724157,0.972979761520836,0.116811607996511
"8651","PWAR5","PAR5",0.0388565417023137,4.29408841319535,0.0906086225703195,0.76413174743743,0.972979761520836,0.116831756277374
"9875","SLC25A11","SLC25A11",0.031985174803442,5.16503403341188,0.090836397937341,0.763844419724947,0.972979761520836,0.116995089769324
"3148","EML2","EML2",0.0395282408638935,3.80683688930289,0.0908632836003338,0.763810530711719,0.972979761520836,0.1170143582716
"11571","TRPS1","TRPS1",0.0297650363693978,5.01145682789488,0.0908760512714424,0.763794439152649,0.972979761520836,0.117023507856011
"12686","ZNF511","ZNF511",0.0221429722573966,4.96431980991293,0.105234724712797,0.763760476773482,0.972979761520836,0.11704281933701
"2299","CRIPT","CRIPT",0.0211286640435045,4.64706692357323,0.0909111380571078,0.763750224359073,0.972979761520836,0.117048649171133
"11430","TPP2","TPP2",0.0194071880308923,7.90262342567502,0.0909670285593854,0.763679812890053,0.972979761520836,0.117088689384739
"9521","SCFD1","SCFD1",0.019995932136743,6.5220757334176,0.0909877997160816,0.76365365117866,0.972979761520836,0.117103567454478
"5454","LINC01061","FLJ14186",0.0520162337236082,2.54523024460982,0.11049679194778,0.763640767298033,0.972979761520836,0.11711089465766
"5924","LOC646851","LOC646851",0.0613135234223932,2.27760535155465,0.221355939685532,0.763485070525338,0.972979761520836,0.117199450882421
"9292","RPS16","RPS16",0.0223791498597893,10.3387808364979,0.0912240109009985,0.763356367301108,0.972979761520836,0.117272667522779
"6910","MYO10","MYO10",0.0935141121993907,1.58619656334215,0.111586964694899,0.76328280135814,0.972979761520836,0.117314523232717
"12059","VPS39","VPS39",0.0178500939639967,5.92316813407425,0.0913627828799461,0.763181911645211,0.972979761520836,0.117371931498098
"3567","FBXO41","FBXO41",0.0422809818368845,3.20968189478057,0.0915134962862676,0.762992607818019,0.972979761520836,0.1174796696459
"8311","PPP1CB","PPP1CB",0.0383392371727634,9.04948714625071,0.0915476798330833,0.762949695213804,0.972979761520836,0.117504096135922
"3394","FAM133B","FAM133B",0.110278180055604,1.43428395307789,0.337291739817852,0.762908439785139,0.972979761520836,0.11752758063243
"3180","ENTPD5","ENTPD5",0.0538401941815625,2.65845686992768,0.130846681336427,0.762873738403466,0.972979761520836,0.117547335245891
"1841","CENPP","CENPP",0.0549200951677621,2.42612720196571,0.113392704385268,0.762834848130992,0.972979761520836,0.117569475556155
"1226","C16orf87","C16orf87",0.0256180860554087,5.48560344030816,0.0919475447491739,0.762448370124648,0.972979761520836,0.117789559625939
"4666","HVCN1","HVCN1",0.0550739908774814,3.3279641410403,0.0919530233134942,0.762441509731528,0.972979761520836,0.117793467358445
"9915","SLC26A6","SLC26A6",0.0336685765835935,3.91457313529189,0.092003633232057,0.762378145305052,0.972979761520836,0.117829561883713
"4343","H4C1","HIST1H4A",0.0769138039148683,1.89093492226982,0.193076762930962,0.762337862888969,0.972979761520836,0.117852509673245
"11214","TMEM205","TMEM205",0.0254406276702878,4.69955002915661,0.0921721050572205,0.762167353025062,0.972979761520836,0.117949657905394
"7853","PFDN5","PFDN5",0.0159535618148474,9.23245786406936,0.092189654906195,0.762145406734087,0.972979761520836,0.117962163413871
"6027","LRRC23","LRRC23",0.0621623414433493,2.30066187650669,0.142346732396972,0.762125373556827,0.972979761520836,0.117973579099918
"1992","CHUK","CHUK",0.0264375277563549,5.22939472413464,0.0922785801503606,0.762034239763004,0.972979761520836,0.118025514479223
"4903","IQCC","IQCC",0.0546897353566211,2.5136346185884,0.174173444970236,0.761851551144578,0.972979761520836,0.118129643882807
"12891","ZNF827","ZNF827",0.0349588843045786,3.91958057333878,0.0924410014235801,0.761831345204785,0.972979761520836,0.118141162458195
"5752","LOC143188","LOC143188",0.0677264351238004,2.13229971955634,0.130055110195898,0.761733504119331,0.972979761520836,0.118196941959269
"8533","PSMB9","PSMB9",0.0323338830519956,7.92847324016515,0.0925495847537626,0.76169581298846,0.972979761520836,0.11821843169952
"8113","PLN","PLN",0.0829186309610473,1.70667590784651,0.142767748952297,0.761675498554317,0.972979761520836,0.118230014491693
"11156","TMEM130","TMEM130",0.0997696944087427,1.52861639928713,0.287682277070998,0.761075545887021,0.972979761520836,0.118572232147353
"3679","FLII","FLII",0.0244108019205537,6.84858262338955,0.0932200377946964,0.760860882207971,0.972979761520836,0.118694743508766
"3703","FLT1","FLT1",0.0618467656706245,2.20368639925615,0.217379422129218,0.760701856969396,0.972979761520836,0.118785523575956
"7511","OGN","OGN",0.0805852335254269,1.87042006823145,0.0934252751173714,0.760605952475305,0.972979761520836,0.118840280137869
"11443","TPX2","TPX2",0.0639633469691021,2.68053920553181,0.0934441406152574,0.760582534615909,0.972979761520836,0.118853651586839
"5549","LOC100130899","LOC100130899",0.0912585332386095,1.65489217971464,0.340493043748467,0.760354318103141,0.972979761520836,0.118983983326439
"6352","MCU","MCU",0.0233434724143468,4.79212786329224,0.0937214058471234,0.760238661571948,0.972979761520836,0.119050048334053
"7592","P3H4","LEPREL4",0.0463448292911379,3.03076890668175,0.162533389130373,0.760202560696337,0.972979761520836,0.119070671835762
"11715","TWISTNB","TWISTNB",0.0231709461496522,6.13108819610799,0.0938753171014768,0.760048016303677,0.972979761520836,0.119158970144196
"2298","CRIPAK","CRIPAK",0.0492169216427906,2.94466902824355,0.0944643675216064,0.759319953506916,0.972979761520836,0.119575187526155
"12164","WDR83","WDR83",0.0370055448005823,3.44215353704082,0.143983369984376,0.759058599692378,0.972979761520836,0.119724695065444
"8817","RAP2C","RAP2C",0.0287394732642536,6.3479039319826,0.094732039440796,0.758989934302667,0.972979761520836,0.119763983664197
"66","ABHD4","ABHD4",0.0312738042365543,4.44722137087144,0.0950584887708106,0.758588137730305,0.972979761520836,0.119993952772894
"2255","CPNE3","CPNE3",0.0262738236801581,6.9735050722952,0.0950877682358436,0.758552137294245,0.972979761520836,0.12001456364321
"1088","BNIPL","BNIPL",0.104414400842649,1.50258083312368,0.227128141001249,0.758514830797986,0.972979761520836,0.120035923287588
"8707","RAB21","RAB21",0.0343722878716655,4.71741636777688,0.0951756899950674,0.758444069983887,0.972979761520836,0.120076439917412
"12356","ZCCHC2","ZCCHC2",0.0382671207702812,5.058820035611,0.09535054385299,0.758229314283744,0.972979761520836,0.120199429108256
"10924","TECR","TECR",0.0160827626407749,7.34466588118469,0.0953658514292295,0.758210523782002,0.972979761520836,0.120210191963483
"4765","IGSF22","IGSF22",0.0749522563783915,1.92585333194437,0.149297624391445,0.757880895424829,0.972979761520836,0.120399040441934
"8881","RBM22","RBM22",0.0188747018483421,6.31724308759437,0.0956835310412334,0.757820935297815,0.972979761520836,0.120433401226862
"8181","POGK","POGK",0.0203230454939355,5.63604429183086,0.0957143562425875,0.757783170379979,0.972979761520836,0.120455044207859
"10245","SNORD36C","SNORD36C",0.0803740633198056,1.86924311607996,0.236036157012892,0.757742975808374,0.972979761520836,0.120478080802375
"7849","PFAS","PFAS",0.0386313336604393,3.50247659042828,0.0958478188685364,0.757619738047313,0.972979761520836,0.120548719309208
"10399","SPATA6L","C9orf68",0.0813729699183208,1.87815644203211,0.104745190878687,0.757290221195075,0.972898201580879,0.120737651135823
"5428","LINC00174","LINC00174",0.0772601271929643,1.96767735604895,0.14115676343189,0.757192885269655,0.972869495949613,0.120793475403758
"6668","MRM1","MRM1",0.0623943370247403,2.3980300416934,0.122692520983167,0.757126079773976,0.972869495949613,0.120831793959918
"12609","ZNF354C","ZNF354C",0.0584046510154912,2.59755306034464,0.0963008165419247,0.757065946319965,0.972869495949613,0.120866288431977
"7365","NSA2","NSA2",0.0223272164891475,6.74036271524788,0.0968540561254794,0.756391543602325,0.972128739365263,0.121253335177839
"7690","PBDC1","CXorf26",0.019260769725795,5.58433109392297,0.0969146605363294,0.756317795052392,0.972128739365263,0.121295681169222
"6907","MYLK3","MYLK3",0.0621457482617221,2.30067937896248,0.220814053198903,0.756306941319168,0.972128739365263,0.12130191366871
"6600","MNDA","MNDA",0.0949074728901425,2.04714060024598,0.0970733673994077,0.756124787057595,0.972128739365263,0.121406524792048
"383","ALMS1","ALMS1",0.0352415312633996,4.60109140382568,0.0973610710363362,0.755775343592421,0.971818171515956,0.121607280606917
"9337","RRAGA","RRAGA",0.0180515769454306,6.25489291071887,0.0976094850690395,0.755474077035051,0.971719730455654,0.121780433235987
"299","AIFM1","AIFM1",0.0324867784742062,4.98126668247716,0.0978932924415329,0.755130401862932,0.971373991409799,0.121978044504162
"6752","MRPS6","MRPS6",0.0271078311782248,6.06589776313907,0.0979517317854739,0.755059703013372,0.971373991409799,0.122018707093811
"4286","GXYLT1","GXYLT1",0.0363603657350789,4.81833925719945,0.0979811907550216,0.755024072877211,0.971373991409799,0.122039201283305
"11592","TSHR","TSHR",0.0850275247828498,1.83172395774556,0.125603395327286,0.754837807141625,0.971373991409799,0.122146355696054
"7631","PAM","PAM",0.0292664101016783,5.45555345316157,0.0983011037396487,0.754637521908414,0.971373991409799,0.122261604710631
"3676","FLCN","FLCN",0.0309834548408322,4.37292790914657,0.13591566151999,0.754526218421496,0.971373991409799,0.122325664678388
"1513","CCDC121","CCDC121",0.113844420547773,1.44404200088699,0.129630198158177,0.75413698189772,0.971373991409799,0.122549761452468
"1036","BEX5","BEX5",0.0364752336544555,3.44042964935244,0.098775696588193,0.754065342905822,0.971373991409799,0.122591019072062
"11389","TOPBP1","TOPBP1",0.0243528440436763,5.73951736909886,0.098955449035762,0.753849024401361,0.971373991409799,0.122715622876498
"2514","DCAF11","DCAF11",0.023136997790394,6.59307710944791,0.0991438514117932,0.753622528201835,0.971373991409799,0.122846127561906
"7868","PGAP2","PGAP2",0.0228367499103879,4.86906114527144,0.0993108669163395,0.753421941062077,0.971373991409799,0.12296173647754
"9895","SLC25A34","SLC25A34",0.0701878339247511,2.10910372370165,0.271077889211637,0.753250989471887,0.971373991409799,0.123060289164199
"2825","DOCK8","DOCK8",0.0246501280507797,7.79703784908202,0.0998516882250318,0.752773680366321,0.971373991409799,0.123335573788418
"12626","ZNF408","ZNF408",0.0356404047182986,4.06429358262312,0.0999049494286008,0.752709942942392,0.971373991409799,0.123372347103107
"6147","MAD2L1","MAD2L1",0.0280757651871634,5.34646166393888,0.100182682121474,0.752377884276859,0.971373991409799,0.123563978775147
"1207","C12orf76","C12orf76",0.0432801034351429,3.28284634368696,0.100194245006884,0.752364070626781,0.971373991409799,0.123571952490487
"8858","RBBP5","RBBP5",0.0223741460475709,5.54349299446902,0.100551937172142,0.7519371849934,0.971358552009381,0.12381843779955
"4514","HLA-DQA2","HLA-DQA2",0.114440191761746,1.6410226896457,0.10056735900125,0.751918798722411,0.971358552009381,0.123829057241997
"11996","VAMP4","VAMP4",0.0355733122843115,5.67580316623253,0.100588847290775,0.751893182462546,0.971358552009381,0.123843852975036
"10724","SYCP2","SYCP2",0.0479835472751781,3.89869758319363,0.100617357037257,0.751859200553103,0.971358552009381,0.123863481413767
"8043","PLA2G6","PLA2G6",0.028009996153232,4.41649259449239,0.100696780312894,0.751764560727551,0.971358552009381,0.123918151411832
"2332","CSF2RB","CSF2RB",0.0795767909350056,2.215239256397,0.10074471943386,0.751707456943463,0.971358552009381,0.123951141528104
"4076","GOLGA6C","GOLGA6C",0.108176444325223,1.48320766456922,0.347468201655446,0.751242843706217,0.971358552009381,0.124219652032404
"5318","LAMB2P1","LAMB2P1",0.0865275771820544,1.81519482518132,0.128930614909265,0.751197401021202,0.971358552009381,0.124245923303318
"12851","ZNF766","ZNF766",0.0289973081098686,6.51705725403677,0.102164177769598,0.750023374845556,0.970910848127008,0.1249252013973
"4131","GPN3","GPN3",0.0345431372155568,4.44223171525352,0.102384775351495,0.74976281315293,0.970839017784235,0.125076103582354
"2217","CORO1B","CORO1B",0.0278474259589334,5.92473362551617,0.10243189723289,0.749707194689903,0.970839017784235,0.125108321354593
"3197","EPC2","EPC2",0.0282141970475935,5.39136516821522,0.102590639249812,0.749519933596477,0.970839017784235,0.1252168125344
"4553","HMOX1","HMOX1",0.115879002922932,1.43829070309615,0.145802961536078,0.749325980912728,0.970839017784235,0.125329209118942
"1262","C1orf35","C1orf35",0.0320412085356305,4.1277313418966,0.102829410084679,0.749238566855857,0.970839017784235,0.125379875528526
"3064","EIF2S2","EIF2S2",0.0181554594553849,6.136160096072,0.103366996448787,0.748606394149984,0.970839017784235,0.125746467720936
"4968","ITGB8","ITGB8",0.11035751084484,1.45902172282423,0.304153452412565,0.748514944251423,0.970839017784235,0.125799524457683
"1119","BRD9","BRD9",0.0254095897205711,5.34689296439707,0.103505400997372,0.748443931847819,0.970839017784235,0.125840728388595
"4345","H4C2","HIST1H4B",0.106436731749736,1.53404799525616,0.174487734970802,0.748024179371398,0.970800087933688,0.126084363635734
"9892","SLC25A30","SLC25A30",0.0408815310822771,3.7637216466534,0.103915783750795,0.747962919686127,0.970800087933688,0.126119931781085
"1634","CCS","CCS",0.0298796881899752,5.26614981074084,0.104062351005435,0.747791381692533,0.970692174774588,0.126219544403709
"7476","NXT1","NXT1",0.0329125863796777,5.65660691637564,0.104318292275799,0.747492155402047,0.970508805844903,0.126393360707186
"9236","RPL27","RPL27",0.0214744140296527,10.2004155515431,0.104374063977561,0.747427005396078,0.970508805844903,0.126431214644506
"12457","ZMIZ2","ZMIZ2",0.0415062412588826,3.84971715087008,0.104458237009369,0.747328714652397,0.970508805844903,0.126488330502425
"9856","SLC18B1","C6orf192",0.0296421969076159,4.91384561462836,0.104640202935377,0.747116378471618,0.970508805844903,0.126611742774532
"12879","ZNF80","ZNF80",0.0477666169238433,3.12009411319969,0.104905079217025,0.7468076586728,0.970497220183667,0.126791236917013
"7151","NEMP2","TMEM194B",0.0319852025001138,4.28756453182456,0.104911471869977,0.74680021320896,0.970497220183667,0.126795566733322
"10172","SNORA18","SNORA18",0.10997142683817,1.46548827175498,0.284066421003976,0.746761575473317,0.970497220183667,0.126818036718178
"3937","GET4","GET4",0.0284046386646368,5.78838877618318,0.105100684050452,0.746579953041169,0.970497220183667,0.126923675808707
"7695","PBX4","PBX4",0.0333082154872734,4.32943161571347,0.105552834792163,0.746054495241733,0.970497220183667,0.127229448508054
"4206","GRN","GRN",0.0288438574125453,5.41591183219653,0.105681222015132,0.745905519740299,0.970497220183667,0.127316179034042
"11869","UHRF2","UHRF2",0.020658933621998,6.17559998438787,0.105997046207175,0.745539475434646,0.970195968985221,0.127529356222317
"4636","HSP90AB4P","HSP90AB4P",0.111679372360744,1.50824691871855,0.203485368582192,0.745091419939763,0.970026803757936,0.127790437668406
"5527","LOC100129387","LOC100129387",0.0344365769309861,5.04072817448665,0.106661895652226,0.744770874790398,0.969876787658686,0.127977315331141
"5128","KHDC4","KIAA0907",0.0381280273724234,4.30702111670705,0.106890695349434,0.744506984298218,0.969669813794733,0.128131223730545
"11001","THAP9","THAP9",0.0537231335991196,2.72763986801232,0.107082213108987,0.74428633413723,0.96953776611731,0.128259955028386
"10692","SUPT3H","SUPT3H",0.0287483013039957,5.0814678416148,0.107313903298736,0.744019692863853,0.969469225118747,0.128415569307725
"7844","PEX5","PEX5",0.0329091480143111,4.00841187612015,0.107492235052444,0.743814676505089,0.96941006613427,0.128535256654258
"8297","PPIP5K1","PPIP5K1",0.0404940027765315,3.67546720780766,0.107586246391265,0.743706673701051,0.96941006613427,0.128598321324758
"4048","GNG11","GNG11",0.113141461703585,1.43520851537509,0.148172876740283,0.743537897999038,0.96941006613427,0.128696890662677
"8223","POLR2J3","POLR2J3",0.0692738773898886,2.28028422683197,0.190665412217781,0.743464372596617,0.96941006613427,0.128739838379985
"6296","MBD3","MBD3",0.0475499958648443,3.10956993309145,0.161332839220375,0.743441543530987,0.96941006613427,0.128753174176317
"8470","PRPF8","PRPF8",0.0190210647508905,7.27127035344881,0.107896326981019,0.743350815023744,0.96941006613427,0.12880617806737
"7449","NUP205","NUP205",0.0217009036942581,5.34508464972687,0.107899453865284,0.743347229398405,0.96941006613427,0.12880827293432
"6746","MRPS31","MRPS31",0.035704038440576,5.21262822062238,0.108292523687474,0.742896950886606,0.96941006613427,0.129071424146713
"5159","KIAA1958","KIAA1958",0.0646371026278276,2.32094978147014,0.136843551139719,0.742769823606208,0.96941006613427,0.129145748588047
"8314","PPP1R11","PPP1R11",0.024862170685376,5.9631506276943,0.108576687732996,0.742571992986774,0.96941006613427,0.129261434749871
"11191","TMEM176B","TMEM176B",0.124011920273395,1.39783970001582,0.108821372247838,0.742423689680297,0.96941006613427,0.129348178851038
"12170","WDR91","WDR91",0.031999544620804,4.07380140534356,0.113673579064826,0.742422254609181,0.96941006613427,0.129349018323267
"5573","LOC100132352","LOC100132352",0.0222781222008732,5.26004444595244,0.108757215134791,0.742365794592631,0.96941006613427,0.129382046974947
"4705","IDS","IDS",0.0198240893573569,8.05097785208516,0.109376554935896,0.741659824811264,0.96941006613427,0.129795245776311
"7138","NEK4","NEK4",0.0420662706935458,3.99934199975552,0.10946735762157,0.74155650783902,0.96941006613427,0.129855749412925
"10746","SYT11","SYT11",0.025520889365202,6.05607220785425,0.10949919559723,0.741520293271339,0.96941006613427,0.129876959085816
"9698","SFMBT2","SFMBT2",0.0449354720055584,3.98188042826319,0.109734564663246,0.741252750530572,0.96941006613427,0.130033682109255
"2352","CST3","CST3",0.0803054064759095,2.56220650474918,0.109909182489925,0.741054469276946,0.96941006613427,0.130149869163703
"4280","GUSBP15","SMA5",0.0605127241162135,2.55621832585304,0.109963637149874,0.74099267096459,0.96941006613427,0.130186087534002
"2612","DEF8","DEF8",0.0256962184408625,4.69484187895622,0.110131235902269,0.740802576781334,0.96941006613427,0.130297515689016
"12480","ZNF133","ZNF133",0.0478436524368275,3.17912197482565,0.129807405647784,0.740719650786013,0.96941006613427,0.130346133659832
"10696","SUPT7L","SUPT7L",0.0171201234739387,5.82769415462178,0.110895243779242,0.739938052561344,0.969030522499326,0.130804637778374
"8541","PSMD1","PSMD1",0.0196028051641068,6.80079177528487,0.110959103600534,0.739865941198924,0.969030522499326,0.130846964420197
"1297","C2orf42","C2orf42",0.0408489502264476,3.56210441271591,0.15573010898258,0.73982996953556,0.969030522499326,0.130868079968053
"2069","CLN5","CLN5",0.0263146622025091,5.3209734001253,0.111112407504863,0.73969292252995,0.969030522499326,0.130948536659581
"5403","LILRA5","LILRA5",0.101887893812349,1.56169696605311,0.126254514057457,0.739467634131518,0.969030522499326,0.131080829950653
"4887","INVS","INVS",0.0348648046107335,4.17588413900563,0.111485792793206,0.739272074871737,0.969030522499326,0.131195698453049
"2279","CRB3","CRB3",0.0908784370330021,1.76766615345752,0.249925335357828,0.739193896438858,0.969030522499326,0.131241627764502
"7818","PELI2","PELI2",0.0449265995123062,4.95040177256817,0.111599031946477,0.7391445964711,0.969030522499326,0.131270593666515
"4271","GUCA1B","GUCA1B",0.11027498813852,1.55138864386812,0.220305240651462,0.739108508323444,0.969030522499326,0.13129179826719
"5662","LOC100505806","LOC100505806",0.104990306058091,1.62074485104009,0.16649576368169,0.739071054781169,0.969030522499326,0.131313806238545
"6029","LRRC27","LRRC27",0.0576869580353711,2.65499590493913,0.185509397297978,0.739050454177748,0.969030522499326,0.131325911777008
"11329","TNFRSF14","TNFRSF14",0.0201865715431066,6.74792183359284,0.111708608274493,0.739021309973174,0.969030522499326,0.131343038370635
"11872","ULK1","ULK1",0.0453575083843224,3.10546650012488,0.111894480980912,0.738812334698494,0.969030522499326,0.131465862491712
"9997","SLC43A1","SLC43A1",0.0419061239634872,3.77741450958535,0.112123815988817,0.738554761147067,0.969030522499326,0.131617297803243
"562","APOBEC3G","APOBEC3G",0.0405081541689864,5.825230425532,0.112381665185062,0.738265512364521,0.969030522499326,0.131787418912787
"5777","LOC202781","LOC202781",0.0281541284856187,4.8344773210062,0.112506264274882,0.738125872629029,0.969030522499326,0.13186957160939
"8060","PLCD3","PLCD3",0.131870159109609,1.35126702037621,0.284085084734673,0.738114333538426,0.969030522499326,0.131876360969758
"3493","FAN1","FAN1",0.0393881671112487,3.98723235937566,0.112531247204962,0.738097884316849,0.969030522499326,0.131886039532334
"9345","RRM1","RRM1",0.0310388058664153,6.27332448249107,0.11281374350648,0.737781644921875,0.969030522499326,0.13207215367455
"4105","GPAT2","GPAT2",0.0692731229328915,2.68110387405912,0.113133311279596,0.73742443725198,0.969030522499326,0.132282474557626
"7018","NBR1","NBR1",0.0282663154379824,6.73608845083852,0.113343737316388,0.7371895333041,0.969030522499326,0.13242083956873
"3586","FCAR","FCAR",0.0806721804244133,1.95174556491917,0.29281105513431,0.736414774186227,0.969030522499326,0.132877507127299
"4272","GUCD1","C22orf13",0.0247359143152344,5.69939965578041,0.114278594116978,0.736148856420736,0.968958919880906,0.133034358236545
"10196","SNORA6","SNORA6",0.0833631170143634,1.93516665695281,0.246446009215185,0.736097790826092,0.968958919880906,0.133064485669363
"5102","KCTD7","KCTD7",0.0390232906131192,5.19085960347373,0.114474522101641,0.735931352931964,0.968958919880906,0.133162694403359
"1960","CHMP3","CHMP3",0.0637715335511334,2.43302388901984,0.29097593814583,0.735821597504283,0.968958919880906,0.133227469101688
"9689","SF3A3","SF3A3",0.0188926141480612,7.05910745685639,0.114710920152713,0.735669199081608,0.968958919880906,0.133317426571227
"6172","MAK16","MAK16",0.0302211736457422,4.87822835574753,0.114802723833998,0.735567474561032,0.968958919880906,0.133377482711509
"7662","PARP12","PARP12",0.0274803140557016,6.40149943458066,0.115430915124573,0.73487261220744,0.968950340295468,0.13378793793648
"857","ATP6V0A1","ATP6V0A1",0.0623475353170728,2.72700739976308,0.115602213797525,0.734683499797607,0.968923190802208,0.133899713833749
"12430","ZFYVE19","ZFYVE19",0.036062846843175,3.97333570072765,0.115886356248636,0.734370153472318,0.968878673954682,0.134084982195811
"6753","MRPS7","MRPS7",0.0182904667317545,6.11156303283746,0.115952486050509,0.734297288487857,0.968878673954682,0.13412807549222
"12803","ZNF681","ZNF681",0.0467687987543162,3.29938816695507,0.116103513416284,0.734130966295014,0.968858700482728,0.134226456615906
"5823","LOC285972","LOC285972",0.118338617030201,1.49129541863863,0.392361880485924,0.734105831465237,0.968858700482728,0.134241326040093
"10659","STXBP3","STXBP3",0.0264788153871837,6.82224426220551,0.116410421626779,0.733793348898647,0.968708773304381,0.134426229006491
"6741","MRPS25","MRPS25",0.0251742676427627,5.0404613887285,0.116526982571943,0.733665255216534,0.968638240985558,0.134502047675983
"12123","WDR24","WDR24",0.0438706297751569,3.54873187599802,0.16926625379807,0.73352740741782,0.968607317697386,0.134583654597862
"4631","HSF5","HSF5",0.0510758299777658,2.98823599084163,0.116654753227124,0.73352492495835,0.968607317697386,0.134585124372901
"11495","TRIM16","TRIM16",0.0544409678505317,2.76472698037622,0.131052526492763,0.733182010734655,0.96839444362255,0.134788199376102
"8981","RFC3","RFC3",0.0381759392066172,3.8044070499752,0.1416794491376,0.733033221013996,0.96839444362255,0.134876342717501
"2401","CUL2","CUL2",0.0237055019939613,6.32427381736194,0.117146287988277,0.732985872791732,0.96839444362255,0.134904395655898
"3750","FOXO3B","FOXO3B",0.0596107253457445,2.60852268507452,0.168393774253079,0.732911520718798,0.96839444362255,0.134948451529337
"11732","TXNL1","TXNL1",0.0272584547011474,6.01864778943334,0.117354323734421,0.732758106837684,0.96839444362255,0.135039368064694
"24","ABCA2","ABCA2",0.0395862358336526,4.81312069782805,0.117371715343495,0.732739076031355,0.96839444362255,0.13505064747795
"12566","ZNF280C","ZNF280C",0.0365920672056503,3.78178266378905,0.117461587257817,0.732640758616137,0.96839444362255,0.135108924123989
"6883","MXI1","MXI1",0.0332605436113453,6.56063450972821,0.117694032454898,0.732386664918203,0.96839444362255,0.135259571805026
"7618","PAG1","PAG1",0.022637564928244,8.95182797904555,0.11774247134977,0.732333750081556,0.96839444362255,0.135290950655681
"7490","OCIAD1","OCIAD1",0.0234525182974715,7.23229608949473,0.117798426702602,0.732272639395546,0.96839444362255,0.13532719252097
"12514","ZNF202","ZNF202",0.0390526625748763,3.86817266250628,0.11781817723706,0.732251073063715,0.96839444362255,0.135339983217127
"8789","RAI14","RAI14",0.110457129184916,1.61249972660688,0.118099102677593,0.731944539048203,0.96839444362255,0.1355218250862
"10025","SLC6A16","SLC6A16",0.0669244964590485,2.46823164114945,0.156174184300238,0.731711451930428,0.96839444362255,0.13566014782123
"4577","HOMER1","HOMER1",0.108877003577517,1.61034080804915,0.162149764684885,0.73162914159883,0.96839444362255,0.135709004421003
"12466","ZMYND12","ZMYND12",0.122869197272954,1.40491165283227,0.181180954522234,0.731234576394383,0.96839444362255,0.13594328119346
"2979","ECSIT","ECSIT",0.0263994227138046,4.85312237757168,0.118754033154695,0.731231487663276,0.96839444362255,0.135945115655002
"8491","PRRG4","PRRG4",0.0809797466306074,1.98158196445601,0.32009267679623,0.730575618938635,0.96839444362255,0.136334825331185
"12","AAR2","C20orf4",0.0270005583814177,5.9058667797925,0.119511119646526,0.730409953371012,0.96839444362255,0.136433317258186
"11880","UNC45A","UNC45A",0.0383667641766057,5.31528821128323,0.119736473568867,0.730165979399648,0.96839444362255,0.13657840598394
"3347","F5","F5",0.0576175990806351,6.04634736316864,0.119991609497507,0.729890073085164,0.96839444362255,0.136742542958168
"12216","XPC","XPC",0.0216247458180529,6.43956131163197,0.120053900124746,0.729822761393239,0.96839444362255,0.136782596173706
"6799","MTAP","MTAP",0.0281070781062808,5.02551891015619,0.120081593443341,0.72979284208507,0.96839444362255,0.136800400574277
"12135","WDR43","WDR43",0.0266851312182073,7.04566351259705,0.120166347033013,0.72970130002936,0.96839444362255,0.136854880011449
"2446","CYBB","CYBB",0.0905787221941622,2.4156527315303,0.120230309219828,0.729632238661885,0.96839444362255,0.136895985036495
"10146","SNCA","SNCA",0.119963296379615,1.49219399883862,0.139551995010769,0.728998022704819,0.96839444362255,0.137273649637513
"12231","XRCC5","XRCC5",0.0176241931029029,8.62368415701646,0.121217114404964,0.728569364264196,0.96839444362255,0.137529094431923
"4911","IQSEC1","IQSEC1",0.035133574305447,5.98580465055428,0.121317884337539,0.728461099955451,0.96839444362255,0.137593634732371
"1660","CD24","CD24",0.129365575295161,1.41713276557202,0.415439958415346,0.728418620679416,0.96839444362255,0.137618960797277
"11433","TPRA1","TPRA1",0.0425119664015022,4.36299504702512,0.121430547940516,0.728340117175392,0.96839444362255,0.13766576832656
"3286","ETNK1","ETNK1",0.0353005733939485,7.18980603360321,0.121522440986731,0.728241485314772,0.96839444362255,0.137724584492849
"1637","CCSER2","FAM190B",0.0277007225499663,8.06532003314306,0.121669115492508,0.728084141406109,0.96839444362255,0.137818428328741
"1370","CACNA1H","CACNA1H",0.0867743275925086,1.93315560173078,0.209907659230228,0.728078257885401,0.96839444362255,0.137821937800732
"7769","PDE6D","PDE6D",0.0377167770529111,5.16682973604366,0.121947968930153,0.727785297047037,0.96839444362255,0.137996722418153
"9393","RTP4","RTP4",0.041629692642332,3.8883482889269,0.122000200539462,0.72772936365374,0.96839444362255,0.138030101077579
"1186","C11orf65","C11orf65",0.109687993250224,1.61304530215153,0.190447632360025,0.727719148843387,0.96839444362255,0.138036197117023
"11833","UBTD1","UBTD1",0.122808202961037,1.4810352557192,0.202690945031796,0.727474595935803,0.96839444362255,0.138182168029388
"9427","S100A8","S100A8",0.0950830895527331,3.58170637285038,0.12245047145916,0.72724773767299,0.96839444362255,0.138317621084911
"11187","TMEM170A","TMEM170A",0.024514172860795,5.13496304238334,0.122468760497385,0.727228196102841,0.96839444362255,0.138329290987296
"5638","LOC100335030","LOC100335030",0.122378198119918,1.48492006252111,0.393126910215593,0.727143396196526,0.96839444362255,0.138379935721579
"6404","MEF2D","MEF2D",0.0440809194637176,4.53726060367792,0.122992586003277,0.726669190800727,0.96839444362255,0.138663252561493
"5884","LOC440600","LOC440600",0.118706008993749,1.52432630378081,0.343852237472259,0.726230421757341,0.968340069617539,0.138925562467172
"6269","MARCHF9","MARCH9",0.0551747923106766,2.93415368868383,0.156902163849259,0.726055570883117,0.968340069617539,0.139030137971698
"2575","DDX18","DDX18",0.0198028542045044,7.02757960692885,0.123870199598423,0.725735628855411,0.968194733713239,0.139221555386869
"4827","ILVBL","ILVBL",0.0323854008884424,4.56029273050875,0.124152948113067,0.725435647752037,0.968146862886743,0.139401107093586
"2315","CRTC3","CRTC3",0.0212896283151616,6.58705720870854,0.124323423860331,0.725254967798661,0.968076211261655,0.139509287716396
"5668","LOC100505894","LOC100505894",0.0968158330021958,1.79887607360999,0.27850941478135,0.725144211984109,0.968027975104944,0.139575615165918
"7807","PDZD4","PDZD4",0.0505436129364314,3.33811845911029,0.124568908119782,0.724995034322086,0.968027975104944,0.139664968013699
"11793","UBE2L6","UBE2L6",0.0293750450502659,7.51538000355669,0.124781929206924,0.72476970837626,0.967826806666517,0.139799966214177
"9192","RPA1","RPA1",0.0278263099551989,6.85145802312075,0.125043262701309,0.724493574952478,0.967703953396665,0.139965461642161
"9956","SLC35E1","SLC35E1",0.0314381708096704,5.18607255355933,0.125268640857777,0.72425569398849,0.967703953396665,0.140108081753389
"3722","FNBP1L","FNBP1L",0.0657343173817236,2.45415897391314,0.151399634817946,0.724043880728625,0.967703953396665,0.140235112558638
"6314","MBTPS2","MBTPS2",0.0379283272651859,4.14488975591222,0.126011265128928,0.723473574370701,0.967589967042382,0.140577327315612
"9056","RILPL1","RILPL1",0.0829790125355049,2.03188371211684,0.217746526703464,0.723147210281422,0.967253197131755,0.140773284856073
"2361","CTBP1-DT","C4orf42",0.0281431581185429,4.99910857853341,0.12646703763089,0.722994848111966,0.967149119875906,0.14086479737285
"627","ARHGAP4","ARHGAP4",0.0214582037214939,7.60999879087276,0.126474026598807,0.722987514742077,0.967149119875906,0.14086920246403
"8793","RALGAPA1","RALGAPA1",0.0276620066088973,6.49660760142874,0.126553551519613,0.722904087084831,0.967149119875906,0.140919319874179
"458","ANKRD27","ANKRD27",0.0296085940591487,5.04192359895158,0.126768751633099,0.722678474029373,0.967149119875906,0.141054881146793
"11576","TRUB1","TRUB1",0.0331854310369675,4.42877450176126,0.126779474094341,0.722667238389218,0.967149119875906,0.141061633270494
"5567","LOC100131733","LOC100131733",0.0524868811553332,3.14166488669644,0.233443415856998,0.722647307646411,0.967149119875906,0.141073611025295
"11808","UBE3B","UBE3B",0.0252042827400267,5.59360163772914,0.12683762615715,0.722606312492184,0.967149119875906,0.141098248872967
"841","ATP5F1EP2","ATP5EP2",0.0479912475877039,3.26715546103574,0.176949460992065,0.722564607554723,0.967149119875906,0.141123314730523
"9446","SAMD12","SAMD12",0.0653608325017375,4.25544552998712,0.126951226535568,0.722487338851291,0.967149119875906,0.141169759249891
"6587","MMACHC","MMACHC",0.0862340201208392,2.02409502196274,0.164378898942862,0.722288803941009,0.967149119875906,0.141289117002264
"8569","PSTK","PSTK",0.0451145309097502,3.08956712673152,0.141845636792735,0.72228396514486,0.967149119875906,0.141292026461049
"5082","KCNN3","KCNN3",0.119783755515908,1.49119784577974,0.391052902440342,0.722217159563174,0.967149119875906,0.141332197140062
"7237","NKTR","NKTR",0.0362637251024374,8.20181263278294,0.127434429273398,0.72198195068335,0.967149119875906,0.141473659517071
"9440","SAE1","SAE1",0.0301081441547432,6.55669575350271,0.12773847501665,0.721664499338014,0.967149119875906,0.141664658317051
"12833","ZNF721","ZNF721",0.0344523606228003,6.08394772712979,0.127886435962154,0.721510168968504,0.967149119875906,0.141757543578407
"4830","IMMT","IMMT",0.0248278270829145,6.5259680006961,0.128006363889487,0.721385152336996,0.967149119875906,0.141832800643204
"11234","TMEM243","C7orf23",0.0178632229660791,6.947966166295,0.128012160068553,0.721379111893923,0.967149119875906,0.141836437177821
"4955","ITGA5","ITGA5",0.0280261845100317,5.56909682497939,0.128016551392271,0.721374535612781,0.967149119875906,0.141839192261685
"8047","PLAC8","PLAC8",0.0366339131110665,8.0867318929049,0.128226273064962,0.721156083830238,0.967149119875906,0.141970728331931
"9671","SETBP1","SETBP1",0.130616431113177,1.41479997343311,0.13993673944986,0.721084265174626,0.967149119875906,0.142013981103049
"11798","UBE2Q2","UBE2Q2",0.0252120134915676,6.6423265783049,0.1283724947103,0.721003894760766,0.967149119875906,0.142062389277047
"7474","NXN","NXN",0.110787509049756,1.5844220638317,0.362202007204819,0.720724687190594,0.967149119875906,0.14223060167162
"3945","GGA1","GGA1",0.0282623419165552,5.56682354582818,0.128646680214619,0.720718783252479,0.967149119875906,0.142234159282859
"396","AMDHD1","AMDHD1",0.116664838550739,1.51177600080191,0.209025770507184,0.720303324980396,0.967149119875906,0.142484580479029
"1863","CEP290","CEP290",0.0384083673999467,5.01021413277821,0.129210668165204,0.720133398534634,0.967149119875906,0.142587046789228
"5929","LOC652276","LOC652276",0.0442259911703684,3.46066082468733,0.129591926174876,0.719738493970826,0.966980890874433,0.142825269200725
"10949","TET2","TET2",0.0349368846527468,5.95451384680976,0.129620261801582,0.719709170352781,0.966980890874433,0.142842963606467
"10787","TAFA1","FAM19A1",0.064195374663196,3.47395367826086,0.129746947063612,0.719578112209081,0.966980890874433,0.142922055292282
"12176","WEE1","WEE1",0.0410119260493852,4.56826060282567,0.130193464415541,0.71911675831649,0.966829477674978,0.143200590318339
"2746","DMTN","EPB49",0.0538624473486379,3.32444464546154,0.130284373678622,0.719022938108818,0.966820540639065,0.143257254630772
"946","BAG1","BAG1",0.0296951029780278,5.79305289319557,0.130353249898454,0.718951881109279,0.966820540639065,0.143300175636639
"8249","POMT2","POMT2",0.0648818136271266,2.55146372405178,0.130385954100579,0.718918148855263,0.966820540639065,0.143320552626879
"8955","RELB","RELB",0.0478286149022117,5.05806695053969,0.130391245935222,0.718912691122588,0.966820540639065,0.14332384962555
"1012","BCO2","BCO2",0.117085144719422,1.53986098638479,0.217304909503119,0.718818356477803,0.966820540639065,0.14338084083515
"11047","TIMM17A","TIMM17A",0.0405825037403082,5.95924697656726,0.130805666200594,0.718485667511909,0.966799560692044,0.143581890831876
"8652","PWARSN","PAR-SN",0.032321863423428,5.26328166804569,0.13086216990093,0.718427504773101,0.966799560692044,0.143617049193589
"12786","ZNF652","ZNF652",0.0357932290941486,7.00126690848446,0.130894892230134,0.71839382816456,0.966799560692044,0.143637407417574
"10091","SMC3","SMC3",0.0249468106548561,7.92402985064397,0.131005742338374,0.718279780747646,0.966799560692044,0.143706358588721
"8973","REV1","REV1",0.0241762593920977,6.04373931603427,0.131019341338496,0.718265793267218,0.966799560692044,0.143714815940406
"2172","COLGALT1","GLT25D1",0.0252835659077395,5.61872609646039,0.131513373212339,0.717758204804743,0.966775982664919,0.144021834315875
"9854","SLC17A9","SLC17A9",0.116292861656735,1.54187961878507,0.181930279244659,0.717402690967855,0.966545343226294,0.14423699862423
"5455","LINC01137","LOC728431",0.066468226704682,2.59553249889655,0.138605786127829,0.717294468072907,0.966544161174078,0.144302518522816
"7522","OPA1","OPA1",0.0247177423236721,6.38772311853974,0.13218401847224,0.717070881808631,0.966399392240117,0.14443791259323
"3671","FKRP","FKRP",0.0550172660874097,3.02813635208796,0.176067049710756,0.716957582291458,0.966347087279698,0.144506537946833
"4146","GPR18","GPR18",0.0506473358146368,5.01346192864944,0.132327008147454,0.716924591982264,0.966347087279698,0.14452652216799
"3930","GEMIN5","GEMIN5",0.0433326868785525,3.9064409819953,0.132701963770666,0.716541407573297,0.965986873163087,0.144758707484393
"1506","CCDC107","CCDC107",0.0453126583987763,3.59235939605391,0.165434325547781,0.716445559315612,0.965958037934051,0.144816804829919
"1781","CDKAL1","CDKAL1",0.0205479556457798,6.14705008699621,0.132858274479897,0.71638184777348,0.965958037934051,0.144855427166514
"5140","KIAA0586","KIAA0586",0.0342394812464292,5.74191146457299,0.132976167489745,0.716261574640136,0.965910749252233,0.144928346858097
"9003","RGCC","C13orf15",0.0665025531649022,6.67218251296897,0.133355277852764,0.715875219912401,0.965590479093739,0.145162670466039
"12875","ZNF792","ZNF792",0.0467176631479367,4.5075398332324,0.133444321921204,0.715784564706021,0.965590479093739,0.145217671041402
"6293","MB21D2","MB21D2",0.0794659015627584,3.88979003443261,0.133450823437616,0.715777946897696,0.965590479093739,0.145221686343025
"418","ANAPC13","ANAPC13",0.032548005033347,6.45984008575647,0.133841975058785,0.715380134895288,0.965590479093739,0.1454631237693
"4359","HACL1","HACL1",0.0272531822980208,5.5366847681444,0.13405990403868,0.715158781290415,0.965527616784323,0.145597524377106
"10064","SLX4IP","C20orf94",0.0542708677958622,3.1129557104255,0.163221421954508,0.715121206720074,0.965527616784323,0.145620342886348
"6233","MAP4K3","MAP4K3",0.0438469095548965,3.47202462071678,0.134559405948906,0.714652199562641,0.965332964246134,0.145905265275948
"10209","SNORA8","SNORA8",0.0754114569442144,2.25086057747522,0.269589815406077,0.714632036619964,0.965332964246134,0.145917518478666
"361","ALG10","ALG10",0.0633124547783612,2.69405689840168,0.186891958127573,0.714128311258113,0.965190606709539,0.146223749197395
"11157","TMEM131","TMEM131",0.036682490953932,4.76519482233829,0.135139312861615,0.714065411159431,0.965190606709539,0.146262003343674
"5314","LAIR1","LAIR1",0.0608965157686072,4.80102660211084,0.135394156392974,0.713807996054852,0.965190606709539,0.146418591399903
"6298","MBD5","MBD5",0.0343055422289032,4.57551089016124,0.135718150852904,0.713481129537727,0.965190606709539,0.146617508808636
"5441","LINC00511","LINC00511",0.107504435676603,1.8485312872268,0.135999373791231,0.71319777315932,0.965089674684036,0.146790021506399
"6255","MAPKAPK5","MAPKAPK5",0.0228409920088384,5.52437546634735,0.136115110425365,0.713081255296608,0.965032664819831,0.146860979662442
"2251","CPLX2","CPLX2",0.131277060507908,1.32400567008822,0.242218942452239,0.713013955766571,0.965032664819831,0.146901969652907
"2402","CUL3","CUL3",0.0379648032786602,5.77721692951149,0.136299689931478,0.712895546402263,0.965032664819831,0.146974098401
"10636","STRN4","STRN4",0.044365464238907,3.58438921262893,0.136634069963461,0.712559484383505,0.965031234043973,0.147178874952874
"1574","CCDC85B","CCDC85B",0.0345338206225455,5.3808999166017,0.136782857735052,0.712410098620855,0.965031234043973,0.147269932914258
"3980","GIT1","GIT1",0.0423854287936256,4.53793602453357,0.13688273175223,0.712309875063792,0.965031234043973,0.147331034799071
"8399","PRELP","PRELP",0.12521241416574,1.50775522713527,0.427641450243113,0.71229404635257,0.965031234043973,0.147340685652668
"6762","MS4A10","MS4A10",0.129431070646511,1.48631212264636,0.627506037924776,0.71199403618632,0.965031234043973,0.14752364409098
"4071","GOLGA2","GOLGA2",0.0317261720063437,4.45787062145862,0.137347394633319,0.711844132376912,0.965031234043973,0.147615090434982
"7478","NYAP2","NYAP2",0.0917630886095478,1.92305214127959,0.374537193645464,0.711668774205682,0.965031234043973,0.14772208923514
"4692","ID2","ID2",0.0393688955187944,7.00112855560988,0.137577436562587,0.71161388783113,0.965031234043973,0.147755584829863
"7419","NUDT13","NUDT13",0.0720233598670049,2.39579505525648,0.233393549728316,0.711579651264006,0.965031234043973,0.147776479742291
"3528","FBLN7","FBLN7",0.0263283278415833,5.24302464021851,0.137634655131117,0.711556652918272,0.965031234043973,0.147790516422568
"5142","KIAA0754","KIAA0754",0.057022649420766,2.99115799117605,0.137996039367175,0.71119547814979,0.965031234043973,0.148011013315735
"5624","LOC100288846","LOC100288846",0.117897084127478,1.44530573892081,0.249949031807185,0.711175863710958,0.965031234043973,0.148022991119703
"11123","TMCO6","TMCO6",0.0422715369649653,3.73805259396487,0.138100937716281,0.71109074152145,0.965031234043973,0.148074975884161
"1731","CDC42BPB","CDC42BPB",0.0778587938965754,2.22039676584694,0.235368761862936,0.710876382076768,0.965031234043973,0.148205914389179
"2495","DAP3","DAP3",0.0162437298144174,7.06354917895624,0.138771216804163,0.710422563591687,0.965031234043973,0.148483253468554
"6342","MCOLN2","MCOLN2",0.0522959701940782,4.64149577341717,0.138864025670125,0.710330190763114,0.965031234043973,0.148539726362463
"10378","SPAG4","SPAG4",0.135034244008356,1.41630971364111,0.367913558819677,0.710308682496801,0.965031234043973,0.148552876673287
"4218","GSG1","GSG1",0.0942281117453655,1.82984793238856,0.362092302316935,0.710282242965192,0.965031234043973,0.148569042541275
"9210","RPL12","RPL12",0.0229322718819472,10.1425012513561,0.139433141996437,0.70976451654997,0.964952670693322,0.148885716247577
"9828","SLC10A7","SLC10A7",0.035286965954262,4.80107779865413,0.13951408905153,0.709684166116104,0.964952670693322,0.148934884280927
"10756","TAB2","TAB2",0.0364700079537674,6.97583694494281,0.139667182466673,0.709532273759854,0.964952670693322,0.149027845453812
"5029","KANSL1","KANSL1",0.0286185474830283,6.07734075041085,0.139756435819771,0.70944376445172,0.964952670693322,0.149082024105367
"3870","GARNL3","GARNL3",0.125600185352946,1.51960278086992,0.236398221969906,0.709302018882017,0.964952670693322,0.149168804019971
"9254","RPL39","RPL39",0.0277238962507135,10.5759481070758,0.13994304680201,0.709258813275272,0.964952670693322,0.149195258939883
"4069","GNS","GNS",0.0285497221420849,5.78815326293192,0.140223305499904,0.708981311554805,0.964952670693322,0.149365212483497
"579","APTX","APTX",0.0273515543229669,5.08500939273713,0.140249428017654,0.708955462145642,0.964952670693322,0.149381047118679
"11610","TSPAN4","TSPAN4",0.0977829818053125,1.82800332601707,0.251259008090092,0.708947273055058,0.964952670693322,0.149386063650157
"9569","SEC11C","SEC11C",0.0214935877052902,6.87018544295424,0.140631177732641,0.708578016742837,0.964952670693322,0.149612325549803
"215","ADGRG5","GPR114",0.102611390402559,1.90200421494905,0.140832721260759,0.708378981602161,0.964952670693322,0.149734333294526
"9169","RNH1","RNH1",0.0224230135556933,6.90424771194167,0.140879470961629,0.708332836988781,0.964952670693322,0.149762624653015
"9984","SLC39A14","SLC39A14",0.0566476467908742,3.19956784574934,0.1412947750738,0.707923291636115,0.964952670693322,0.150013798558801
"472","ANKRD42","ANKRD42",0.0729656430778911,2.36117481810088,0.1581851511772,0.707790783981362,0.964952670693322,0.150095096533341
"9257","RPL41","RPL41",0.0224083397921703,11.8633961657294,0.141443170091784,0.707777121112364,0.964952670693322,0.15010348003595
"8523","PSMA8","PSMA8",0.0959653789140909,1.97160750254063,0.141771584826688,0.707453940718123,0.964952670693322,0.150301829928209
"11578","TSACC","C1orf182",0.137364699143527,1.43772135081099,0.461792430002567,0.707451277050456,0.964952670693322,0.150303465113598
"3843","GAL3ST4","GAL3ST4",0.06433412056941,2.63925908567839,0.179125715749092,0.707301152765733,0.964952670693322,0.150395634099952
"9241","RPL30","RPL30",0.0283070356039847,11.2726712460358,0.141986850211552,0.70724233838304,0.964952670693322,0.15043174859489
"11946","USP33","USP33",0.0271928793947349,6.90542046834634,0.142504865416263,0.70673388856404,0.964390316223971,0.150744083351338
"11995","VAMP3","VAMP3",0.0213281047452108,6.11036805061102,0.142546201880446,0.706693360966597,0.964390316223971,0.150768988647236
"12676","ZNF492","ZNF492",0.0734192692167315,2.34820630953684,0.253132660153778,0.706504563481433,0.964280242193018,0.150885028594752
"3330","EXOSC9","EXOSC9",0.0277079518129121,6.03948245634548,0.142759120087893,0.706484715532347,0.964280242193018,0.150897229472556
"35","ABCC10","ABCC10",0.0308800243264912,5.11804892748573,0.142766207096687,0.706477773805577,0.964280242193018,0.150901496753045
"8884","RBM26","RBM26",0.0363274414198482,6.17281932188662,0.142980271402145,0.706268190609522,0.964280242193018,0.151030353360682
"6398","MED4","MED4",0.025072551416156,7.09234237659737,0.14316280141217,0.70608962336048,0.964221124616369,0.151140170817071
"2275","CRADD","CRADD",0.0385728931917785,4.29518234529711,0.251740316991906,0.706069398754699,0.964221124616369,0.151152610541709
"10663","STYXL1","STYXL1",0.0472231872291965,4.13058865372764,0.143199392835265,0.70605384202407,0.964221124616369,0.151162179398129
"4317","H2AX","H2AFX",0.0566705486343771,3.36971871953263,0.143212921924692,0.706040613776178,0.964221124616369,0.151170316183938
"3868","GAR1","GAR1",0.0301209160200771,4.2130705641292,0.143609561347204,0.70565311171208,0.964221124616369,0.151408739022196
"3680","FLJ13224","FLJ13224",0.088154330182732,2.02518000117896,0.356190758313712,0.705646501444551,0.964221124616369,0.151412807332971
"5874","LOC401588","LOC401588",0.0439923513593453,3.32482752544014,0.143958273762954,0.705312938400024,0.964221124616369,0.151618149298464
"10093","SMC5","SMC5",0.0257209187428243,6.88935673937947,0.143981347284583,0.705290446543901,0.964221124616369,0.151631998817197
"7113","NDUFV2","NDUFV2",0.0237685731691812,7.51348129044027,0.144040574987202,0.705232721374095,0.964221124616369,0.151667545518305
"107","ACBD5","ACBD5",0.0313683597839674,5.59808545541142,0.144246858529364,0.705031777050425,0.964221124616369,0.151791308133939
"1771","CDK4","CDK4",0.0458325035045123,5.11524229134032,0.14442809825763,0.704855364139587,0.964221124616369,0.151899990810551
"10583","STAT5A","STAT5A",0.0248035721186196,6.20335883774878,0.144838874656437,0.704455996604873,0.964019793666141,0.152146129635585
"6400","MED7","MED7",0.0331747737279592,4.24760182532667,0.145044863748299,0.70425597298818,0.963949434224062,0.152269460955882
"4628","HSF1","HSF1",0.022573704468729,5.80792674977033,0.145156887854693,0.704147261469969,0.963902334393786,0.152336505409369
"3333","EXT2","EXT2",0.0274125672170093,5.2711492755244,0.145231333734552,0.704075043578502,0.963902334393786,0.152381049273891
"9596","SECTM1","SECTM1",0.113335419376089,1.68683152704333,0.212289789067721,0.704030362350682,0.963902334393786,0.152408610862124
"7925","PHLDB1","PHLDB1",0.151396765204835,1.3432710801196,0.231913071661486,0.703987328849191,0.963902334393786,0.152435157705047
"5889","LOC441461","LOC441461",0.131651968142866,1.50065013274945,0.309658934658577,0.703867916264828,0.963902334393786,0.152508830373829
"4168","GPS1","GPS1",0.0307276709026129,6.18246498733101,0.145475888275669,0.703837957247181,0.963902334393786,0.152527315820674
"12953","ZSCAN5A","ZSCAN5A",0.0908968193948233,2.0638924753816,0.2313758325767,0.703719891916845,0.963902334393786,0.152600172679267
"3513","FAS-AS1","FAS-AS1",0.0693222390380944,2.3793312394125,0.155537271017987,0.703675786517606,0.963902334393786,0.152627392787744
"5021","JRKL","JRKL",0.054284313162271,3.22420293592838,0.145739416026853,0.703582732813522,0.963902334393786,0.152684827451962
"7857","PFKFB4","PFKFB4",0.0964926667511985,1.9749159076137,0.145784720325013,0.703538882649019,0.963902334393786,0.152711895310591
"8143","PMPCA","PMPCA",0.0293024206503276,5.39600122127491,0.145945400854061,0.703383422483419,0.963902334393786,0.152807871459529
"3096","EIF5B","EIF5B",0.0243190291835631,6.6461537213688,0.146025886135525,0.703305589003761,0.963902334393786,0.152855931336987
"1588","CCHCR1","CCHCR1",0.048205579395776,3.38030744290849,0.155525812912419,0.703179577579897,0.963902334393786,0.152933750950713
"2666","DHPS","DHPS",0.0319291099673916,5.73832126096337,0.146443741112044,0.702901896467978,0.963902334393786,0.153105284931394
"101","ACAP2","ACAP2",0.029153060016428,7.25921994069418,0.146673058820131,0.702680631980857,0.963902334393786,0.153242016776941
"7495","OCRL","OCRL",0.108055884508724,1.80242453771004,0.146700792833585,0.702653885399699,0.963902334393786,0.153258547919477
"10942","TES","TES",0.0256885688731394,7.52671839196244,0.146776801610838,0.702580597689087,0.963902334393786,0.153303847759072
"2596","DDX51","DDX51",0.0459161821776351,3.59384269718719,0.176169182652318,0.702315367365423,0.963902334393786,0.153467828680413
"11230","TMEM237","TMEM237",0.0637706677686931,2.71045974583654,0.207208767734061,0.702275874246909,0.963902334393786,0.153492250936427
"772","ATAD3C","ATAD3C",0.0822496858488413,2.16273872718261,0.245892558189488,0.702006965822162,0.963902334393786,0.153658578464044
"4194","GRIK1-AS2","GRIK1-AS2",0.0889143370765921,2.07846507893866,0.147435082490518,0.701946792483214,0.963902334393786,0.153695806113351
"2843","DPF2","DPF2",0.0297999792817558,5.55780892858029,0.147440397475855,0.701941681736667,0.963902334393786,0.153698968143761
"10273","SNORD79","SNORD79",0.0815642310748732,2.16673751641706,0.406539375463207,0.701900683583567,0.963902334393786,0.153724334626643
"9165","RNF8","RNF8",0.0349410130461412,4.23276807911044,0.147854792892394,0.701543535644207,0.963902334393786,0.153945372813285
"2130","CNOT7","CNOT7",0.0234997501785484,8.25013775145686,0.147988059415962,0.701415631070901,0.963902334393786,0.154024560079556
"11521","TRIM56","TRIM56",0.0441104676883006,4.76525652706823,0.148111129908504,0.701297571074439,0.963902334393786,0.154097665266047
"10417","SPEN","SPEN",0.0321094331740658,5.94630709020353,0.148555023616522,0.700872217209773,0.963902334393786,0.154361155242069
"6533","MIR17HG","MIR17HG",0.0609234001019962,2.77269445785612,0.149795928807655,0.700674276089042,0.963902334393786,0.154483826501935
"9777","SIGLEC10","SIGLEC10",0.101523646435794,1.87007236002696,0.253915414084835,0.700508416580612,0.963902334393786,0.154586642316027
"5689","LOC100506548","LOC100506548",0.0324200850708578,4.40105004317131,0.149125903359369,0.700326254045893,0.963902334393786,0.154699592381788
"12688","ZNF512B","ZNF512B",0.0627085415961213,2.90224087730917,0.181146417841604,0.700312830999251,0.963902334393786,0.154707916517747
"2262","CPSF1","CPSF1",0.0334432611791208,5.7994544421495,0.149419835657369,0.700045619521031,0.963902334393786,0.154873657613333
"5970","LOC90834","LOC90834",0.0598678928981574,2.72996446762695,0.182151928168639,0.700027028055756,0.963902334393786,0.154885191544509
"6078","LSM3","LSM3",0.0235576529520269,6.19148273492804,0.14964514822211,0.699830715323699,0.963902334393786,0.155007000402905
"8166","PNPLA6","PNPLA6",0.0244342386914373,5.42749024270564,0.149662540338691,0.69981413438454,0.963902334393786,0.155017290170889
"8322","PPP1R15B","PPP1R15B",0.0302100480497133,6.47879164453737,0.149716097308698,0.699763082304467,0.963902334393786,0.155048973505557
"11683","TUBA1C","TUBA1C",0.0322597813190792,4.57428813342816,0.189888658698319,0.699735990441539,0.963902334393786,0.155065787874076
"9938","SLC30A7","SLC30A7",0.0331018154187299,6.81717849787857,0.149764216999039,0.699717222163871,0.963902334393786,0.155077436651404
"813","ATP10A","ATP10A",0.0537827304328851,3.58343647599188,0.150467695624753,0.699047742949679,0.963902334393786,0.155493162177743
"7077","NDUFA5","NDUFA5",0.0279491665228977,7.27735487920233,0.150468048295631,0.699047407776062,0.963902334393786,0.155493370409712
"7247","NLRP12","NLRP12",0.0906229666463292,2.02100038216879,0.518434417224518,0.698779552162579,0.963902334393786,0.15565981192163
"1379","CACUL1","C10orf46",0.0281394241661895,6.66954328995219,0.150931437843117,0.698607398947315,0.963902334393786,0.155766819063424
"12398","ZFAND6","ZFAND6",0.0254535741786221,7.04589688557416,0.15095586150332,0.698584229209938,0.963902334393786,0.15578122294173
"9940","SLC31A1","SLC31A1",0.0475806559881057,3.3415343464522,0.200917351229016,0.69857712905124,0.963902334393786,0.155785636976981
"5007","JHY","C11orf63",0.063746050438553,2.81382895587299,0.172735987810316,0.698201768641167,0.963902334393786,0.156019055392756
"47","ABCF3","ABCF3",0.0341875960383324,5.17803418286109,0.1516541905125,0.697922664597461,0.963902334393786,0.156192698006247
"11530","TRIM7","TRIM7",0.09848712009064,1.9157200248828,0.387988641037298,0.697563652124038,0.963902334393786,0.156416157222885
"9460","SAP30BP","SAP30BP",0.0381242819288947,5.89748549321297,0.152111044826052,0.697490811826333,0.963902334393786,0.156461509057096
"12071","VRK1","VRK1",0.0260687117237004,6.04477466863901,0.152170223590984,0.69743492639718,0.963902334393786,0.15649630766013
"11428","TPO","TPO",0.127278220929306,1.60717728044212,0.152421473847967,0.697197797878281,0.963902334393786,0.156643993292999
"4811","IL2RA","IL2RA",0.0490969551212404,5.91945728892588,0.152673588760573,0.696960079882545,0.963902334393786,0.156792096483383
"4852","INMT","INMT",0.0948646287053162,2.00759450737629,0.39245128228525,0.696389039420342,0.963499143930544,0.157148072931966
"6651","MPPE1","MPPE1",0.0227195086895999,5.63066302191952,0.15339768583012,0.696278589264561,0.963499143930544,0.157216959279712
"9028","RHD","RHD",0.0634983810939035,2.79263116934991,0.210869981071162,0.6957158091249,0.963338797286512,0.157568127822889
"683","ARL6IP5","ARL6IP5",0.0240656349700132,9.25996498862073,0.154536449096951,0.69521057967443,0.962883268824262,0.15788362744077
"5809","LOC284576","LOC284576",0.105294535684501,1.82064498782841,0.516580389450334,0.694977191676774,0.962883268824262,0.158029448203355
"4999","JAK3","JAK3",0.0286157169984693,7.72579572720491,0.155166239919548,0.694621871617171,0.962739077675589,0.158251546143162
"7162","NEXMIF","KIAA2022",0.109656288733288,1.85425342915691,0.15537318762784,0.694428725302744,0.962584021086922,0.158372322707072
"9299","RPS21","RPS21",0.0284103723965862,9.41125167015098,0.155399850018436,0.694403851856639,0.962584021086922,0.158387878794347
"6722","MRPL54","MRPL54",0.0450098103916873,5.76265381743856,0.155439500091863,0.694366866716477,0.962584021086922,0.158411010679364
"2766","DNAJB12","DNAJB12",0.0265592340776857,5.33190807683358,0.155661186499669,0.694160180636881,0.962567965449337,0.158540302542549
"9755","SHFL","C19orf66",0.0299130872225056,5.66183003959424,0.155688918304217,0.694134337281909,0.962567965449337,0.158556471484102
"2077","CLPTM1","CLPTM1",0.0246381007157981,6.26256065622362,0.155772375519412,0.694056579308878,0.962567965449337,0.158605124530659
"7327","NPM1","NPM1",0.0165218335232858,9.69459645545998,0.155895912292741,0.693941523025627,0.962567965449337,0.158677125074398
"3237","EREG","EREG",0.142258782632287,1.41455070875169,0.352533932384013,0.693928098181668,0.962567965449337,0.158685526923625
"1304","C2orf83","C2orf83",0.103928701591617,1.85508103672575,0.707284367185628,0.693905526190529,0.962567965449337,0.158699653820431
"12545","ZNF252P","ZNF252",0.0675444417678617,3.53595515565615,0.156003722771831,0.693841156573987,0.962567965449337,0.1587399426853
"3638","FGGY","FGGY",0.0887656915794962,2.08820899934084,0.183276629974637,0.693664940667619,0.962567965449337,0.158850255131958
"3942","GFOD1","GFOD1",0.125529726439915,1.56013872148514,0.175733235193984,0.693431527487026,0.962567965449337,0.158996416642162
"9306","RPS27L","RPS27L",0.0294868441683702,6.70897951233078,0.156568611022225,0.69331592752377,0.962567965449337,0.159068822653921
"3427","FAM199X","FAM199X",0.0302493284700814,5.17260185298858,0.156665912930673,0.69322556773238,0.962567965449337,0.159125427896499
"4779","IL10","IL10",0.089747884893387,2.099898140311,0.156836064435745,0.693067633957954,0.962567965449337,0.159224382096019
"1636","CCSER1","FAM190A",0.128217873921356,1.53307117023397,0.169081732988975,0.692741794499453,0.962567965449337,0.159428609717097
"12885","ZNF814","ZNF814",0.0426732141890328,4.42482885446173,0.157273213437066,0.692662328933872,0.962567965449337,0.159478431218401
"7526","OPTN","OPTN",0.0210690368630301,8.07244518616802,0.157423768983398,0.692522891682995,0.962567965449337,0.159565866209666
"4742","IFT20","IFT20",0.0366020576549312,3.92042390374276,0.171963323617407,0.692270156814872,0.962567965449337,0.159724390055446
"3452","FAM229B","C6orf225",0.0937940021063186,2.06189634275857,0.223683226271762,0.691892540656597,0.962567965449337,0.159961351531412
"6876","MVK","MVK",0.0578195812639327,3.14223950402631,0.205603182146655,0.691884962183519,0.962567965449337,0.159966108494193
"4181","GRAMD2B","GRAMD3",0.0428184024844912,3.92816887660624,0.158168993466084,0.691833836422324,0.962567965449337,0.159998201193956
"1679","CD4","CD4",0.027139297126034,9.28155934619816,0.158228618417329,0.691778786929859,0.962567965449337,0.160032759552876
"2355","CSTB","CSTB",0.0345305677630832,7.03897186959991,0.158819111679149,0.691234254893933,0.962567965449337,0.160374748042486
"816","ATP11B","ATP11B",0.0337551832414345,6.52444627419464,0.159014632986413,0.691054210940018,0.962534494151261,0.160487882309407
"331","AKNA","AKNA",0.0343519589387827,7.2175783121338,0.159351749511774,0.690744081823128,0.962324884065889,0.160682827356177
"8321","PPP1R15A","PPP1R15A",0.0737803456515982,7.11435389690319,0.159453791931419,0.690650283362547,0.962324884065889,0.160741805668135
"6823","MTHFS","MTHFS",0.0813672695361473,2.28430961710241,0.488594055247885,0.690581407665325,0.962324884065889,0.160785118220924
"2859","DPY19L1","DPY19L1",0.0701237284827893,2.61871374077507,0.159563143579191,0.690549804853819,0.962324884065889,0.160804993127128
"6685","MRPL18","MRPL18",0.0292124395144412,5.27757874705438,0.159576717412375,0.690537335233884,0.962324884065889,0.160812835481129
"2574","DDX17","DDX17",0.0430380503491506,8.97646872630262,0.159580801353883,0.690533583636087,0.962324884065889,0.160815194951884
"5719","LOC100507217","LOC100507217",0.0477197519076022,7.39933588699721,0.159604085650366,0.690512195237967,0.962324884065889,0.160828646878565
"5591","LOC100144603","LOC100144603",0.112290010304995,1.78371909980968,0.406521671592641,0.690349931565679,0.962324884065889,0.160930713864754
"2313","CRTC1","CRTC1",0.0442561819987818,3.92924997747606,0.159900738086758,0.690239855832598,0.962324884065889,0.160999967286742
"1644","CCT6P1","CCT6P1",0.0427620218767751,3.44676441496763,0.160174218981585,0.689989048686744,0.962324884065889,0.161157802208629
"12463","ZMYM5","ZMYM5",0.0333059993505393,6.00711384104801,0.160257558303445,0.689912668313654,0.962324884065889,0.161205880378522
"3828","GAB2","GAB2",0.072376849829912,3.24698008901514,0.16026353280264,0.68990719357985,0.962324884065889,0.161209326693141
"4380","HAUS8","HAUS8",0.0552234923639647,3.59319531386744,0.160359740023365,0.689819050391279,0.962324884065889,0.161264816107266
"11078","TLCD5","TMEM136",0.132818509277798,1.53267036035005,0.50362739757362,0.689647507081823,0.962324884065889,0.161372829328297
"1228","C16orf95","C16orf95",0.120431035066377,1.62477496941272,0.347555678502568,0.689503793527612,0.962324884065889,0.161463340070326
"891","ATXN1","ATXN1",0.0285658504794459,6.3080936996879,0.161050638888405,0.689186963005595,0.962310028099406,0.161662946471081
"996","BCL2A1","BCL2A1",0.0373012589290177,5.06539038712918,0.161662481034777,0.688628517515601,0.961811783279655,0.162014996236028
"7470","NUTM2G","FAM22G",0.0757520325332195,2.40956021436421,0.169995268970773,0.688585212209353,0.961811783279655,0.162042308272121
"10069","SMAD5","SMAD5",0.0454696524804417,5.20331556482031,0.161728095354507,0.688568702506399,0.961811783279655,0.162052721157441
"12465","ZMYND11","ZMYND11",0.0366381197295849,5.629425332404,0.162145333694509,0.688188671584129,0.961640632966492,0.16229248066742
"6483","MGME1","C20orf72",0.0496235392743373,4.03742510586527,0.162170281114267,0.688165966897397,0.961640632966492,0.162306809125924
"463","ANKRD34A","ANKRD34A",0.126374239756468,1.58657788648717,0.35429316811305,0.688057929161738,0.961640632966492,0.162374995985148
"1524","CCDC14","CCDC14",0.0362641148712513,4.92941818760566,0.162405618237517,0.687951886150314,0.961640632966492,0.162441934308239
"7141","NEK7","NEK7",0.0441629130846387,6.36475218401956,0.162550795407903,0.687819911858158,0.961640632966492,0.162525255840335
"1977","CHRNA7","CHRNA7",0.136670381393112,1.49390618308845,0.494719048871904,0.687704294031337,0.961593439890802,0.162598263911151
"11173","TMEM155","TMEM155",0.110828782026989,1.41858469976534,0.162856005958141,0.687542681704991,0.961593439890802,0.16270033625612
"3054","EIF2AK2","EIF2AK2",0.0431260374944563,6.75736910087281,0.163299600399691,0.687140292912724,0.961314679171441,0.16295458431226
"4164","GPRASP1","GPRASP1",0.049783568957656,4.79045737853879,0.163331544151056,0.687111341012034,0.961314679171441,0.162972883218227
"6929","MYORG","KIAA1161",0.162381489321171,1.33243834783774,0.323517509745073,0.686939675536783,0.961314679171441,0.163081399376833
"6720","MRPL52","MRPL52",0.0339671038388868,5.09980958996903,0.163710965463142,0.686767708250664,0.961314679171441,0.163190133514396
"12074","VSIG1","VSIG1",0.0473793511871227,5.59138187591254,0.163878895061447,0.686615766580245,0.961314679171441,0.163286228203916
"3951","GGH","GGH",0.0808594680364751,2.29197587823141,0.175704566319258,0.686602473815299,0.961314679171441,0.163294636152916
"6552","MIR600HG","MIR600HG",0.098461736288643,1.9735626427999,0.213728581222885,0.68635808816142,0.961314679171441,0.16344924415113
"10915","TDP1","TDP1",0.022685913449974,5.45803888175251,0.164296692311281,0.686238139452718,0.961314679171441,0.163525148574274
"484","ANKS4B","ANKS4B",0.126024317747527,1.60910092836208,0.520095078166572,0.685736812561796,0.961314679171441,0.163842535581562
"1686","CD5","CD5",0.035064718380563,9.12033018969388,0.164951324470316,0.685647572595093,0.961299682186982,0.163899057189331
"6784","MSS51","MSS51",0.0968719180565021,1.9897819953438,0.240330711172111,0.685534600387744,0.961299682186982,0.163970620556093
"6125","LYRM4","LYRM4",0.0315653245361888,4.66910364420704,0.206426939646967,0.684950453334355,0.960841504228653,0.16434084255389
"3523","FBF1","FBF1",0.0694113607202581,2.71287421380757,0.212457867987534,0.684874951293147,0.960839487739374,0.164388717443335
"700","ARMCX5-GPRASP2","ARMCX5-GPRASP2",0.11768013193339,1.72884833356326,0.402876974363888,0.684860532141534,0.960839487739374,0.164397861045227
"2434","CYB561A3","CYBASC3",0.0296158997431204,5.560897940123,0.166131569759307,0.684586276406004,0.9607461882102,0.164571811217545
"1718","CDC14B","CDC14B",0.0584804228924954,4.07552229405931,0.166151755555986,0.684568163340796,0.9607461882102,0.164583302111549
"6596","MMS19","MMS19",0.0301098119344511,5.92119616933709,0.166306488216022,0.684429361698052,0.960733835675052,0.164671367702065
"343","ALAD","ALAD",0.0399720377743655,4.92895055853358,0.166343245504762,0.684396399964612,0.960733835675052,0.164692283583912
"12366","ZDBF2","ZDBF2",0.0561598476122877,4.75573506704749,0.166451258412726,0.684299565069985,0.960733835675052,0.164753736034327
"10271","SNORD77","SNORD77",0.136982545790274,1.4899421483821,0.339963295337331,0.684277258956129,0.960733835675052,0.164767892962884
"6093","LTBP2","LTBP2",0.135851830089127,1.52219596897513,0.29626575652822,0.683982375197983,0.96053907565948,0.164955089000466
"8951","REEP5","REEP5",0.0189757547183683,7.58508158389639,0.167424100418872,0.683429049682591,0.960056855607174,0.165306565120637
"2183","COMMD8","COMMD8",0.033153022011512,5.91511714000367,0.167436483668276,0.683417988020052,0.960056855607174,0.165313594464622
"3030","EGOT","EGOT",0.121231597828821,1.66705846770759,0.382727103819641,0.68332061668831,0.960056855607174,0.165375475839739
"5256","KMT2A","MLL",0.0329900357565468,7.13693136198386,0.167774331052027,0.68311638129681,0.960056855607174,0.165505300053119
"241","ADTRP","ADTRP",0.0686749756179578,4.50250538741318,0.167851587762968,0.683047461756132,0.960056855607174,0.165549118188681
"8180","POFUT2","POFUT2",0.0494503611385981,3.62317603178877,0.167886811048409,0.683016045753309,0.960056855607174,0.165569093536235
"3752","FOXP1","FOXP1",0.0243935169211251,10.0128664594183,0.167895386500512,0.683008397804672,0.960056855607174,0.165573956497372
"2282","CREB1","CREB1",0.0285004216610107,6.69418349771196,0.167985870543161,0.682927714249449,0.960056855607174,0.165625262590747
"2035","CLCN3","CLCN3",0.0639282221234508,4.48226811218598,0.168024540363722,0.682893240577549,0.960056855607174,0.165647185999415
"12085","VWA7","VWA7",0.10343852257085,1.91293080235153,0.256547126949281,0.682844127070179,0.960056855607174,0.16567842147082
"162","ACTR8","ACTR8",0.0332511548191154,4.71561039564146,0.168113054727883,0.682814348566864,0.960056855607174,0.165697361256868
"8242","POM121L8P","POM121L8P",0.133062675904892,1.57277727628598,0.518871462752947,0.682807199068759,0.960056855607174,0.165701908618588
"7083","NDUFAF1","NDUFAF1",0.0563299556385098,3.48188582271452,0.168185579827643,0.682749725741304,0.960056855607174,0.165738465643098
"3766","FRMD4A","FRMD4A",0.0875699046866752,2.18902731805301,0.350491482213622,0.682743398393493,0.960056855607174,0.165742490463423
"3505","FAR1","FAR1",0.0340502370122027,5.16096939442477,0.168441301301757,0.682521997437114,0.960056855607174,0.16588334690757
"11705","TULP4","TULP4",0.0302499531924183,5.94479935877504,0.168521098691603,0.682450976669486,0.960056855607174,0.165928540370142
"3598","FCN1","FCN1",0.111175352719715,3.08918778345647,0.168733145164399,0.682262347971573,0.960056855607174,0.166048595478677
"7710","PCDHA9","PCDHA9",0.102696711658171,1.92972023589007,0.471954277705199,0.682227528922731,0.960056855607174,0.166070760129418
"11216","TMEM209","TMEM209",0.021412998050299,6.40865802450291,0.168775456328768,0.682224726127965,0.960056855607174,0.166072544344727
"6963","NABP2","OBFC2B",0.0357036186190765,4.4654094942759,0.201738704533511,0.682063013865892,0.960056855607174,0.166175500255484
"3304","EXD1","EXD1",0.142679164338463,1.46493513437281,0.543880791582621,0.681923670907431,0.960056855607174,0.166264234080877
"5849","LOC388692","LOC388692",0.0379502695503647,5.53168316930438,0.169209973050426,0.681838685641674,0.960056855607174,0.166318361740042
"10452","SPRYD3","SPRYD3",0.0408794636955572,5.64719944529656,0.169395529551571,0.681674007308522,0.960056855607174,0.166423265628498
"1707","CD86","CD86",0.128445142921887,1.61827748995674,0.169424158733809,0.681648608787966,0.960056855607174,0.166439447326354
"5664","LOC100505817","LOC100505817",0.135233075273413,1.54688058241195,0.425023452196508,0.681464796494342,0.960056855607174,0.166556574287327
"1151","BTBD7","BTBD7",0.0401315014536143,4.46250823783088,0.169735465522998,0.681372593522089,0.960056855607174,0.166615338806732
"9128","RNF157","RNF157",0.050170299712444,4.16668670591369,0.170358296679921,0.680821258814617,0.960056855607174,0.166966891757585
"2322","CRYGS","CRYGS",0.132528838333032,1.58251725403838,0.354142938724052,0.680684728244635,0.960056855607174,0.16705399306146
"1570","CCDC77","CCDC77",0.0636703540131359,2.97354671896776,0.222330952133502,0.680628056085851,0.960056855607174,0.167090152871512
"3278","ETAA1","ETAA1",0.0421309430281003,5.10166745536866,0.170892340104777,0.680349459503665,0.960056855607174,0.167267955897094
"6138","LZTS2","LZTS2",0.0527363524322988,3.62988076680037,0.170906831828806,0.680336668879508,0.960056855607174,0.167276120744778
"11563","TRNT1","TRNT1",0.0428785188333566,4.38173931734017,0.170985664279676,0.680267101250316,0.960056855607174,0.167320531671995
"1822","CELF6","CELF6",0.132464708571063,1.56671760477166,0.301097420625367,0.680244543284045,0.960056855607174,0.167334933313193
"12293","ZBTB10","ZBTB10",0.0611492947577376,4.23615301718332,0.17107493622737,0.680188343733318,0.960056855607174,0.167370814766829
"9770","SHTN1","KIAA1598",0.111906579887008,1.81894940577054,0.232742340065833,0.679972397795104,0.960056855607174,0.167508716306376
"9958","SLC35E2B","SLC35E2B",0.0397234251183293,5.06435803224529,0.171330841377493,0.679962712504465,0.960056855607174,0.167514902290175
"6643","MPL","MPL",0.137100240677635,1.52476285379001,0.450304358240992,0.679830394378436,0.960056855607174,0.167599422548265
"229","ADORA2A","ADORA2A",0.0500938323567127,5.12028025252943,0.171608475649105,0.679718146166506,0.960056855607174,0.167671135734961
"1784","CDKL3","CDKL3",0.102233438110628,1.95709178421408,0.327250479565429,0.678986749699659,0.960056855607174,0.168138700812975
"1552","CCDC38","CCDC38",0.128612295755603,1.58296425024217,0.378322212252331,0.678950032681592,0.960056855607174,0.168162186439919
"8117","PLPBP","PROSC",0.0455526200094026,5.88336478354266,0.172769593746621,0.678697832184956,0.960056855607174,0.168323537977555
"9035","RHOBTB2","RHOBTB2",0.0455016695760299,3.82314418227413,0.224741604874673,0.678659618169454,0.960056855607174,0.1683479915746
"2618","DENND1A","DENND1A",0.0438368771440792,4.1434774706137,0.173089976298694,0.678417010199533,0.960056855607174,0.168503271389346
"11455","TRAF3IP3","TRAF3IP3",0.0372330230033155,8.28129584308831,0.173439031148799,0.678111403651227,0.960056855607174,0.168698952126222
"9164","RNF7","RNF7",0.0248615316761695,7.29999356893256,0.173612640995421,0.677959538292626,0.960056855607174,0.168796224747393
"5407","LILRB3","LILRB3",0.1006597856061,1.93130241797932,0.271807077746593,0.677950003525957,0.960056855607174,0.168802332671887
"5807","LOC284440","LOC284440",0.0983234066779875,2.082579749825,0.294021283897174,0.677721906763551,0.960056855607174,0.168948475946577
"9348","RRN3","RRN3",0.0390574184258469,5.25387763459114,0.173884791398165,0.677721653993486,0.960056855607174,0.168948637925501
"11012","THOC1","THOC1",0.0311755432771447,5.01142172261192,0.173953386173219,0.677661730431058,0.960056855607174,0.168987039565678
"3647","FHOD1","FHOD1",0.0494701066571109,3.79150189781065,0.173998022629463,0.677622744024577,0.960056855607174,0.169012025583784
"3080","EIF4B","EIF4B",0.0213533125167283,9.1459013166738,0.174333371708818,0.677330031024339,0.960056855607174,0.169199668496664
"4892","IPO11","IPO11",0.0394575980667191,4.76380057789833,0.174576882502645,0.677117687474486,0.960056855607174,0.169335841538214
"4089","GOPC","GOPC",0.0344200582069868,5.3616246628359,0.174944916594897,0.676797088857261,0.960056855607174,0.169541518018599
"9313","RPS4Y1","RPS4Y1",0.215381229771252,7.70579786905838,0.174977736255247,0.676768518558989,0.960056855607174,0.169559851703823
"1396","CAMK2D","CAMK2D",0.0344656341222367,6.8502104837736,0.175356860636704,0.676438710063178,0.960056855607174,0.169771547310559
"216","ADGRL1","LPHN1",0.0881682961194496,2.21483822883678,0.2635813599662,0.676242049603711,0.960056855607174,0.169897827739029
"10841","TBC1D22A","TBC1D22A",0.0370298148841687,5.56781093281362,0.175653968071284,0.676180543051243,0.960056855607174,0.169937330120165
"10779","TAF5","TAF5",0.052018479882726,3.7203043794046,0.175683164108962,0.676155187470323,0.960056855607174,0.169953615704627
"7442","NUMBL","NUMBL",0.108186820120304,1.9060905697397,0.344997390183395,0.675803922094681,0.960056855607174,0.170179292082971
"12909","ZNF865","ZNF865",0.0843937268477092,2.29161530459254,0.496006782833922,0.675655066763145,0.960056855607174,0.170274962095724
"5240","KLHL35","KLHL35",0.118983414766602,1.70445179202061,0.313528409192788,0.675416787707896,0.960056855607174,0.170428149033307
"12328","ZBTB8A","ZBTB8A",0.0615209786556555,3.02917873267653,0.35633857462518,0.675397942199736,0.960056855607174,0.170440266905613
"5175","KIF22","KIF22",0.0372357584120697,6.5610406185871,0.176665737694269,0.675303304624286,0.960056855607174,0.170501125036843
"3719","FN1","FN1",0.11232352628478,1.81650378632041,0.298856581037601,0.67518509357292,0.960056855607174,0.17057715443111
"9864","SLC20A2","SLC20A2",0.0431007047442399,4.55671648732412,0.177235792291763,0.674810351097096,0.960056855607174,0.170818264272195
"9383","RTF2","C20orf43",0.0272380009382413,6.73575803823271,0.177404955669482,0.674664247265507,0.960056855607174,0.170912303964634
"3878","GATA3","GATA3",0.0304747175055917,7.65345300713022,0.177676378157548,0.674429995318391,0.960056855607174,0.171063122678136
"4576","HNRNPUL2","HNRNPUL2",0.0700543457215201,2.76507105083802,0.211369030111608,0.674422417113878,0.960056855607174,0.171068002637385
"9276","RPP38","RPP38",0.0382234690865215,4.78197004367077,0.17897416247822,0.673312846167574,0.960056855607174,0.17178309952809
"1183","C11orf49","C11orf49",0.043592464241972,4.25090959177315,0.179145383024246,0.673165814754658,0.960056855607174,0.17187794682631
"2285","CREB3L4","CREB3L4",0.086518412170844,2.31339446182507,0.204204268288793,0.672393060949715,0.959409940574203,0.172376777098715
"10768","TAF12","TAF12",0.0408770523834861,5.09455193064857,0.180116994751018,0.672333034700169,0.959409940574203,0.172415549409372
"4949","ITFG2","ITFG2",0.0302784227688584,6.2193126284946,0.180176790058757,0.672281870208966,0.959409940574203,0.172448600442986
"12396","ZFAND4","ZFAND4",0.0378817967647163,4.11699034731892,0.180310693249446,0.672167330903231,0.959409940574203,0.172522599205484
"9821","SLAIN2","SLAIN2",0.0279097350915806,6.16996653449064,0.180392315421692,0.672097536860736,0.959409940574203,0.17256769622212
"5695","LOC100506713","LOC100506713",0.087987551225722,2.25298680755765,0.400970049286135,0.671996605036974,0.959409940574203,0.172632921019736
"302","AIM2","AIM2",0.0707646263657617,3.25536899763294,0.180686455326181,0.671846176432046,0.959368238508854,0.172730150121553
"6431","METTL22","METTL22",0.0495767083158121,3.69789829614537,0.217743309805973,0.671547411324932,0.95915449675711,0.172923320672205
"7228","NKAP","NKAP",0.0345988500052059,4.9357921174964,0.181174284905201,0.671429829185053,0.95915449675711,0.172999368535281
"8994","RFWD3","RFWD3",0.0349902813408594,5.21784192320804,0.181181542495567,0.671423640067208,0.95915449675711,0.173003371801146
"6186","MAN1B1","MAN1B1",0.0325161827987948,5.07744850385488,0.181182650427215,0.671422695259695,0.95915449675711,0.173003982927943
"489","ANO6","ANO6",0.0320072623131833,5.50180758366815,0.181569491989075,0.671093018227728,0.95915449675711,0.173217279379125
"12476","ZNF121","ZNF121",0.0431762193679619,5.25331437261277,0.181714560987205,0.67096949357519,0.95915449675711,0.17329722509649
"8749","RAB9B","RAB9B",0.161008593274933,1.40125132520248,0.221886908517848,0.670827372078313,0.95915449675711,0.173389224986584
"4057","GNL3L","GNL3L",0.0295423004383896,6.01903132471001,0.182446344187306,0.670347276245311,0.959022410093782,0.173700150905478
"2594","DDX5","DDX5",0.0245101195493853,11.2402227554124,0.182942532000885,0.669926220076019,0.958737214897539,0.173973024132342
"9573","SEC14L4","SEC14L4",0.127169898391119,1.67868816899544,0.572734838967764,0.669565584972976,0.958432564697607,0.174206876759773
"8118","PLPP1","PPAP2A",0.0419600492894895,4.2086149466515,0.183417621040648,0.669523701402936,0.958432564697607,0.174234044183994
"9090","RMND5B","RMND5B",0.0500384273096188,4.17852085272155,0.183786394642233,0.669211684070593,0.958397022664857,0.174436485098933
"5727","LOC100507373","LOC100507373",0.102220339237966,1.99032373550306,0.447656721019847,0.669159697037529,0.958397022664857,0.174470224137171
"3617","FERMT3","FERMT3",0.0383684803688077,7.07521675377533,0.184202088406274,0.668860412470645,0.958374876406193,0.174664507671717
"4292","GZMB","GZMB",0.164954080696048,1.74509185357511,0.184403436066584,0.668690437638528,0.958374876406193,0.174774887224079
"10210","SNORA80B","SNORA80B",0.139035635399987,1.48864437570703,0.483540955947176,0.668526097804862,0.958374876406193,0.174881634159052
"5433","LINC00273","LINC00273",0.0962022281418626,2.13258250499828,0.252025240118338,0.668341720522731,0.958266704281763,0.175001427657897
"9239","RPL29","RPL29",0.0277753896655552,9.53319910129953,0.184882239606065,0.668286680127657,0.958266704281763,0.175037194876167
"7553","OSER1","C20orf111",0.0502830094409395,7.02895290609374,0.184971845913958,0.668211187339091,0.958266704281763,0.175086257583008
"12352","ZCCHC10","ZCCHC10",0.0467153914562642,5.06637876031452,0.184981211228136,0.668203298369451,0.958266704281763,0.17509138493836
"8954","RELA","RELA",0.0369423079878627,6.65237515237806,0.184983804172906,0.668201114217391,0.958266704281763,0.175092804516413
"7923","PHKG2","PHKG2",0.0308822057175429,5.50978866881007,0.185204445552226,0.668015324729607,0.958266704281763,0.175213574396963
"5071","KCNIP4","KCNIP4",0.11722698173823,1.75306801618995,0.328409980584531,0.667947218914427,0.958266704281763,0.175257854051186
"12652","ZNF443","ZNF443",0.0870405617690476,2.5498434170407,0.185346651529519,0.66789565081236,0.958266704281763,0.175291384554943
"8550","PSMD5","PSMD5",0.0326776181204306,5.49123034719589,0.185494134026742,0.667771593978113,0.958266704281763,0.17537205913751
"2210","COQ5","COQ5",0.0555271017306905,4.34294960175293,0.185808286234097,0.667507535799889,0.958266704281763,0.175543826985358
"3131","ELP6","C3orf75",0.0423157795618436,4.58543204527064,0.185813959796018,0.667502769369583,0.958266704281763,0.175546928136521
"7622","PAIP2","PAIP2",0.0280827986281316,8.75088956527954,0.186175999818206,0.667198793554861,0.958266704281763,0.175744747671488
"9675","SETD3","SETD3",0.0401022490552424,5.4563825674938,0.186270735743325,0.667119309401094,0.958266704281763,0.175796488750836
"7650","PAQR7","PAQR7",0.0849746823967772,2.373198981092,0.365860580942555,0.666931431696779,0.958266704281763,0.175918814309051
"271","AGK","AGK",0.0300345317059397,5.32046058752064,0.186938121526934,0.666560047047171,0.958147755162653,0.176160721078955
"4058","GNLY","GNLY",0.160301115401151,4.3538861311058,0.187245473972118,0.666302887932942,0.957957364386792,0.176328304380637
"964","BAZ1B","BAZ1B",0.0385159001045476,6.25261829514537,0.187535172104055,0.666060729667469,0.957957364386792,0.176486171194486
"12066","VPS53","VPS53",0.0328092041861156,5.56476799122087,0.187927462361093,0.665733169090779,0.957914419101006,0.176699804481058
"7439","NUGGC","C8orf80",0.0584203304414966,3.32892610513998,0.246589377610409,0.665723953098219,0.957914419101006,0.176705816623166
"4874","INTS11","CPSF3L",0.0292533662916678,6.17098168581778,0.187960863936123,0.665705297723656,0.957914419101006,0.17671798689241
"6775","MSL3","MSL3",0.0305385973904083,6.63450223439706,0.187978140654106,0.665690882620956,0.957914419101006,0.176727391154869
"2749","DMXL2","DMXL2",0.0908224209200169,2.69827268005315,0.188237884562617,0.665474256119924,0.957914419101006,0.176868740551912
"7603","PABPC4","PABPC4",0.0296870488729885,5.64546753747249,0.188295006586782,0.665426640194136,0.957914419101006,0.176899816244906
"8573","PTAR1","PTAR1",0.0366762452509784,5.57169558607452,0.189056227669471,0.664792918482013,0.957494767915074,0.177313615398081
"2042","CLDN7","CLDN7",0.165763289751927,1.38115937581424,0.325362530327345,0.664658444746718,0.957429936009236,0.177401472995604
"12576","ZNF296","ZNF296",0.091558428260794,2.20140734649542,0.310254932070958,0.664539842986321,0.957365395120659,0.177478975488192
"12502","ZNF18","ZNF18",0.0401381817990585,4.51720739598175,0.189396500000558,0.664510130751813,0.957365395120659,0.177498393658688
"6659","MR1","MR1",0.040654660942665,5.48909312164639,0.189887435595985,0.66410266510414,0.957365395120659,0.177764776894571
"11970","USP9Y","USP9Y",0.197716701787065,5.93084465483683,0.189929296835875,0.664067950257644,0.957365395120659,0.177787479499345
"3144","EME2","EME2",0.15209715828101,1.46310264512434,0.520130970207079,0.664045679692275,0.957365395120659,0.177802044493531
"3615","FEN1","FEN1",0.0499044291641526,4.69221222735857,0.190109221431844,0.663918793600026,0.957365395120659,0.177885037571991
"5536","LOC100130197","LOC100130197",0.152496527095248,1.42662738163778,0.513637598823428,0.663647904189056,0.957365395120659,0.178062272777151
"9893","SLC25A32","SLC25A32",0.0295923433080077,5.87335328575343,0.190588331744226,0.6635220232153,0.957365395120659,0.178144657724721
"12384","ZDHHC7","ZDHHC7",0.0520039197491086,5.41587299103634,0.190761151974892,0.663379049817377,0.957365395120659,0.178238248059794
"10983","TGFBRAP1","TGFBRAP1",0.048675302157522,4.0895037119213,0.191402007732802,0.662849545983557,0.957365395120659,0.178585036850387
"8503","PRXL2B","FAM213B",0.0529360387706146,4.07752155281474,0.191408814456375,0.662843927642686,0.957365395120659,0.17858871796444
"9794","SIPA1L3","SIPA1L3",0.040622463044228,4.33662392519633,0.191598969984178,0.662687019436168,0.957365395120659,0.178691536187921
"3841","GADD45GIP1","GADD45GIP1",0.0294296695524658,5.73521769014896,0.191800424803286,0.662520888872864,0.957327187719722,0.178800424139531
"5582","LOC100133091","LOC100133091",0.073381970172331,2.67781050288653,0.324132692316439,0.662509036125221,0.957327187719722,0.1788081939005
"11757","UBA52","UBA52",0.0278874117173784,9.58109950819946,0.192571550497851,0.66188593737747,0.957216473161278,0.179216845961569
"3518","FASTKD2","FASTKD2",0.03442577907353,5.87340105880579,0.192826351370723,0.661676465938065,0.957216473161278,0.179354311774713
"1043","BHMT2","BHMT2",0.123093124633991,1.73471334890015,0.611474217888643,0.661623514743164,0.957216473161278,0.179389067932959
"8217","POLR2F","POLR2F",0.0287076964250112,5.37637013511223,0.192958920192777,0.661567546677993,0.957216473161278,0.179425807331509
"5248","KLHL9","KLHL9",0.0261747930930321,6.20185833463959,0.193046027445614,0.661496003222955,0.957216473161278,0.179472775487757
"4557","HNRNPA1","HNRNPA1",0.0271125264545029,7.99916961761113,0.19325266187213,0.66132636609415,0.957216473161278,0.179584162278726
"9779","SIGMAR1","SIGMAR1",0.0425745472483844,6.76755676710054,0.193255295812108,0.661324204453225,0.957216473161278,0.179585581835405
"2957","EAF2","EAF2",0.0641162614310882,3.30045651284662,0.193267331629864,0.661314327035209,0.957216473161278,0.179592068427225
"12671","ZNF485","ZNF485",0.0832490584387569,2.80454007216763,0.193532326547906,0.661096947094576,0.957216473161278,0.179734848379863
"5434","LINC00294","LINC00294",0.0550016277633383,3.28304483014633,0.289850210218644,0.661091865302849,0.957216473161278,0.179738186774628
"4864","INPP5F","INPP5F",0.0401982757850227,4.17951537753369,0.193586235587636,0.661052746350269,0.957216473161278,0.179763886149868
"3289","ETS2","ETS2",0.0479005639983839,3.61563547107726,0.205797979933183,0.660982235757708,0.957216473161278,0.179810212248207
"12798","ZNF674","ZNF674",0.0766347216557587,2.60556487056722,0.357519596425225,0.660893087029279,0.957216473161278,0.179868790845169
"1500","CC2D2B","CC2D2B",0.158800762828168,1.45248980017621,0.454010461530014,0.660711792499173,0.957216473161278,0.179987941758937
"7045","NCMAP","C1orf130",0.0934788545944487,2.20584101384537,0.413730216383441,0.66020467300567,0.957183415480156,0.180321406007837
"10591","STIM1","STIM1",0.0270012147151276,6.80597914043681,0.194985457928635,0.659908070049077,0.956962596998287,0.180516560596276
"4215","GSDME","DFNA5",0.168791683353716,1.3568748461738,0.308125311902872,0.659813073730505,0.956931806093442,0.180579083466691
"6034","LRRC34","LRRC34",0.137992952952457,1.61236320280009,0.305245879043,0.659762734660821,0.956931806093442,0.180612218327242
"7496","ODAPH","C4orf26",0.153197423647176,1.49389142290923,0.617007795715468,0.659751383194534,0.956931806093442,0.18061969059162
"10364","SOX8","SOX8",0.137459676085767,1.58618084447406,0.293742318182175,0.659620394661203,0.956931806093442,0.18070592496219
"5734","LOC100507501","LOC100507501",0.0857045097343578,2.40623627779556,0.270632601393956,0.659470185743069,0.956931806093442,0.180804833870386
"11831","UBR5","UBR5",0.0411244014953628,6.06451016236332,0.195631984606017,0.659380819125533,0.956931806093442,0.180863690297349
"7411","NUDC","NUDC",0.0271933664850594,6.47346650429543,0.195694924696879,0.659329546411421,0.956931806093442,0.180897461862971
"8636","PUF60","PUF60",0.0267870232514963,6.94361704076635,0.196075775281385,0.659019505595002,0.956931806093442,0.181101731010072
"8020","PIWIL2","PIWIL2",0.108360851735069,1.95458699656771,0.409862438542637,0.658935345086917,0.956931806093442,0.181157196406761
"9226","RPL23","RPL23",0.0222366250022688,10.5205977394374,0.196349787396492,0.658796662311418,0.956931806093442,0.181248609780677
"4525","HLA-H","HLA-H",0.0664336332453028,7.09032477850409,0.196501675201414,0.658673218178469,0.956931806093442,0.181329994724217
"7594","P4HB","P4HB",0.0255444812117652,7.96462202352057,0.196972027927492,0.658291309581325,0.956931806093442,0.181581878199412
"6531","MIR150","MIR150",0.0797266262685592,2.60564841205603,0.274326776270064,0.658029066356158,0.956931806093442,0.181754922374972
"9265","RPLP0","RPLP0",0.0258416263865982,10.9469716159834,0.197611040001864,0.657773330797595,0.956931806093442,0.181923738822714
"9071","RIPK2","RIPK2",0.0685974435961882,5.28613676108577,0.197718766378426,0.657686107517958,0.956931806093442,0.181981331763996
"10016","SLC50A1","SLC50A1",0.0381650354622417,4.94149864728965,0.197879437761919,0.657556068970182,0.956931806093442,0.18206720952085
"5462","LINC01588","C14orf182",0.0947354971924694,2.19059822894065,0.331096541503573,0.657537997102518,0.956931806093442,0.182079145568022
"12030","VIRMA","KIAA1429",0.0357284799173573,6.30404371409137,0.197957883612629,0.657492602239203,0.956931806093442,0.182109129263706
"8267","PP7080","PP7080",0.0349221542580499,5.54625135945019,0.198038128278101,0.657427695783169,0.956931806093442,0.182152004129598
"4291","GZMA","GZMA",0.068539490230458,6.28385968899388,0.198078947131254,0.657394685224066,0.956931806093442,0.18217381133926
"4138","GPR15","GPR15",0.135433983474187,4.89492620877182,0.198085671473345,0.657389247582094,0.956931806093442,0.182177403622135
"10922","TECPR1","TECPR1",0.0388510624916126,5.81086990634232,0.198186857804994,0.657307436582387,0.956931806093442,0.182231454212215
"11133","TMED9","TMED9",0.0294789984531674,7.06598847341483,0.19844710719092,0.65709713525715,0.956931806093442,0.182370426196677
"1291","C2CD3","C2CD3",0.0401879163566751,4.2815488795875,0.198463760178389,0.657083684010499,0.956931806093442,0.182379316605226
"9744","SH3GL1P1","SH3GL1P1",0.144660143350498,1.56358735741383,0.353907357970827,0.656917263887055,0.956931806093442,0.182489324656273
"5786","LOC255512","LOC255512",0.0846773888961412,2.40831753909699,0.310551416920338,0.656848730021881,0.956931806093442,0.182534635434042
"8436","PRKG2","PRKG2",0.110944569468809,2.2819139697063,0.198763136534511,0.656841981893668,0.956931806093442,0.18253909717655
"11320","TNFAIP8","TNFAIP8",0.0304735177481798,8.44460554999086,0.199030380863844,0.656626406182154,0.956931806093442,0.182681656135157
"5862","LOC400548","LOC400548",0.127337355518344,1.71218067335551,0.685554204891974,0.656606209914074,0.956931806093442,0.182695014206949
"12805","ZNF683","ZNF683",0.151423146471133,1.71570845392331,0.199242438778866,0.656455470866193,0.956931806093442,0.182794727933956
"4443","HELLS","HELLS",0.056060385223448,3.26218160355909,0.199556984814493,0.65620212319544,0.956931806093442,0.182962368752513
"437","ANKIB1","ANKIB1",0.0438316316057919,5.41624161401416,0.199666464260025,0.656114000447964,0.956931806093442,0.18302069497792
"6166","MAGIX","MAGIX",0.172952329356248,1.3745644518114,0.400391141438346,0.655980740450529,0.956931806093442,0.183108911293312
"9801","SIRT5","SIRT5",0.0456998092473666,4.57775565341642,0.199869607874125,0.655950561939098,0.956931806093442,0.183128891548322
"8376","PRADC1","PRADC1",0.0519805887843604,3.80497223089232,0.23174980852191,0.655846935523376,0.956931806093442,0.183197506377529
"765","ASXL1","ASXL1",0.0448389271208197,5.44838729950657,0.200231295945875,0.655659813913584,0.956931806093442,0.183321433887874
"10982","TGFBR3","TGFBR3",0.0421240854708062,6.51823142561865,0.20031154424236,0.655595347989412,0.956931806093442,0.183364136781978
"8868","RBL1","RBL1",0.0375148651105378,5.74854029344581,0.200480352550727,0.65545978974186,0.956931806093442,0.183453945665531
"10947","TESPA1","KIAA0748",0.0369266604584992,7.32965583438898,0.200483768535122,0.655457047310084,0.956931806093442,0.183455762749504
"11332","TNFRSF1A","TNFRSF1A",0.0458521480216578,4.73148732833788,0.200507365010762,0.655438104277446,0.956931806093442,0.183468314256062
"479","ANKRD6","ANKRD6",0.110168243151955,1.92262888246708,0.289068420887201,0.655311844568844,0.956931806093442,0.183551982227898
"5420","LIN7B","LIN7B",0.0815487803384542,2.54052290921684,0.450078569062887,0.655296891476476,0.956931806093442,0.183561892196182
"5830","LOC338651","LOC338651",0.160262853584127,1.39175219717935,0.425778203888291,0.655243665190296,0.956931806093442,0.183597169063082
"12840","ZNF740","ZNF740",0.0653916058046956,3.19191839216896,0.24493475138874,0.655217255312071,0.956931806093442,0.183614673842055
"11463","TRAK2","TRAK2",0.0260343353105171,6.84197507455851,0.200787493642368,0.655213321931001,0.956931806093442,0.183617280993816
"5875","LOC439949","LOC439949",0.0428957337839537,6.77390472215027,0.201072957442815,0.654984452425582,0.956931806093442,0.183769008872211
"9266","RPLP0P2","RPLP0P2",0.136550264005907,1.63028933875431,0.719159939542083,0.654971254387735,0.956931806093442,0.183777760061246
"10997","THAP6","THAP6",0.0489311179896885,4.50313047511049,0.201617605440884,0.654548324570127,0.956931806093442,0.184058284454095
"8709","RAB23","RAB23",0.157476191497384,1.48875631440337,0.257919573542291,0.654003258162169,0.956931806093442,0.184420088069729
"7132","NEIL2","NEIL2",0.0375063737215394,4.62556855771862,0.202307929861409,0.65399656361722,0.956931806093442,0.184424533642094
"1355","CA11","CA11",0.102108306024452,2.10299932254718,0.496249413784855,0.653886324755692,0.956931806093442,0.184497745287864
"7204","NHSL2","NHSL2",0.0784575593072623,3.54386028766124,0.202625067314852,0.653743462658317,0.956931806093442,0.18459264098603
"9720","SGSH","SGSH",0.0337387372987959,6.3335255887317,0.202629188226306,0.653740175413196,0.956931806093442,0.184594824772313
"10904","TCOF1","TCOF1",0.0288681370036607,5.65652431994721,0.202637653618749,0.653733422708162,0.956931806093442,0.184599310771171
"1957","CHMP1B","CHMP1B",0.0283933268262,7.55051942645183,0.202825020372304,0.653584006790751,0.956931806093442,0.184698583537308
"1874","CEP72","CEP72",0.0859535186876989,2.44190439227988,0.28586982367429,0.653092962799018,0.956931806093442,0.185024995819737
"8826","RARRES1","RARRES1",0.170298652972151,1.40064786849942,0.451977980022471,0.653062007551658,0.956931806093442,0.185045580962269
"2587","DDX3Y","DDX3Y",0.224918104368431,7.21616129419048,0.203623476429582,0.652948207211382,0.956931806093442,0.185121266220143
"7335","NQO2","NQO2",0.0723758686244755,4.55867604737874,0.203671344844557,0.652910138024383,0.956931806093442,0.185146587860747
"2894","DTX1","DTX1",0.129346531395163,1.73851824264798,0.300790915533961,0.65288700907355,0.956931806093442,0.185161972755319
"4855","INO80D","INO80D",0.0319938872982567,7.09095267358078,0.203903101868041,0.652725900619187,0.956931806093442,0.185269153854025
"8176","PODXL","PODXL",0.129643117933093,1.73930629203233,0.254353782777611,0.652659597808872,0.956931806093442,0.185313271005187
"190","ADAMTSL5","ADAMTSL5",0.0765536259691101,2.72857302209715,0.24705677428976,0.652555514402724,0.956931806093442,0.185382535984761
"3004","EEF1G","EEF1G",0.0260817628226268,11.0652911449953,0.204469835184128,0.65227590192954,0.956931806093442,0.185568666015835
"1087","BNIP3L","BNIP3L",0.0285083046659444,7.33417907503466,0.204681190995156,0.652108273379385,0.956931806093442,0.185680289809071
"10205","SNORA71B","SNORA71B",0.150335833655568,1.46264210917486,0.636115847854434,0.651934889427648,0.956931806093442,0.185795776314551
"3395","FAM135A","FAM135A",0.0595763882770353,3.3873853047086,0.205037665609448,0.651825785993156,0.956931806093442,0.185868462997867
"6030","LRRC28","LRRC28",0.041928041476779,4.23963903594745,0.250994540137513,0.651785343923329,0.956931806093442,0.185895409327742
"459","ANKRD28","ANKRD28",0.0431527167446061,5.38004981433011,0.20552447886767,0.651440490426717,0.956931806093442,0.186125251263333
"10518","SS18L2","SS18L2",0.0289827725284934,6.79662365353378,0.205529636181723,0.651436411544654,0.956931806093442,0.186127970531699
"5533","LOC100129961","LOC100129961",0.154408399022164,1.51961809392781,0.425631219956241,0.651332853946513,0.956931806093442,0.186197014981423
"1522","CCDC137","CCDC137",0.0390681113770267,4.74552214008297,0.205971056199808,0.651087524415907,0.956931806093442,0.186360626154007
"3324","EXOSC3","EXOSC3",0.0398558781187772,4.32136805176472,0.206215940417989,0.650894168879707,0.956931806093442,0.18648961912444
"8648","PVR","PVR",0.160400569879444,1.39456470253664,0.372670431408211,0.650445853430852,0.956931806093442,0.186788850578102
"3021","EFL1","EFTUD1",0.051075891689485,4.65834549908916,0.207584084613612,0.649816454963074,0.956931806093442,0.187209295439203
"441","ANKMY1","ANKMY1",0.0504721856493624,4.3032044354934,0.207836147710367,0.649618368805143,0.956931806093442,0.187341703351356
"9262","RPL7L1","RPL7L1",0.0256020780363471,6.18765575351851,0.207890971841813,0.649575303987069,0.956931806093442,0.187370494767528
"665","ARL10","ARL10",0.124142884694002,1.84077652492958,0.472432205974309,0.649537713640058,0.956931806093442,0.187395627731424
"1084","BNIP1","BNIP1",0.0498511879445904,4.50149298691373,0.207979729458114,0.649505598691668,0.956931806093442,0.187417100987539
"5105","KDELR2","KDELR2",0.0267175655622555,6.42385157534704,0.208621770563507,0.649001910470687,0.956931806093442,0.187754024762565
"8890","RBM34","RBM34",0.0369233091018701,6.60959415099077,0.208713454568605,0.648930059954921,0.956931806093442,0.18780210784128
"9964","SLC35F6","C2orf18",0.032203941515408,6.0412790778665,0.208767915764577,0.648887389090222,0.956931806093442,0.187830666127497
"5697","LOC100506730","LOC100506730",0.112537541640004,1.93440342372558,0.418019514229343,0.648798447959993,0.956931806093442,0.187890197704448
"10356","SOS1","SOS1",0.0483791113554658,6.00053862001987,0.208895031792243,0.648787818686712,0.956931806093442,0.18789731281479
"12355","ZCCHC18","ZCCHC18",0.0805817998924656,2.55136880252217,0.230891082889887,0.648685007821499,0.956931806093442,0.187966139214269
"9627","SENP7","SENP7",0.0393309931472237,6.37489425168445,0.209035158866823,0.648678099183902,0.956931806093442,0.187970764570377
"2410","CUX1","CUX1",0.0374340689802315,5.31139356472247,0.209384365401584,0.648404864101874,0.956931806093442,0.188153735889099
"11984","UTRN","UTRN",0.0344935746885963,8.32259520367315,0.209972338670458,0.647945429978205,0.956931806093442,0.188461568909191
"5842","LOC375010","LOC375010",0.155663709960289,1.36237467770777,0.340362013311287,0.647789690292422,0.956931806093442,0.188565968157798
"9136","RNF185","RNF185",0.0330136782775244,5.01615449724544,0.210359815094205,0.647643087277245,0.956931806093442,0.188664265625479
"7025","NCAPH","NCAPH",0.0759760547559765,3.32487101833834,0.210469491260339,0.647557569724632,0.956931806093442,0.188721615505684
"7572","OTUD7A","OTUD7A",0.16541103747001,1.3804334737179,0.472362808590531,0.647532670673853,0.956931806093442,0.18873831475956
"3313","EXOC3L2","EXOC3L2",0.151688133338351,1.51584433360039,0.891119939553664,0.647526305431389,0.956931806093442,0.188742583892827
"8588","PTGER2","PTGER2",0.079232606559246,7.17865427741419,0.21053683524951,0.647505073131499,0.956931806093442,0.188756824583568
"7866","PGAM5","PGAM5",0.0466251265757245,3.81570723943581,0.239898997048547,0.647371653570925,0.956931806093442,0.188846320947114
"8380","PRCC","PRCC",0.0344579427878018,5.04315988834313,0.210820882447867,0.647283762054529,0.956931806093442,0.188905287680926
"7575","OTULINL","FAM105A",0.0394010695777081,6.07627860267325,0.210951263056012,0.647182238516917,0.956931806093442,0.188973410153419
"2886","DTD1","DTD1",0.0313033628015149,5.93938195224531,0.210995605487893,0.64714771904354,0.956931806093442,0.188996575215344
"5408","LIMA1","LIMA1",0.060797440611137,4.49342428111037,0.21116312937803,0.647017345583041,0.956931806093442,0.189084076379176
"6983","NANS","NANS",0.0494082752395966,4.08406683261485,0.211233590527241,0.646962528779985,0.956931806093442,0.189120872368927
"9678","SETD6","SETD6",0.0513774485647513,3.95005600439784,0.249221906938977,0.646883444967938,0.956931806093442,0.189173963175591
"12895","ZNF831","ZNF831",0.0394897489473633,5.00847187814318,0.211372202466186,0.646854724931982,0.956931806093442,0.189193245211829
"4701","IDI2","IDI2",0.101246046219197,2.08088931194086,0.342782558242076,0.646798490581751,0.956931806093442,0.189231002267154
"8271","PPARA","PPARA",0.0640176288927712,3.23297903329285,0.355622269246735,0.646489010707946,0.956931806093442,0.189438853041069
"313","AK9","AKD1",0.0584186164081132,4.33653266766572,0.21262914703557,0.645879103138773,0.956931806093442,0.189848766452874
"2089","CLUHP3","KIAA0664L3",0.0803806323424192,5.65843319574367,0.212710712564392,0.645815914296937,0.956931806093442,0.189891257234333
"12451","ZKSCAN8","ZNF192",0.0405618342626105,5.64328979966707,0.21272481028292,0.645804994281364,0.956931806093442,0.189898600724167
"5956","LOC729603","LOC729603",0.0754208053041878,2.73755397573569,0.299964538327448,0.645462801719485,0.956931806093442,0.190128781241813
"2008","CIPC","KIAA1737",0.0608048754828735,3.9868087890754,0.213813836879705,0.644962765387924,0.956931806093442,0.190465357075326
"1576","CCDC86","CCDC86",0.0470761032166481,3.98626613803304,0.275861567698075,0.644828293890474,0.956931806093442,0.190555914734424
"2873","DRC3","LRRC48",0.130979755933614,1.75565500545249,0.558695291960714,0.644146333671089,0.956931806093442,0.191015460766531
"3222","ERAP1","ERAP1",0.0397720093117201,7.34264165881561,0.215092188678357,0.6439774371572,0.956931806093442,0.191129348618112
"1406","CAMTA1","CAMTA1",0.0370044765139058,5.42667984104294,0.215166443163752,0.643920312874933,0.956931806093442,0.191167874596726
"3048","EIF1AX","EIF1AX",0.0553559801498431,7.32822825815589,0.215367539213693,0.64376566907049,0.956931806093442,0.191272187219826
"5196","KLB","KLB",0.107992611780371,2.04219116561291,0.41578992465141,0.643149085145794,0.956931806093442,0.191688343792339
"6322","MCF2","MCF2",0.183986495635698,1.35063692609632,0.353892847473638,0.643056831377369,0.956931806093442,0.191750643774194
"6344","MCPH1","MCPH1",0.0284868912207236,6.1322727547256,0.216853324371128,0.642625808399142,0.956931199766077,0.192041836798412
"10013","SLC4A5","SLC4A5",0.0624291898723945,3.3212814353925,0.288628525414585,0.642460623037755,0.956815843678539,0.192153485462006
"11885","UNG","UNG",0.0581594917746948,4.9828075699842,0.217359902981234,0.642238260848101,0.956683540932647,0.192303825240652
"2865","DPY30","DPY30",0.0425701299629993,5.90405738895423,0.217462541587276,0.64215980639239,0.956676523694129,0.192356880968635
"5698","LOC100506746","LOC100506746",0.0951604241333271,2.29259601805438,0.496211661071465,0.642151903784455,0.956676523694129,0.192362225557478
"11867","UHRF1BP1","UHRF1BP1",0.0511980282597839,4.00946024959089,0.21792249995234,0.641808502433434,0.956417062707116,0.192594533835304
"11599","TSNARE1","TSNARE1",0.0757991582956578,2.80855069970686,0.312800601518036,0.641655938266941,0.956365175452324,0.192697782158912
"7529","ORAI1","ORAI1",0.0419476339639955,6.29502112143979,0.218141240298765,0.641641593043377,0.956365175452324,0.192707491600852
"641","ARHGEF26","ARHGEF26",0.104939368393078,2.66309283382222,0.218171240576383,0.641618709353661,0.956365175452324,0.19272298067996
"677","ARL4D","ARL4D",0.110189647794342,2.02235973473387,0.218190063951224,0.641604352191003,0.956365175452324,0.192732698766714
"1315","C4orf19","C4orf19",0.10274253728482,2.13688225604153,0.414374146527068,0.641588170154672,0.956365175452324,0.192743652335976
"4400","HCK","HCK",0.147978082138036,1.58039275438884,0.242930670330479,0.641437143678726,0.956365175452324,0.192845895003708
"3682","FLJ21408","FLJ21408",0.169843910194314,1.4354528330789,0.377991891924545,0.641202031391856,0.956365175452324,0.193005110427568
"5287","KRT18","KRT18",0.0859807437068818,2.51199818743096,0.320544691821264,0.641015392654153,0.956365175452324,0.193131541675415
"1518","CCDC127","CCDC127",0.0510189146007516,3.70023021772328,0.225256243077838,0.640692880175033,0.956365175452324,0.193350102163713
"2498","DAPP1","DAPP1",0.033288091674186,5.43212493620088,0.219779712140021,0.64039459613213,0.956365175452324,0.193552341462136
"7735","PCSK1N","PCSK1N",0.0891184686669163,2.89740449263902,0.219950102548281,0.640265242866742,0.956365175452324,0.193640073438816
"9608","SELENOT","SELT",0.0337438266075308,8.00027940241373,0.220181826028483,0.640089426310843,0.956365175452324,0.193759346890732
"5369","LDLRAP1","LDLRAP1",0.0542965412760002,7.20221238570191,0.22029835054969,0.640001057880563,0.956365175452324,0.193819308154689
"2474","CYSLTR1","CYSLTR1",0.0668295845112023,6.16501915180512,0.220306962327873,0.639994528120041,0.956365175452324,0.193823739168349
"4713","IFI16","IFI16",0.0304105073712502,8.03508869751091,0.221541830696476,0.63905981706876,0.955679885513894,0.194458489248414
"9517","SCARNA9L","SCARNA9L",0.12473601372489,1.71169171032223,0.262509680157344,0.639039762542976,0.955679885513894,0.194472118186291
"7298","NOP14-AS1","NOP14-AS1",0.0393050257389279,4.44963037526055,0.221802765479303,0.638862715324157,0.955605442857176,0.194592456994602
"3651","FIG4","FIG4",0.0573028011502886,4.60377935127363,0.221924548404427,0.638770772978869,0.955605442857176,0.194654963266778
"2753","DNAH1","DNAH1",0.0406407625453133,4.88253864115605,0.221980208988261,0.638728761238578,0.955605442857176,0.194683527609075
"394","AMBRA1","AMBRA1",0.0334606162687486,4.9803263608391,0.222472933768206,0.638357141111846,0.955510233257642,0.194936278930912
"5742","LOC100509894","LOC100509894",0.132602312522916,1.70610671608115,0.57478474113943,0.638199106905885,0.955383915750063,0.195043807892614
"1951","CHIC2","CHIC2",0.0280918678314806,6.07799707317069,0.222895868075311,0.638038559651247,0.955376636425413,0.195153074041027
"4766","IGSF6","IGSF6",0.131592725263239,1.80758320300497,0.334065839024562,0.637732679127937,0.955126535018094,0.195361328031872
"4787","IL15","IL15",0.0723809803339531,3.13006448824061,0.223365315670702,0.637685374617458,0.955126535018094,0.1953935434891
"1451","CASP1","CASP1",0.0516849605726439,6.44555056012939,0.22366523415556,0.637459971439873,0.955041374318305,0.195547081056486
"5669","LOC100505989","LOC100505989",0.138977136347513,1.64097880474721,0.838501003933847,0.637447577610899,0.955041374318305,0.195555524918219
"3181","ENTPD6","ENTPD6",0.0321910238543137,5.54286954812293,0.223834379004141,0.637332932623183,0.955041374318305,0.195633639833339
"5716","LOC100507173","LOC100507173",0.10324114866857,2.15343441007068,0.608152267071187,0.637180755333596,0.955041374318305,0.195737349598212
"2292","CRELD1","CRELD1",0.0552691830594124,4.42481793059833,0.22427854387602,0.636999615722795,0.955041374318305,0.195860829657616
"8849","RASSF5","RASSF5",0.0222625015572456,8.3604427644487,0.224434345712282,0.636882792447402,0.955041374318305,0.195940484896872
"10254","SNORD4A","SNORD4A",0.153524278290012,1.55182911273054,0.755493795980603,0.636759573338753,0.955041374318305,0.196024516930598
"12864","ZNF781","ZNF781",0.111637046503536,2.68010414287833,0.224717574220553,0.636670549467077,0.955041374318305,0.196085238874578
"5193","KIR3DL2","KIR3DL2",0.126985095301952,2.51016035396846,0.224943390871904,0.636501446746719,0.955041374318305,0.196200604872223
"5119","KDM5C","KDM5C",0.0509153806631479,5.73661774666167,0.225200668726891,0.636308911187084,0.955041374318305,0.196331994644841
"8062","PLCE1","PLCE1",0.157317065745144,1.51935046354274,0.438273732873224,0.636189742464395,0.955041374318305,0.196413337471699
"4324","H2BC15","HIST1H2BN",0.0849941350221427,2.54127113729195,0.323068273415076,0.635934990195392,0.955009309710191,0.196587278757988
"7068","NDST3","NDST3",0.152471080236873,1.54995046927799,1.01221012516457,0.635875031707096,0.955009309710191,0.196628227705049
"7513","OIP5","OIP5",0.138186146540933,1.73158191897913,0.403334675897518,0.635683977672634,0.954924530146721,0.196758734764375
"12444","ZIK1","ZIK1",0.0757857819845761,3.21406773681293,0.226513661257792,0.635328421292046,0.954722067580413,0.197001716151887
"7124","NEDD4","NEDD4",0.0890847121443609,3.19661714377198,0.226787604870179,0.63512429161266,0.954608803959585,0.197141276472728
"10554","ST8SIA1","ST8SIA1",0.0813334118962837,4.26523249195742,0.226797524795522,0.635116902601527,0.954608803959585,0.197146329067111
"12379","ZDHHC24","ZDHHC24",0.0517275033802477,4.09080427480757,0.323021823729169,0.634931644128086,0.954568109777918,0.197273027740983
"5674","LOC100506083","LOC100506083",0.133130787859744,1.79436334041758,0.610132924986728,0.634863252451807,0.954568109777918,0.197319810300473
"8770","RAD18","RAD18",0.042746513352045,4.32433890617524,0.227380713752831,0.634682853777682,0.954568109777918,0.197443234174341
"11085","TLK2","TLK2",0.0499908780083378,4.58935611500508,0.227390947928792,0.634675242921376,0.954568109777918,0.197448442086757
"4574","HNRNPU","HNRNPU",0.0231265142468479,8.87796877129673,0.227406216308963,0.634663888666543,0.954568109777918,0.197456211626194
"3570","FBXO45","FBXO45",0.0562513165253645,3.97872542484235,0.227441142545514,0.634637917706717,0.954568109777918,0.197473983671403
"6574","MLKL","MLKL",0.0401553558656147,4.76574963839454,0.2276038321459,0.63451697490123,0.954568109777918,0.197556754960414
"4746","IFT46","IFT46",0.0791051388464788,2.77532118256272,0.269441417372911,0.634466732596888,0.954568109777918,0.197591144614775
"12680","ZNF500","ZNF500",0.0511492622435015,3.84641365954397,0.258025758325072,0.63427725708872,0.954568109777918,0.197720860568402
"5679","LOC100506190","LOC100506190",0.0466417862314719,4.25583554542044,0.227940431322494,0.634266917048841,0.954568109777918,0.197727940530383
"8082","PLEKHA8","PLEKHA8",0.0744971976117814,2.8776032525545,0.228455085285788,0.633885021874866,0.954568109777918,0.197989510089433
"12818","ZNF701","ZNF701",0.0617933704176995,4.18767925327922,0.22874396140424,0.633670895365865,0.954568109777918,0.198136239651274
"12014","VCP","VCP",0.0280741584734204,7.82974621179761,0.228882787633304,0.633568051022754,0.954568109777918,0.198206731062437
"2626","DENND4C","DENND4C",0.0392649606709836,6.00857939148351,0.229172248214816,0.633353738136857,0.954568109777918,0.19835366184448
"4083","GOLM1","GOLM1",0.0825690958810966,2.69566437559268,0.229391499712784,0.633191518039468,0.954568109777918,0.198464911392321
"3192","EPB41L2","EPB41L2",0.0648517535680418,3.13821422254452,0.238612288664233,0.633162944305864,0.954568109777918,0.198484510035833
"6946","NAA15","NAA15",0.0344691818201501,7.22988181028468,0.229517639237834,0.633098233012703,0.954568109777918,0.198528898599684
"12772","ZNF622","ZNF622",0.0397338981527227,5.99750960886024,0.229531014527028,0.633088343323663,0.954568109777918,0.198535682808992
"2831","DOK4","DOK4",0.124737254107878,1.88454888713133,0.263660674145214,0.632987607645565,0.954568109777918,0.19860479232677
"4521","HLA-E","HLA-E",0.0255220180281584,11.4934392531333,0.22984924539273,0.632853148014791,0.954568109777918,0.198697055236844
"12546","ZNF252P-AS1","C8orf77",0.160306187763303,1.54480001811213,0.406148657603972,0.632606343022873,0.954568109777918,0.198866457810714
"9721","SGSM1","SGSM1",0.0933060364817376,2.41826325473617,0.421258685953927,0.632131357600675,0.954568109777918,0.199192665462216
"381","ALKBH7","ALKBH7",0.0359084056735392,5.43503823430791,0.230898142521817,0.632079355516834,0.954568109777918,0.199228394028409
"3553","FBXO22","FBXO22",0.0574831121431664,3.76665169442412,0.2309686800929,0.632027396344794,0.954568109777918,0.199264096047531
"4450","HERC1","HERC1",0.0433275310189152,7.64128166401666,0.231000849980983,0.63200370270747,0.954568109777918,0.199280377317755
"12442","ZHX2","ZHX2",0.0470360703085022,5.20613547963525,0.231884421210546,0.631353732190299,0.954387318539355,0.199727247896286
"7155","NET1","NET1",0.0647905658580804,4.55766174455102,0.232086741077877,0.631205117192474,0.954387318539355,0.199829488950338
"10279","SNORD89","SNORD89",0.111689737655839,2.08014262496253,0.585336778154013,0.630876515524023,0.954387318539355,0.200055638972457
"8245","POMGNT2","C3orf39",0.0765331231150357,3.18571774916388,0.233173957759424,0.630407863380292,0.954055293415642,0.200378378320895
"5406","LILRB2","LILRB2",0.152992326421867,1.56434060760807,0.24405729860106,0.630326079377302,0.954055293415642,0.20043472381942
"11326","TNFRSF10D","TNFRSF10D",0.0760092468406724,3.26871472387968,0.233513768928905,0.630159151511493,0.954009506031228,0.200549752301538
"2460","CYP2B7P","CYP2B7P1",0.166497851197604,1.48967126400219,0.790907438587698,0.62994590373799,0.95391616306663,0.200696743747701
"8703","RAB19","RAB19",0.166556153749628,1.50792720454167,0.553495277268913,0.629878657657101,0.95391616306663,0.200743106714074
"8768","RAD1","RAD1",0.04046706592736,4.65963677768358,0.234061577898905,0.629758673927427,0.953865648203212,0.200825842070619
"11905","UQCRC2","UQCRC2",0.0206853520786834,7.40144827318615,0.234306879757397,0.629579532946567,0.953761127237821,0.200949398934963
"11299","TMOD4","TMOD4",0.174512406820744,1.45587912566248,0.451260103578894,0.629384624680305,0.953761127237821,0.201083870730174
"716","ARRB1","ARRB1",0.0554212953371022,4.04421555770933,0.234675406862074,0.62931061986552,0.953761127237821,0.201134939299586
"9129","RNF166","RNF166",0.0475150154048051,6.66684928553737,0.234714628493717,0.629282015340924,0.953761127237821,0.201154680058977
"8870","RBM10","RBM10",0.0344271364286932,5.54508175042727,0.234791002486186,0.629226323901749,0.953761127237821,0.201193116808238
"6396","MED30","MED30",0.0396689536218419,5.7353179290486,0.234979975795754,0.629088573881825,0.953761127237821,0.201288202821889
"4782","IL11RA","IL11RA",0.0430920649987927,5.2759703792031,0.235015627853692,0.629062593389066,0.953761127237821,0.20130613895697
"9629","SEPHS1","SEPHS1",0.0407375320397326,4.4440995718701,0.295874784786315,0.628987280748453,0.953761127237821,0.20135813667971
"8370","PPRC1","PPRC1",0.0476798409830673,5.09156037408815,0.235180415069096,0.628942540736557,0.953761127237821,0.201389029246153
"4919","IRF1-AS1","C5orf56",0.0422332310964092,5.1097147568342,0.235391319655934,0.628788966031776,0.953761127237821,0.201495087887157
"7304","NOP9","C14orf21",0.100118684030867,2.27024646636994,0.41190072571332,0.628784470928158,0.953761127237821,0.201498192594427
"6476","MGC16142","MGC16142",0.152662455744797,1.60510131439926,0.627821849666613,0.628503416687061,0.953761127237821,0.201692357048344
"3619","FFAR4","O3FAR1",0.174192250756645,1.42598927675226,0.855970140780949,0.628084937355099,0.953761127237821,0.201981621660412
"6300","MBIP","MBIP",0.0475166779420567,5.34280058876204,0.236548516784224,0.627947839899726,0.953761127237821,0.202076429168092
"10246","SNORD38A","SNORD38A",0.113845176921915,2.00606360726156,0.642671399036948,0.627864863986172,0.953761127237821,0.202133819862306
"2452","CYFIP1","CYFIP1",0.0762543331177421,3.41351901263052,0.236784500394859,0.627776624601001,0.953761127237821,0.2021948593843
"424","ANAPC7","ANAPC7",0.0462582864949498,5.26179421667362,0.237125563512076,0.627529356708213,0.953761127237821,0.202365952463402
"11600","TSNAX","TSNAX",0.0306959051860914,6.37768783237657,0.237530922570973,0.627235761228946,0.953607117124472,0.202569188745733
"1006","BCL7B","BCL7B",0.0526139050860496,6.32960754815049,0.237687831129212,0.627122198084236,0.953607117124472,0.202647826341746
"5025","JUND","JUND",0.0709883499512305,5.70414328725595,0.23792411945506,0.62695127119442,0.953607117124472,0.202766212715964
"122","ACOT1","ACOT1",0.167763547409752,1.49367835239302,0.297957473568706,0.626892087479613,0.953607117124472,0.202807211714125
"11025","THUMPD2","THUMPD2",0.0573742211453287,4.44911788660702,0.238279000233184,0.626694754207591,0.953607117124472,0.202943940577245
"3243","ERH","ERH",0.026922354539197,7.26038413534012,0.238692174973877,0.626396399185594,0.953607117124472,0.203150747467229
"1237","C18orf25","C18orf25",0.0388045803212053,6.23497004354314,0.239258260151548,0.625988146744575,0.953498206847172,0.203433890195578
"6764","MS4A7","MS4A7",0.132880631641372,1.7941650714498,0.301568045091567,0.625934450193721,0.953498206847172,0.203471145079873
"11569","TRPM6","TRPM6",0.153700266774799,1.58025217580684,0.856362078936098,0.625811648566084,0.95345326093339,0.203556357359704
"1436","CARD8-AS1","LOC100505812",0.0611969091087237,4.4789111699911,0.239645673212845,0.625709095472017,0.953408984679173,0.203627531957755
"1005","BCL7A","BCL7A",0.0764598201518948,2.94196334304883,0.270007464370903,0.625439177011794,0.953239196614758,0.203814918380669
"9722","SGSM2","SGSM2",0.0439786506399319,4.39835394007986,0.240135104252086,0.625356961423163,0.953239196614758,0.203872011260033
"4809","IL26","IL26",0.149390039771071,1.59012766524942,0.29703495928016,0.625085748276583,0.953239196614758,0.204060402737567
"8773","RAD23B","RAD23B",0.0484091496519291,4.95906620688323,0.240696659888469,0.624953484170475,0.953239196614758,0.204152306367725
"9135","RNF181","RNF181",0.0312036110870917,5.85139634953171,0.240722096137708,0.624935222099462,0.953239196614758,0.204164997284332
"4283","GUSBP4","GUSBP4",0.0935810422050349,2.43808932649369,0.531961045434928,0.624839190273738,0.953239196614758,0.20423173907656
"5863","LOC400604","LOC400604",0.157100085516743,1.60115485548997,0.534491080805066,0.624755305693477,0.953239196614758,0.204290046968434
"4644","HSPA4","HSPA4",0.0347032978080732,6.42656489086056,0.241131527859249,0.624641433596392,0.953239196614758,0.20436921161164
"2153","COG1","COG1",0.0359505509069229,5.6244804064015,0.241189594789888,0.624599792672871,0.953239196614758,0.20439816426375
"9788","SIN3A","SIN3A",0.0298322720005757,6.5361867920651,0.241305302649276,0.624516834899005,0.953239196614758,0.204455849995696
"1512","CCDC120","CCDC120",0.0800134831944775,2.6691176045834,0.380482122397146,0.624380866569402,0.953239196614758,0.204550413858572
"1908","CFD","CFD",0.113493173203139,2.18158005568146,0.241588096041076,0.624314187708943,0.953239196614758,0.204596795496884
"10328","SNX29P2","SNX29P2",0.162576347837065,1.54227900812035,0.578448164083698,0.624292385067767,0.953239196614758,0.204611962430906
"4607","HS1BP3","HS1BP3",0.0597786484573073,3.93311679613965,0.241627198055423,0.624286179168357,0.953239196614758,0.204616279640805
"12177","WFS1","WFS1",0.10717233375716,2.17159159256648,0.269023079661786,0.62419759341136,0.953239196614758,0.204677910086228
"1987","CHST7","CHST7",0.0609261635795092,4.13051227151201,0.241812185007786,0.624153712310808,0.953239196614758,0.204708442068291
"10995","THAP4","THAP4",0.0407885142426507,5.11534612946345,0.241877238575286,0.624107143239472,0.953239196614758,0.204740846658451
"8065","PLCH2","PLCH2",0.0687495288024984,3.48848795156912,0.241889969844724,0.624098030378802,0.953239196614758,0.204747188027942
"12774","ZNF624","ZNF624",0.064702997622761,3.69084105937143,0.24191811266208,0.624077887211029,0.953239196614758,0.204761205389581
"7871","PGBD1","PGBD1",0.0973366498141989,2.29503483104384,0.265899809368371,0.623920792560761,0.953239196614758,0.204870540986186
"6058","LRRC8C","LRRC8C",0.0430193129175508,7.81346275369981,0.242170829358682,0.623897070998651,0.953239196614758,0.204887053241426
"6494","MICA","MICA",0.0609364981254118,3.71483220852596,0.242628248163493,0.623570090843867,0.953239196614758,0.205114723651534
"7789","PDLIM2","PDLIM2",0.0484189162373332,5.93163011331159,0.243172489294896,0.623181546257083,0.953239196614758,0.205385415536678
"9674","SETD2","SETD2",0.0393452879055798,7.39119788354188,0.243350945327729,0.62305426082178,0.953239196614758,0.20547412966615
"10250","SNORD45B","SNORD45B",0.0955816365834417,2.33448014636839,0.34095191915014,0.622854026806104,0.953239196614758,0.205613723454408
"31","ABCB7","ABCB7",0.0317009963158555,5.12637191961467,0.243859812586529,0.622691625406496,0.953239196614758,0.205726975075459
"2484","D2HGDH","D2HGDH",0.0564348593628128,3.76667845627843,0.244340375305606,0.622349593303777,0.953239196614758,0.205965589920252
"3708","FLVCR2","FLVCR2",0.104329702740574,2.21727583750938,0.345195536406477,0.621995961639476,0.953239196614758,0.20621243499308
"6528","MIPEP","MIPEP",0.0550090784015008,3.90994791246865,0.244993074041692,0.621885717183346,0.953239196614758,0.206289417490528
"10188","SNORA40","SNORA40",0.134704727159122,1.75771119009332,0.512025571819047,0.62181138027193,0.953239196614758,0.206341333846262
"10957","TEX30","TEX30",0.065586855222025,3.75443361786742,0.245202903017768,0.6217367544215,0.953239196614758,0.206393458238047
"9758","SHISA9","SHISA9",0.123490414806558,1.9136598716979,0.69598673983903,0.621462498100175,0.953239196614758,0.206585073554206
"5671","LOC100506033","LOC100506033",0.104688288855696,2.21509198920339,0.375716449307458,0.621443660216056,0.953239196614758,0.206598238166948
"2407","CUL9","CUL9",0.0408043481870803,5.26076239466138,0.245659458092564,0.621412909200175,0.953239196614758,0.20661972897585
"7279","NODAL","NODAL",0.177892283299059,1.4458822881946,0.481360646240385,0.621139171111432,0.953239196614758,0.206811081829762
"7815","PEF1","PEF1",0.038806041696067,6.20333319736539,0.246150015493975,0.621065363556528,0.953239196614758,0.206862690422326
"12856","ZNF771","ZNF771",0.175745120356668,1.47445140865855,0.465119877108096,0.620933186260811,0.953239196614758,0.20695512832475
"8911","RBMX2","RBMX2",0.0386727062123723,4.45193277268789,0.24676666530463,0.620629097847311,0.953239196614758,0.207167866621209
"3924","GDPD1","GDPD1",0.0732084093878507,3.04595613866108,0.332123427064257,0.620452102633695,0.953239196614758,0.207291739330083
"6278","MARVELD3","MARVELD3",0.144460440653659,1.71548532797363,0.855400281261994,0.62044878742134,0.953239196614758,0.207294059867434
"4635","HSP90AB2P","HSP90AB2P",0.0924522328575531,2.41802813409547,0.353925844769381,0.620397552465393,0.953239196614758,0.207329924193169
"8565","PSMG4","PSMG4",0.0433126389809122,4.69145149709041,0.339707397137016,0.620316232511397,0.953239196614758,0.207386854014966
"7440","NUMA1","NUMA1",0.0338372383124753,6.60693203954116,0.24721922096386,0.620309357962046,0.953239196614758,0.207391667036513
"5801","LOC283922","LOC283922",0.0812109818203642,2.75241787927579,0.505070365086894,0.620176670407697,0.953239196614758,0.2074845749316
"11944","USP32P1","USP32P1",0.151123675067032,2.17909262694808,0.247525001077337,0.620093524949106,0.953239196614758,0.20754280355638
"8138","PMEPA1","PMEPA1",0.158739236678293,1.57255583755593,0.369796203391108,0.619656020600576,0.953239196614758,0.207849326326152
"408","AMPD2","AMPD2",0.0394431250171915,5.36190298015039,0.248218242016739,0.619604821404362,0.953239196614758,0.207885211472608
"11722","TXLNGY","TXLNG2P",0.210019775204966,5.05399158907364,0.248710377646453,0.619258405672667,0.953239196614758,0.208128089687656
"11896","UPP1","UPP1",0.0364384557373242,6.26874477484905,0.248759544734422,0.619223820374048,0.953239196614758,0.208152345513107
"2450","CYCS","CYCS",0.0473724154019035,7.71590061839921,0.248915157298188,0.619114386969545,0.953239196614758,0.208229103742083
"5635","LOC100306951","LOC100306951",0.0691836934420513,3.0566769983031,0.489454888261684,0.619108706247457,0.953239196614758,0.208233088656062
"270","AGGF1","AGGF1",0.0268040541147843,6.01026668471673,0.24907187807469,0.619004217467842,0.953239196614758,0.208306391986713
"4570","HNRNPL","HNRNPL",0.0446241883770094,6.46629846606204,0.249267505078121,0.618866759018415,0.953239196614758,0.208402843793818
"9653","SERPINB1","SERPINB1",0.0260763697859598,6.91762546046713,0.249369415644616,0.618795177707168,0.953239196614758,0.208453079431829
"11698","TUBGCP4","TUBGCP4",0.0470501969653586,4.43019197886072,0.249447197582245,0.618740556502778,0.953239196614758,0.208491416405899
"1404","CAMSAP1","CAMSAP1",0.0631087600595883,3.40212501202151,0.250008508655939,0.618346699857959,0.953239196614758,0.208767952717151
"3060","EIF2B4","EIF2B4",0.0411335569634643,5.00208449062994,0.250333818741732,0.618118692004026,0.953239196614758,0.208928123077871
"9524","SCGB3A1","SCGB3A1",0.243020053213905,1.96373450256462,0.250610456535438,0.617924944207221,0.953239196614758,0.209064272963291
"2995","EEF1A1","EEF1A1",0.0250155100614737,14.2424426685138,0.250768002260072,0.617814664350823,0.953239196614758,0.20914178756733
"2519","DCAF17","DCAF17",0.0406956915423026,5.07510962581258,0.250937683402777,0.617695938404952,0.953239196614758,0.209225254310868
"1217","C15orf61","C15orf61",0.0362629992475298,4.97953519438984,0.25144675439642,0.617340042855872,0.953239196614758,0.209475552245054
"12357","ZCCHC24","ZCCHC24",0.172906147901751,1.45641620653261,0.377367645197666,0.617234875732175,0.953239196614758,0.209549542897094
"11249","TMEM272","LINC00282",0.115333259951698,2.06169569026206,0.360852204627701,0.617171027787473,0.953239196614758,0.209594469464621
"557","APOBEC2","APOBEC2",0.0827382483806504,2.72302576709306,0.391100294740958,0.617148492055959,0.953239196614758,0.209610327828174
"11039","TIGD6","TIGD6",0.0911148606977974,2.46555027770795,0.342141265891798,0.617026503023975,0.953239196614758,0.209696181396472
"3233","ERCC6","ERCC6",0.0476777517623177,4.14601530981422,0.252094859658098,0.616887600278085,0.953239196614758,0.209793959185306
"10280","SNORD94","SNORD94",0.167386629520402,1.50014665696484,0.684447917840161,0.616759996304944,0.953239196614758,0.20988380283556
"7911","PHF21A","PHF21A",0.0355347430611924,5.57277910700272,0.253927904849625,0.61561188790442,0.952681978025055,0.210693002223532
"1994","CIAO1","CIAO1",0.0226074971512937,6.51658500024101,0.254142295121061,0.615463060545135,0.952579994556444,0.210798007855058
"8863","RBCK1","RBCK1",0.0431577399037523,6.2400033357407,0.254306462606652,0.615349150597371,0.952579994556444,0.210878394548399
"828","ATP1B4","ATP1B4",0.135060351143183,1.81881942759863,0.834558834824657,0.614591195149054,0.952010934288797,0.211413665891503
"10709","SUZ12","SUZ12",0.0491181207833444,5.33207523085507,0.255643333350706,0.614423259589874,0.951978137663852,0.211532352025487
"3071","EIF3G","EIF3G",0.0289422838066418,7.20896859327423,0.2556831580303,0.614395724525729,0.951978137663852,0.211551815146701
"873","ATP6V1G2","ATP6V1G2",0.145891161691298,1.69931963192835,0.356305247488942,0.614214858142153,0.951978137663852,0.211679681981033
"7165","NF2","NF2",0.0310194872527123,5.98198085287404,0.255963042823977,0.614202286263009,0.951978137663852,0.211688571302978
"3059","EIF2B3","EIF2B3",0.047656060161148,4.52896378008553,0.256229081366676,0.614018540944806,0.951978137663852,0.211818514675698
"7048","NCOA3","NCOA3",0.031008832939915,7.66439449248172,0.256885568814857,0.613565636636005,0.951672286475238,0.212138971479654
"2911","DUSP18","DUSP18",0.0587533531340819,4.34712227975378,0.257060219946561,0.61344526924016,0.951599363607867,0.21222417837673
"3953","GGPS1","GGPS1",0.0360549262098146,5.93122136041126,0.257825869769277,0.612918199737351,0.951346894812874,0.212597482697241
"5300","KYAT1","CCBL1",0.0799826630127463,3.35806469425397,0.258074495392872,0.61274725920636,0.951346894812874,0.212718622653144
"11894","UPK3B","UPK3B",0.103344077438007,2.322717766905,0.497873589030815,0.612645997153706,0.951346894812874,0.212790399693806
"1","A1BG","A1BG",0.0562851841566897,3.66774738762415,0.258236040568016,0.612636245742707,0.951346894812874,0.212797312360682
"10032","SLC7A5P1","SLC7A5P1",0.131198914498484,1.87842627443397,0.537209452751897,0.612518943275914,0.951346894812874,0.21288047539938
"8913","RBPJ","RBPJ",0.0430375869012554,7.00686618401434,0.258832963193771,0.612226421197121,0.951346894812874,0.213087931954442
"6357","MDGA1","MDGA1",0.167338296562057,2.43578797149144,0.258922226061409,0.612165187912629,0.951346894812874,0.213131371124374
"2373","CTNNA1","CTNNA1",0.0646842846511806,4.2092344248379,0.258997865366316,0.612113310651185,0.951346894812874,0.213168176489201
"1958","CHMP2A","CHMP2A",0.0351215928641374,6.29261217158136,0.259194270183551,0.611978650891154,0.951346894812874,0.213263728118963
"1027","BEND5","BEND5",0.149730508863424,1.70506774950067,0.319374842172952,0.611877946675683,0.951346894812874,0.213335199376737
"4408","HDAC2","HDAC2",0.0477230471366035,6.36175194700772,0.259415842878394,0.611826812676088,0.951346894812874,0.213371494428636
"11670","TTLL11","TTLL11",0.161550416440502,1.60688991924941,0.435180108368883,0.611824906080726,0.951346894812874,0.213372847793866
"10408","SPDYE1","SPDYE1",0.108660576614731,2.20308232770583,0.564129649646435,0.611778960282434,0.951346894812874,0.213405462935454
"4981","ITPR2","ITPR2",0.0431584202315508,6.24950716371035,0.259640120173672,0.611673204357533,0.951346894812874,0.213480544276686
"7653","PARD6B","PARD6B",0.0566977574240262,4.44092819235814,0.259803064641609,0.611561655608826,0.951346894812874,0.21355975229756
"1211","C14orf178","C14orf178",0.140237216431944,1.76758965164702,0.563505200192321,0.611464151477996,0.951346894812874,0.213628999415367
"5524","LOC100129250","LOC100129250",0.0425893814085725,4.57955902454336,0.304866766303933,0.611443742431477,0.951346894812874,0.213643495251609
"2048","CLEC2D","CLEC2D",0.0400519713190461,8.9062236324837,0.260106910014585,0.611353766584566,0.951346894812874,0.213707407736875
"5625","LOC100289019","LOC100289019",0.0765772773666415,2.9665356659829,0.512731566388911,0.611106675054975,0.951346894812874,0.21388297250058
"7786","PDK2","PDK2",0.0454718778136712,5.34471041202754,0.260505806641564,0.611081076687255,0.951346894812874,0.213901164844322
"3788","FTX","FTX",0.060454701684813,3.59582139728732,0.306106115957751,0.611051149543566,0.951346894812874,0.213922434545074
"6636","MPEG1","MPEG1",0.145500551486407,2.08252616528229,0.261384176190837,0.610481542240351,0.951346894812874,0.214327462307706
"10806","TAPT1","TAPT1",0.0517694336627814,4.51866656588416,0.261613116474496,0.61032548733682,0.951346894812874,0.214438493424344
"12038","VPS11","VPS11",0.0345345590220585,5.62336163463123,0.261614616894531,0.610324464874873,0.951346894812874,0.214439220986871
"6530","MIR1204","MIR1204",0.131524070154958,1.85824367783816,0.932840741710821,0.609900728889389,0.951346894812874,0.21474084761877
"7323","NPIPA1","NPIP",0.0644622903214654,3.40559660182023,0.433874404622083,0.609738995595914,0.951346894812874,0.214856028972571
"9088","RMND1","RMND1",0.0614227735588159,3.72201844583073,0.262494822451085,0.60972528609259,0.951346894812874,0.214865793853319
"5304","L2HGDH","L2HGDH",0.072004589973443,3.13977373746598,0.53822957882991,0.609558190049858,0.951346894812874,0.214984829157546
"1188","C11orf71","C11orf71",0.0556730833465371,3.77510911648239,0.276438528336078,0.609374851248969,0.951346894812874,0.215115472970532
"6158","MAGEA10","MAGEA10",0.180959341498253,1.43144803641479,1.00572246530049,0.609304937100281,0.951346894812874,0.215165302842671
"3727","FNDC9","FNDC9",0.104188780908421,2.29200905877876,0.361227817006563,0.609047919510508,0.951346894812874,0.215348536003804
"3770","FRRS1","FRRS1",0.121702723131711,1.97491186330193,0.772206833321161,0.609030375738735,0.951346894812874,0.215361046140965
"176","ADAM17","ADAM17",0.0353673997709647,6.0992792303107,0.263844628313566,0.608808901637596,0.951346408208206,0.215519006198349
"969","BBOF1","C14orf45",0.0978816540341787,2.41021918732356,0.30976000235225,0.60875547080861,0.951346408208206,0.215557122810057
"4523","HLA-F-AS1","HLA-F-AS1",0.0686390520441627,3.19274489013526,0.336819728071941,0.608717438776981,0.951346408208206,0.215584256229368
"7430","NUDT22","NUDT22",0.0511683981604195,4.73767473727291,0.264231998867368,0.608546463540333,0.951346408208206,0.21570625705789
"5496","LMO7","LMO7",0.0483121541523564,4.47852852001386,0.264248069218853,0.608535581367821,0.951346408208206,0.215714023284486
"2503","DAZAP2","DAZAP2",0.0284752903943349,10.1302054195104,0.264349524383548,0.608466889829941,0.951346408208206,0.215763049242267
"10018","SLC5A2","SLC5A2",0.130758822385336,1.8928455006341,0.461238983047359,0.608208476744833,0.951346408208206,0.215947531285193
"12407","ZFP3","ZFP3",0.0767129749675993,3.35335114313577,0.264741375779695,0.608201738421116,0.951346408208206,0.215952342847561
"411","AMT","AMT",0.0775887671747032,2.91616910035405,0.330379843487024,0.607902558865186,0.951346408208206,0.216166028520985
"615","ARHGAP18","ARHGAP18",0.0552761067987229,4.3227448574886,0.265228484970498,0.607872475976597,0.951346408208206,0.216187520708507
"11892","UPF3B","UPF3B",0.0519752317211743,4.96469153089964,0.265345739065621,0.607793275065635,0.951346408208206,0.216244109484841
"10354","SORD","SORD",0.0729782944475402,3.30289606738815,0.319246390788857,0.607654507950622,0.951346408208206,0.216343275888241
"12622","ZNF397","ZNF397",0.0750988363453787,3.88745792445906,0.266451829805943,0.607047240174954,0.951346408208206,0.216777510985687
"3043","EID2","EID2",0.0750244060763784,3.23633718546858,0.266555506739466,0.606977413018057,0.951346408208206,0.216827469689377
"2586","DDX3X","DDX3X",0.0516570191125142,8.84183376944709,0.266723067313249,0.606864596189977,0.951346408208206,0.216908198030743
"8128","PLXNA3","PLXNA3",0.0924817520046286,2.59975528190241,0.356087090796614,0.606608015960866,0.951346408208206,0.217091855046507
"4780","IL10RA","IL10RA",0.0338665338262041,8.99062844660709,0.267146919562572,0.60657942140044,0.951346408208206,0.217112327496889
"9967","SLC36A2","SLC36A2",0.118347256717664,2.05777470769927,0.683205201984742,0.606353553059281,0.951346408208206,0.21727407324443
"11928","USP14","USP14",0.0328884912113702,6.55121189367504,0.267610395993883,0.606267915321396,0.951346408208206,0.217335414723264
"7619","PAGR1","C16orf53",0.0377397326717466,5.44091191327935,0.267685429601518,0.606217516877612,0.951346408208206,0.217371518688662
"1766","CDK19","CDK19",0.0670898256163659,3.80058681274991,0.268346216123729,0.605774067839496,0.951346408208206,0.217689322015485
"10530","SSR3","SSR3",0.034374598972989,7.20790853422125,0.268437396174623,0.605712932049616,0.951346408208206,0.21773315399423
"3479","FAM86C1","FAM86C1",0.105830726084937,2.28687592763837,0.276607426650173,0.605687728350996,0.951346408208206,0.217751225351781
"930","B3GNT8","B3GNT8",0.187119864813618,1.4170292617058,0.504488162690131,0.605595444554693,0.951346408208206,0.217817400370931
"11404","TP53I11","TP53I11",0.0937191925456261,3.16383031563526,0.268940796437657,0.605375641872917,0.951346408208206,0.217975057467654
"11630","TTC1","TTC1",0.0394323136735712,5.80490670439771,0.269031060062376,0.605315205525818,0.951346408208206,0.218018416467401
"4287","GYG1","GYG1",0.0436611939460061,5.62858063153651,0.269076988348778,0.605284459017695,0.951346408208206,0.218040476673115
"5532","LOC100129917","LOC100129917",0.0759879721969057,3.09101771546909,0.269399487535,0.605068657129701,0.951346408208206,0.218195343164361
"8059","PLCD1","PLCD1",0.0374317172466474,5.52840045164882,0.269848668318193,0.604768359194403,0.951123258395913,0.218410938715077
"1290","C2CD2L","C2CD2L",0.0934249732014356,2.58437468877596,0.454418951419359,0.604565165464521,0.95111574626958,0.218556880119456
"11580","TSC2","TSC2",0.0423165732686625,5.2326562129938,0.270584394620242,0.604277178627018,0.95080587525047,0.218763807180483
"1249","C1D","C1D",0.0604584502149097,5.90374206860204,0.27070253797716,0.604198383787657,0.95080587525047,0.218820440785745
"1076","BMP7","BMP7",0.150676846343106,1.70538299765004,0.748807906109671,0.603851138222684,0.95080587525047,0.219070110744036
"4684","ICAM3","ICAM3",0.0250368476243368,8.09670082529472,0.271531707041563,0.603645990635669,0.95080587525047,0.219217679568416
"11366","TOE1","TOE1",0.0415023340070906,5.166718991218,0.271729064007446,0.603514669565454,0.95080587525047,0.219312169089582
"3232","ERCC5","ERCC5",0.0589241654732716,3.51369891550671,0.421338648535732,0.603289362514845,0.950622239755263,0.219474332303077
"2022","CKAP4","CKAP4",0.0659963206240969,4.9119304365157,0.272200912075634,0.603200948573072,0.950622239755263,0.219537984181175
"7055","NCR3","NCR3",0.071582643710179,3.53679858518736,0.272205030290858,0.603198211991842,0.950622239755263,0.21953995447785
"10436","SPNS1","SPNS1",0.0383606797124589,5.58263152390689,0.272616712004913,0.602924779823862,0.950509559928906,0.219736866541659
"3970","GIMAP6","GIMAP6",0.0653589764883039,7.08067671829862,0.272684777831599,0.60287959699047,0.950509559928906,0.219769413537848
"3398","FAM13A-AS1","FAM13A-AS1",0.0704599079766232,3.62436190582395,0.272918351523653,0.602724602891277,0.950475260165702,0.21988108050514
"7466","NUS1","NUS1",0.0475466815689344,5.55112870144474,0.273254520608067,0.602501677259581,0.950304469190096,0.220041739751324
"7899","PHETA2","FAM109B",0.130227554854553,1.96479144908393,0.375716727279888,0.60242931095125,0.950304469190096,0.220093905873249
"771","ATAD3B","ATAD3B",0.058822848037226,3.59038129317685,0.341269940448592,0.602391357550212,0.950304469190096,0.220121267543042
"3130","ELP5","C17orf81",0.0430587813521165,5.0475350841212,0.273632229735402,0.602251413525,0.950304469190096,0.220222172009756
"5226","KLHL17","KLHL17",0.115466846174363,2.11544473026956,0.460845814537095,0.602246540480207,0.950304469190096,0.220225686065478
"12032","VKORC1L1","VKORC1L1",0.135673269581434,1.84293345683631,0.457836750993786,0.602236827682968,0.950304469190096,0.220232690253924
"2823","DOCK3","DOCK3",0.101721666529493,2.36852000653779,0.351298940450257,0.602206709956317,0.950304469190096,0.220254409765193
"7535","ORC4","ORC4",0.0420988849087518,6.02502944999855,0.273791367504701,0.602146037491518,0.950304469190096,0.220298167238648
"4614","HSD11B1","HSD11B1",0.135314439907065,1.97364077320891,0.274213321957091,0.601866821566038,0.950304469190096,0.220499596877803
"2623","DENND3","DENND3",0.0727017933225388,3.34441127899504,0.274967667897441,0.601368337990211,0.950304469190096,0.220859441214078
"1821","CELF2","CELF2",0.0257672371747103,8.86742639796195,0.276176072953703,0.600571622179629,0.949337840201818,0.221435192653125
"10878","TCAF1","FAM115A",0.0537225333944547,4.864171285587,0.276197027270736,0.600557826418096,0.949337840201818,0.221445168968524
"8397","PRELID2","PRELID2",0.100368644039877,2.44385179897063,0.413323967682271,0.600516210487924,0.949337840201818,0.221475264646701
"8058","PLCB3","PLCB3",0.13586105641742,1.87548670130445,0.447468888756339,0.600353131401098,0.949337840201818,0.221593219773852
"6893","MYDGF","C19orf10",0.0427577467098743,6.06416775328769,0.276744179887766,0.600197832389673,0.949325344987957,0.221705577359857
"5876","LOC439994","LOC439994",0.109882189839686,2.23581035720914,0.568823244423923,0.599972857875943,0.949085219512816,0.221868396185243
"5902","LOC641367","LOC641367",0.191598314616201,1.40474807433034,0.470909679689186,0.599820630352087,0.948960126531417,0.221978601107353
"2122","CNOT1","CNOT1",0.0335029996621032,6.79894362855255,0.277460691754749,0.59972709769694,0.948927873938579,0.222046327826583
"678","ARL5A","ARL5A",0.0349186968925969,7.20522568795855,0.277500627154457,0.599700883790865,0.948927873938579,0.222065311133518
"402","AMIGO3","AMIGO3",0.095668085896415,2.52456245055967,0.526703245802505,0.599607789470845,0.948927873938579,0.222132733892085
"7675","PARVA","PARVA",0.130108778034304,2.03931075577244,0.277682456014872,0.599581560425886,0.948927873938579,0.222151731941883
"2700","DIMT1","DIMT1",0.0278685773182839,6.00957223209949,0.278147375108563,0.599276689173034,0.948927873938579,0.222372615279347
"10122","SMPD3","SMPD3",0.106463350144688,2.2878459716886,0.497101639208795,0.59914444092297,0.948927873938579,0.222468465868151
"4130","GPN2","GPN2",0.0458149844095793,4.51650201974716,0.278837922699681,0.59882446338997,0.948927873938579,0.22270046601393
"7627","PAK3","PAK3",0.113199160453527,2.09605169426715,0.495177627830703,0.598712085955315,0.948927873938579,0.222781974841248
"8042","PLA2G4E","PLA2G4E",0.130104306318766,1.96008504719488,0.628461562079778,0.598695042816997,0.948927873938579,0.222794337789069
"7930","PHOSPHO2","PHOSPHO2",0.0958257634063179,2.54248628496501,0.379170933791977,0.598577830004144,0.948927873938579,0.222879372502789
"2683","DHX33","DHX33",0.0681792266461305,3.23036982582818,0.296130243945729,0.598464677741328,0.948927873938579,0.222961477195287
"6105","LXN","LXN",0.0695996276443019,4.04981138355785,0.279398196673504,0.598458078060101,0.948927873938579,0.222966266485364
"10528","SSR1","SSR1",0.0330481234555866,8.3879921963971,0.2796404155331,0.598299827325539,0.948927873938579,0.223081122499048
"5309","LACC1","LACC1",0.0966283851078292,2.63514597638588,0.279683714934442,0.598271547447956,0.948927873938579,0.223101650810261
"6509","MIDEAS","C14orf43",0.0455222097066538,6.51527753444267,0.280383712338194,0.597814751324929,0.948795053699328,0.223433372769511
"3823","G3BP1","G3BP1",0.032859530747861,7.62643157646324,0.280700235605206,0.59760843837686,0.948597360832253,0.223583278805387
"10253","SNORD49A","SNORD49A",0.152973499209884,1.63988832922497,0.856740637047177,0.597521574235005,0.948597360832253,0.22364640937219
"9085","RMDN3","FAM82A2",0.0372433388725048,5.01042681026827,0.280851062399803,0.597510180501388,0.948597360832253,0.223654690718051
"49","ABCG2","ABCG2",0.182764157650912,1.67295350433656,0.281264122775118,0.597241260713814,0.948581155146953,0.223850196457172
"7362","NRROS","LRRC33",0.104700249820864,2.37345223779498,0.398608406973495,0.59714037182665,0.948537044656194,0.22392356578217
"6867","MUC12","MUC12",0.181549154492208,1.47657670335551,0.56434325241257,0.597027545211486,0.948473958367452,0.224005631253573
"1759","CDK11A","CDK11A",0.0826077284778136,2.74462157539684,0.325874559422316,0.596807732653653,0.948243920246389,0.224165558479328
"2709","DIS3L","DIS3L",0.032231639279446,5.67070042548481,0.282710801386424,0.596301405738718,0.948243920246389,0.22453416683429
"8411","PRIMPOL","CCDC111",0.0912744376980884,3.99091488741845,0.283024009974105,0.596098332446625,0.948243920246389,0.224682093084533
"10793","TAMM41","TAMM41",0.046438980075879,4.69040842132202,0.283436519962609,0.595831095926787,0.948198823289771,0.224876835063564
"1607","CCNG1","CCNG1",0.0422734181366179,7.75729313010534,0.283473122838359,0.595807395550064,0.948198823289771,0.2248941103411
"9176","RNU11","RNU11",0.166173392712928,1.60740000435202,0.654173591656707,0.595646383038466,0.948198823289771,0.225011491051937
"7164","NF1","NF1",0.0457341430689175,5.57726101464502,0.284196593760356,0.595339351122829,0.947997717210809,0.225235410223861
"3419","FAM174C","C19orf24",0.0424435071235757,5.46602308898404,0.284392074092509,0.595213018030101,0.947997717210809,0.22532757881162
"1460","CASP9","CASP9",0.0779872856087989,2.76959511913837,0.284421167524727,0.595194220591412,0.947997717210809,0.225341294494174
"131","ACP1","ACP1",0.0249358616060238,7.55080275367119,0.28458548211046,0.595088079183403,0.947997717210809,0.225418749444031
"7324","NPIPB3","NPIPL3",0.130009587410029,1.94862405833725,0.610840740674518,0.594952510538309,0.947997717210809,0.22551769853072
"11296","TMOD1","TMOD1",0.185575668664305,1.49800906254603,0.60148289471254,0.594826974051343,0.947997717210809,0.22560934543584
"3174","ENPP4","ENPP4",0.0643150712088058,4.2925818085465,0.285083668466663,0.594766509279386,0.947997717210809,0.225653494159251
"8198","POLG","POLG",0.0429965339930889,5.52529263325904,0.285252359817299,0.594657704172732,0.947997717210809,0.225732950180105
"7523","OPA3","OPA3",0.0516338750227763,4.35068631672151,0.388928473934196,0.594440299791596,0.947997717210809,0.225891755465803
"1593","CCL5","CCL5",0.0944644285801307,6.57315801731921,0.285683616245198,0.59437973406388,0.947997717210809,0.225936006673914
"1855","CEP152","CEP152",0.0635194874614927,3.75159676870732,0.285716702235114,0.594358419362909,0.947997717210809,0.225951580931355
"9307","RPS28","RPS28",0.0418731647111411,9.64369248568437,0.285875637978493,0.594256051718131,0.947997717210809,0.226026386857826
"5593","LOC100190938","LOC100190938",0.14607284199503,1.7827024367271,0.916412614282645,0.594032293266279,0.947997717210809,0.226189944907481
"3616","FER","FER",0.0716961457104263,3.67126159371627,0.286250090571109,0.594015018406071,0.947997717210809,0.226202574667914
"806","ATL1","ATL1",0.124044681312519,2.10225189563425,0.376747774595791,0.593717408180524,0.947997717210809,0.226420217090609
"6944","N6AMT1","N6AMT1",0.0813239165973802,3.31074257141993,0.286890774636143,0.593603083944026,0.947997717210809,0.226503851434565
"2701","DIP2A","DIP2A",0.0377769072700506,5.95686694697287,0.287095727451432,0.59347143260152,0.947997717210809,0.226600181447589
"10480","SRFBP1","SRFBP1",0.045317531443355,5.00750638273331,0.287179632877262,0.593417553472153,0.947997717210809,0.226639611265988
"11407","TP53INP1","TP53INP1",0.0433242729320669,6.81302495601893,0.28727039628421,0.593359281977794,0.947997717210809,0.226682259534335
"1266","C1orf54","C1orf54",0.0842635332380183,2.77796648571823,0.500157943021662,0.593350499870422,0.947997717210809,0.226688687425685
"8627","PTPRO","PTPRO",0.105373688355983,2.65347817639733,0.287556384263971,0.593175750927981,0.947997717210809,0.22681661127384
"2248","CPEB4","CPEB4",0.0432258338271712,5.23106260699391,0.287900864789405,0.592954838882197,0.947997717210809,0.226978382472396
"12687","ZNF512","ZNF512",0.0751660844645254,5.3100396133643,0.28799584977468,0.592893955918632,0.947997717210809,0.227022976918598
"7455","NUP42","NUPL2",0.0571747980425429,4.22104689276008,0.288567208217302,0.592528002771261,0.947997717210809,0.227291120150503
"98","ACADVL","ACADVL",0.0403651487593152,6.79449681252875,0.288720266492868,0.592430048894141,0.947997717210809,0.227362921558749
"8156","PNMA1","PNMA1",0.0402359571598026,6.13764324687639,0.288742384981695,0.592415896327699,0.947997717210809,0.227373296547221
"1677","CD3EAP","CD3EAP",0.133920600548796,1.96623681257334,0.880950114839637,0.592071910831283,0.947997717210809,0.227625542296387
"3206","EPHX4","EPHX4",0.215429980443899,1.33533743468928,0.335421972427686,0.59190900001756,0.947997717210809,0.227745056500106
"11622","TSSC4","TSSC4",0.0402295363324465,5.4129685385485,0.289552117034483,0.591898268556497,0.947997717210809,0.227752930441154
"11542","TRIT1","TRIT1",0.075111185614947,3.32540170739279,0.289655245033406,0.591832410294375,0.947997717210809,0.227801255419745
"7794","PDPK1","PDPK1",0.0304423111940971,5.85149243073498,0.289682013764188,0.591815318071761,0.947997717210809,0.227813798100793
"6188","MAN2A1","MAN2A1",0.0452579531108947,6.91644995785414,0.289970444011789,0.59163121587749,0.947997717210809,0.227948919655388
"3205","EPHX2","EPHX2",0.0518011992831873,5.82828689979622,0.291272579933276,0.590801545377708,0.947751755680104,0.228558377361217
"11939","USP28","USP28",0.0844275006854998,3.85168944569784,0.291562928253472,0.590616873875614,0.947578653794324,0.228694149435988
"6060","LRRC8D","LRRC8D",0.0464723739926898,6.5467129941083,0.291578972525727,0.590606672636952,0.947578653794324,0.228701650711547
"8942","RDH5","RDH5",0.205572689149478,1.39377093327558,0.647687799405187,0.590606435128672,0.947578653794324,0.228701825360025
"1047","BICRA","GLTSCR1",0.107539774759726,2.32266891275235,0.521302287807987,0.590572599041151,0.947578653794324,0.228726706983688
"9197","RPAP1","RPAP1",0.0611861579819719,4.4718588525921,0.291665900416038,0.590551408624515,0.947578653794324,0.228742290243287
"4267","GTPBP3","GTPBP3",0.0572073219634644,4.12385249241608,0.439926590110358,0.590534339051327,0.947578653794324,0.228754843474852
"9064","RINT1","RINT1",0.0455512329751284,4.71042233789261,0.292146869657617,0.590245827076828,0.947578653794324,0.228967074615882
"6754","MRPS9","MRPS9",0.0408160840778962,5.0929122173568,0.292255946073648,0.590176571189917,0.947578653794324,0.229018035101897
"5963","LOC729987","LOC729987",0.188346297600835,1.46824972212759,0.734287020553945,0.589974717211013,0.947578653794324,0.22916659922398
"3705","FLT4","FLT4",0.132585821395506,1.97965618937712,0.292614792752637,0.589948846682368,0.947578653794324,0.22918564355563
"10678","SULT1B1","SULT1B1",0.0816509612785761,4.12414841607788,0.293238991180963,0.589553160138936,0.947578653794324,0.229477028373678
"1054","BIN3-IT1","FLJ14107",0.0942316451492042,2.53205546746956,0.426677298169489,0.58948621014923,0.947578653794324,0.229526349900773
"4555","HNF1A-AS1","HNF1A-AS1",0.164463052661317,1.64434360152955,0.920983605847998,0.589446199825543,0.947578653794324,0.229555827863472
"11188","TMEM170B","TMEM170B",0.144999664200184,1.78999899221066,0.405825244034519,0.589415960787101,0.947578653794324,0.229578108072262
"2054","CLIC1","CLIC1",0.0432518809993019,7.89326799082659,0.293739687621745,0.589236157112125,0.947578653794324,0.229710611536665
"12950","ZSCAN30","ZSCAN30",0.074102186040827,3.32371986283461,0.356970711272827,0.589203700453707,0.947578653794324,0.22973453426393
"4384","HBB","HBB",0.254632325642266,2.94498803356269,0.294143620010075,0.588980672857018,0.947578653794324,0.229898956162413
"1330","C6orf136","C6orf136",0.0623264599536907,3.5766121235515,0.350562275473464,0.588741819003819,0.947578653794324,0.230075114659112
"2705","DIPK2A","C3orf58",0.0468065609078149,4.69560768689455,0.295060223332928,0.588401770588975,0.947578653794324,0.230326029085459
"3473","FAM71E1","FAM71E1",0.185074670694681,1.45505082929657,0.638925762130813,0.58820992821829,0.947578653794324,0.230467649441275
"11441","TPT1-AS1","TPT1-AS1",0.075774712450515,3.20420498994415,0.331852790365788,0.588209773196727,0.947578653794324,0.230467763898742
"11204","TMEM189","TMEM189",0.05007359918908,4.21862912922145,0.295957348253287,0.587836298995063,0.947578653794324,0.230743599674574
"9619","SEMA4F","SEMA4F",0.0651859658465717,3.73586160611721,0.296079756312753,0.587759229614165,0.947578653794324,0.230800542400335
"5859","LOC399744","LOC399744",0.116147434759754,2.15316450343908,0.717174599101072,0.587692280101945,0.947578653794324,0.230850014119949
"4674","IAH1","IAH1",0.0301617585038417,5.90696328409798,0.296505505092256,0.587491334779745,0.947578653794324,0.230998534647875
"5055","KBTBD8","KBTBD8",0.0710325644134325,4.75323305458911,0.297078668670279,0.587131076088436,0.947436488526151,0.231264932368797
"5291","KRT8","KRT8",0.0969291868144521,2.56834949267441,0.390955102471501,0.586998444490695,0.947436488526151,0.231363049604179
"467","ANKRD36BP1","ANKRD36BP1",0.0587173946315491,4.14000101034964,0.297345243239463,0.586963676011417,0.947436488526151,0.231388774043555
"10623","STON1","STON1",0.130174886883748,2.0354034513415,0.407163366003836,0.586818843099017,0.947436488526151,0.231495949152995
"7286","NOL6","NOL6",0.0440829347721765,5.09216831096602,0.297972886733355,0.586569921328722,0.947436488526151,0.231680210935899
"3294","EVA1B","FAM176B",0.186892190743026,1.48616293587978,0.543862502160263,0.586522488578514,0.947436488526151,0.231715331411514
"364","ALG12","ALG12",0.0384595126854473,5.20331582256544,0.298072050839839,0.586507759665083,0.947436488526151,0.231726237670474
"6540","MIR3916","MIR3916",0.178490413115637,1.55097510081091,0.947016276746019,0.586366194732236,0.947436488526151,0.231831075652824
"528","AP3S1","AP3S1",0.0381210827052788,6.99759044403064,0.29888798712055,0.585996794607722,0.947434741123669,0.232104759558677
"3248","ERLEC1","ERLEC1",0.0434187232825504,6.45017551694862,0.299811263038891,0.585419703470483,0.946845756529432,0.232532664607215
"10945","TESK2","TESK2",0.0704600715722191,3.39340868096852,0.446840693632933,0.585112021385448,0.946702201725295,0.232760979025272
"2500","DARS2","DARS2",0.064292689538461,3.83047248079696,0.300427253441936,0.585035323542918,0.946702201725295,0.232817911085967
"939","B9D2","B9D2",0.0697888516971502,3.32508924215336,0.300510690703944,0.58498329791976,0.946702201725295,0.23285653344745
"12441","ZHX1-C8orf76","ZHX1-C8ORF76",0.190518909185438,1.48675217841531,0.919661701707167,0.584871356397587,0.946702201725295,0.232939647337444
"9295","RPS19","RPS19",0.0323348580170067,10.8545445552033,0.300812762203481,0.584795025995955,0.946702201725295,0.232996329948446
"4859","INPP4B","INPP4B",0.0473402937782796,8.8766788934991,0.300953337426518,0.584707451763485,0.946702201725295,0.233061371291603
"795","ATG2B","ATG2B",0.0526535625109634,5.04322377296845,0.301780270846547,0.584192835528718,0.94658435416158,0.233443773465555
"12106","WBP11","WBP11",0.0474886224630133,6.71265455586748,0.302297708237333,0.583871292034159,0.946347110389698,0.233682877750347
"5709","LOC100506994","LOC100506994",0.159191139743952,1.69659030945601,1.05368898822351,0.583836417256599,0.946347110389698,0.233708819042567
"8274","PPARGC1B","PPARGC1B",0.0923929050400404,2.73967332755529,0.362721754456712,0.583156072702914,0.945896940632021,0.234215197483687
"4983","ITPRID2","SSFA2",0.0522087545253798,4.54233879509787,0.30377119816138,0.582957605914762,0.945693262665025,0.234363027036411
"5692","LOC100506660","LOC100506660",0.185541952026103,1.52173237537455,0.776247077047562,0.582829221719956,0.945654439457127,0.234458681827273
"12426","ZFX","ZFX",0.0490884373850175,6.60654034257682,0.303993841448321,0.582819800406715,0.945654439457127,0.234465702164056
"2209","COQ4","COQ4",0.0444656254115553,5.09467167679464,0.30405614527523,0.58278124913448,0.945654439457127,0.234494430011915
"8107","PLIN4","PLIN4",0.134576414092675,1.93985028465394,0.344176389008462,0.582239014785172,0.945473368232324,0.234898696633021
"7429","NUDT21","NUDT21",0.0337090034284342,6.84102648060054,0.305347908677642,0.581983114716398,0.94537643762298,0.235089615507968
"8207","POLR1A","POLR1A",0.0656494066437024,3.62155414054255,0.305386503718851,0.581959302208393,0.94537643762298,0.235107385529368
"2751","DNAAF2","DNAAF2",0.0480382121951357,4.81462400400549,0.305909179453498,0.581637013478706,0.94537643762298,0.235347964188092
"7484","OAT","OAT",0.0391713945069564,6.12287498677753,0.3064672759326,0.581293281289258,0.94537643762298,0.235604696682118
"6487","MGST2","MGST2",0.096957783173905,3.06008075224972,0.30753290637582,0.580638094746221,0.94537643762298,0.236094474196151
"10707","SUV39H1","SUV39H1",0.0540072708536712,4.18500178414232,0.307817715580751,0.580463236019466,0.945311267999063,0.236225281350883
"2567","DDRGK1","DDRGK1",0.0447458400851413,5.12502959045306,0.307856164899522,0.580439638165784,0.945311267999063,0.236242937294146
"2206","COQ10B","COQ10B",0.0510890131823012,7.1287878494758,0.308514832103172,0.580035687859106,0.94520826260472,0.236545284775914
"6393","MED27","MED27",0.0411942572228145,4.61426712341235,0.308593973425129,0.579987189772559,0.94520826260472,0.236581598631078
"5867","LOC400891","LOC400891",0.179862573895388,1.55191033572738,0.996341056829008,0.579791981544982,0.945167300399981,0.236727795181173
"6597","MMS22L","MMS22L",0.0598312565701301,4.94628436241087,0.309642466819573,0.579345437589385,0.945167300399981,0.237062408803744
"4888","IP6K1","IP6K1",0.0504107607790785,5.47607625081768,0.309658723888208,0.579335498341668,0.945167300399981,0.237069859621832
"8668","PYGO2","PYGO2",0.0555532598719459,5.03777442266883,0.309691943739156,0.579315189451416,0.945167300399981,0.237085084294917
"11245","TMEM260","C14orf101",0.0604909747384368,4.81800443963646,0.309980144712541,0.579139058317357,0.945167300399981,0.237217144374717
"10125","SMTN","SMTN",0.211012021069479,1.37500241111592,0.534596872962773,0.579127822856101,0.945167300399981,0.237225569892022
"4878","INTS2","INTS2",0.0595280325537142,4.12946180844038,0.310132583584037,0.579045940278088,0.945167300399981,0.237286978901596
"7307","NOTCH1","NOTCH1",0.0662735585712889,4.10373574735802,0.310304052636063,0.578941233450368,0.945167300399981,0.237365517936659
"3921","GDF11","GDF11",0.0878908461932609,2.96328899430857,0.310584438979906,0.578770098551763,0.945167300399981,0.237493914265886
"9047","RIBC1","RIBC1",0.209224275799461,1.40038002888219,0.517263797876508,0.578562142008155,0.945167300399981,0.237649987651161
"1946","CHERP","CHERP",0.0513939953590816,4.12727362925025,0.311113632010162,0.578447379712461,0.945167300399981,0.237736141880627
"6425","METTL14","METTL14",0.0417569026143388,5.84728901138361,0.311118751725149,0.578444259307797,0.945167300399981,0.237738484666211
"12064","VPS50","CCDC132",0.0632017030593113,4.87578095302964,0.311206288444698,0.578390911948205,0.945167300399981,0.237778539575479
"12932","ZP3","ZP3",0.179680578298061,1.60325385194898,0.553104160851721,0.578074157227989,0.945167300399981,0.238016445300802
"311","AK4","AK4",0.132250708783475,2.10751089861134,0.312431456394292,0.57764529232863,0.945167300399981,0.238338761703618
"11131","TMED7","TMED7",0.050234179084656,6.41616034083453,0.312821315003717,0.57740843314316,0.945167300399981,0.238516877468125
"10019","SLC5A3","SLC5A3",0.0666073760876959,5.56655340861353,0.312985263184288,0.5773088841608,0.945167300399981,0.238591759126479
"5554","LOC100131089","LOC100131089",0.0803780624981919,3.13054805119733,0.406117315136185,0.576890833544975,0.945167300399981,0.238906361670152
"9848","SLC16A4","SLC16A4",0.104203270589265,2.47933065351815,0.475416775485214,0.57678113125955,0.945167300399981,0.238988955507585
"17","AASDHPPT","AASDHPPT",0.0447520561176793,5.87684147288725,0.314120217878443,0.576620681131495,0.945167300399981,0.239109785221802
"5534","LOC100130000","LOC100130000",0.112192913007149,2.33512283044359,0.723625806414151,0.576417267338755,0.945167300399981,0.239263017799731
"4369","HARS1","HARS",0.0342461514532065,6.03687739694875,0.314619732153708,0.576318309057474,0.945167300399981,0.239337583097244
"11677","TTTY15","TTTY15",0.249688111206681,6.02402876014983,0.315255723910205,0.575933779961142,0.945167300399981,0.239627448262097
"8839","RASGRP1","RASGRP1",0.0449715413324955,7.1837585915428,0.315352927894165,0.575875054172007,0.945167300399981,0.239671733885602
"12206","WWTR1","WWTR1",0.139647068611717,1.98324860070609,0.365137234035194,0.575864790232729,0.945167300399981,0.239679474474265
"1935","CHD1L","CHD1L",0.0439684197571378,4.95812904870819,0.315636700928419,0.575703680898752,0.945167300399981,0.239800993770668
"4193","GRIK1","GRIK1",0.173989807992279,1.58415175410736,0.613299601914537,0.575367166953106,0.945167300399981,0.240054924541504
"9949","SLC35B2","SLC35B2",0.0532983891798221,5.02131475704861,0.316289622917663,0.575309760290585,0.945167300399981,0.240098257984954
"2947","DZANK1","DZANK1",0.0891655454661695,2.79786881691616,0.571706746606466,0.575263736224481,0.945167300399981,0.240133002393747
"9222","RPL19P12","RPL19P12",0.167765802431831,1.66291250511791,1.17446359053814,0.575020200988888,0.945167300399981,0.240316897877506
"4038","GNAQ","GNAQ",0.0548637653925226,4.19465763271329,0.316814657896758,0.574993385180806,0.945167300399981,0.240337151477325
"8368","PPP6R2","PPP6R2",0.0318101818976807,5.78589464146332,0.317395627835745,0.574643707677218,0.945087832111632,0.24060134444027
"4002","GLIPR2","GLIPR2",0.0509186008559619,6.66525984120682,0.317731292453859,0.574441868424611,0.944875663632874,0.240753913885686
"3380","FAM117B","FAM117B",0.0451580150279036,5.90371403438029,0.318196334112871,0.574162465638868,0.944775452401451,0.240965201771115
"5469","LINS1","LINS",0.0430254740530663,6.59654962188406,0.318311880445122,0.57409308579663,0.944775452401451,0.24101768361218
"3818","FZD4","FZD4",0.195010250746167,1.47372438709246,1.4259217168842,0.574075636682047,0.944775452401451,0.241030883857108
"4958","ITGAL","ITGAL",0.0412444190540361,7.89988492288632,0.318936686935574,0.573718208366873,0.944403796110068,0.241301366488886
"1312","C3orf38","C3orf38",0.0427748722079756,5.81327858925401,0.319500609040321,0.573380277320331,0.944403796110068,0.241557249649494
"8023","PJA2","PJA2",0.042216026447277,7.61965969239104,0.32033194766678,0.572882814909435,0.944403796110068,0.241934205332765
"9851","SLC16A7","SLC16A7",0.057107996957549,5.73708612329154,0.320460824675526,0.572805773018126,0.944403796110068,0.241992613644891
"1553","CCDC39","CCDC39",0.119615759314198,2.21996505582394,0.54733434898609,0.57279149523233,0.944403796110068,0.242003439026126
"8129","PLXNA4","PLXNA4",0.136931167535824,2.7190032959858,0.320516976968605,0.572772211929292,0.944403796110068,0.242018060006261
"446","ANKRD12","ANKRD12",0.0469974155748356,9.41915649750869,0.320863468252553,0.572565207110022,0.944403796110068,0.242175046148896
"12126","WDR27","WDR27",0.0854385100413479,2.91061533676699,0.60826289247809,0.572293840743441,0.944335791905961,0.242380928118398
"5718","LOC100507206","LOC100507206",0.151609944636021,2.18443143859637,0.321390519292565,0.572250613638984,0.944335791905961,0.242413732948078
"3444","FAM218A","C4orf39",0.146076076000545,2.16195649236589,0.321463447604609,0.572207110085408,0.944335791905961,0.242446750075541
"3893","GBP2","GBP2",0.0397644277804141,7.80573965585838,0.321879947093363,0.571958782905672,0.944335791905961,0.242635266664298
"3824","G3BP2","G3BP2",0.0592886952132509,7.97556376683312,0.321898197599643,0.571947906374547,0.944335791905961,0.242643525410391
"1031","BET1L","BET1L",0.0589278084275439,6.68910734212593,0.322660532577178,0.571493951292765,0.944335791905961,0.242988361828763
"4392","HCFC2","HCFC2",0.053912995787026,4.40691091207488,0.323560502791897,0.570958951009924,0.9438786025032,0.243395114154694
"1289","C2CD2","C2CD2",0.0834279885790894,3.0437230285959,0.465159729564755,0.570953923769595,0.9438786025032,0.24339893809395
"4077","GOLGA6L5P","GOLGA6L5",0.180593241403237,1.56910509207514,0.625609287794883,0.570320116170489,0.94371975345405,0.243881309832103
"8622","PTPRCAP","PTPRCAP",0.0416144778283635,8.7158170700938,0.324673934807941,0.57029841906053,0.94371975345405,0.243897832332552
"8403","PRF1","PRF1",0.0819596106151423,5.10328617209807,0.324871604036947,0.570181311002397,0.94371975345405,0.243987021789009
"9218","RPL17","RPL17",0.0403179448699699,6.39210314615204,0.325271944940643,0.569944276026607,0.943579261471819,0.244167603620796
"1667","CD2BP2","CD2BP2",0.0385827918633988,5.59577284386687,0.325769399488069,0.569650011445143,0.943212456729783,0.244391889558686
"6335","MCM6","MCM6",0.0651727522465456,5.9742599399995,0.326034747302537,0.569493169459772,0.943212456729783,0.244511480511517
"8764","RAC1","RAC1",0.0284493090979557,7.23998175208691,0.326735507262956,0.569079371036633,0.942869307849073,0.244827157156281
"12289","ZBED6","ZBED6",0.0635065784308523,5.2851796018538,0.326894116012705,0.568985794514328,0.942853190119878,0.244898576207834
"1241","C19orf25","C19orf25",0.069928474411322,4.47836537992832,0.327300594701767,0.568746116565265,0.942678340385995,0.245081555715111
"9310","RPS3","RPS3",0.0352772119198592,11.7702428707196,0.327734666062108,0.568490387179033,0.942615771072801,0.245276874565337
"7125","NEDD4L","NEDD4L",0.114493507517842,3.10083762827803,0.327828691244943,0.568435022742808,0.942615771072801,0.245319171920916
"839","ATP5F1D","ATP5D",0.0353433390876985,6.32359061760718,0.327882575539926,0.568403299050608,0.942615771072801,0.245343410063152
"5516","LOC100128531","LOC100128531",0.185034939391877,1.5029080318526,1.05819821987245,0.568356233976025,0.942615771072801,0.245379372114227
"10535","SSX2IP","SSX2IP",0.0630273508261062,3.72202578349004,0.361632039651437,0.568279733305053,0.942615771072801,0.245437832026234
"11089","TLR10","TLR10",0.195053713810389,1.48955175215885,0.812464282835286,0.568224167116998,0.942615771072801,0.245480299260817
"8755","RABGAP1L","RABGAP1L",0.0366325378776786,7.62283969423571,0.328220513343363,0.568204421516743,0.942615771072801,0.245495391111407
"5513","LOC100128361","LOC100128361",0.190591222130388,1.5268457199947,0.544161417644909,0.567887259780322,0.942615771072801,0.245737874350823
"9209","RPL11","RPL11",0.0363538922534236,11.1524228470959,0.328864296663278,0.567825929585716,0.942615771072801,0.245784779441592
"3532","FBXL12","FBXL12",0.0415522376013833,4.87218967330947,0.328941257915649,0.567780715677353,0.942615771072801,0.245819362104523
"1692","CD6","CD6",0.0414963705689648,8.94448899598059,0.328973732653784,0.567761639230651,0.942615771072801,0.245833953890557
"11513","TRIM4","TRIM4",0.0382079621285245,5.67779274229404,0.329233192334291,0.567609271345487,0.942615771072801,0.245950519378587
"6638","MPHOSPH10","MPHOSPH10",0.0404181336050665,6.07232177431844,0.330005357246248,0.567156289543582,0.942615771072801,0.246297247397483
"4638","HSPA13","HSPA13",0.0630236195215526,5.71552263847109,0.330071635526994,0.567117441058013,0.942615771072801,0.246326996271083
"10513","SRSF8","SRSF8",0.0332817352080238,7.48784634631636,0.330116872283589,0.567090928878364,0.942615771072801,0.2463472995833
"2212","COQ7","COQ7",0.0753573104485042,3.33346246560759,0.451824176434079,0.567070551787614,0.942615771072801,0.246362905223629
"9768","SHPRH","SHPRH",0.0480591792547643,6.15610760857737,0.330325652840867,0.56696859895447,0.942615771072801,0.246440993450017
"9234","RPL26","RPL26",0.0370538944352775,10.1003790899039,0.330452163287103,0.566894498284,0.942615771072801,0.246497757820274
"1091","BOLA1","BOLA1",0.0716060848086279,3.5560866815949,0.465165434361544,0.566751319844647,0.942615771072801,0.246607459819743
"7043","NCL","NCL",0.0275939485461101,9.11108658292972,0.330999493963279,0.566574129252999,0.942615771072801,0.246743259994152
"899","ATXN7L2","ATXN7L2",0.0767984985489728,3.15322163395807,0.597590781879265,0.565920108359055,0.942615771072801,0.247244874373162
"4422","HDHD3","HDHD3",0.0551584375619459,4.73196950800417,0.332412110197072,0.565748912057307,0.942615771072801,0.247376272526504
"5898","LOC595101","LOC595101",0.163108633395664,1.71219653137044,0.974778506172525,0.56562991473347,0.9425712117967,0.247467629868661
"2347","CSPP1","CSPP1",0.0491838494276134,5.19163319813484,0.332705225475935,0.565577974299305,0.9425712117967,0.247507511917187
"11987","UTY","UTY",0.256894523111292,6.0044609106831,0.332853888050003,0.565491316298634,0.9425712117967,0.247574059726221
"1799","CDPF1","C22orf40",0.0680060844567615,3.71575692614025,0.332983438854562,0.565415819951585,0.9425712117967,0.247632044411126
"5542","LOC100130581","LOC100130581",0.106182215866746,2.45961528562876,0.854167161157724,0.56540333462487,0.9425712117967,0.247641634465336
"12725","ZNF566","ZNF566",0.0702506181596897,4.53984146195899,0.333292781691516,0.56523562824771,0.9425712117967,0.24777047126843
"2718","DLD","DLD",0.0457511881864859,6.91376292841714,0.333685596034359,0.565006975445494,0.9425712117967,0.247946190448196
"7747","PDCD1LG2","PDCD1LG2",0.137427542643459,2.01151858858593,0.377165567998479,0.564881796707467,0.9425712117967,0.248042420159896
"7248","NLRP2","NLRP2",0.142372949853584,2.60691073227975,0.334530274431438,0.564515906181646,0.9425712117967,0.248323816591813
"6749","MRPS35","MRPS35",0.0334108487415112,6.60872827697521,0.334561833429519,0.564497574849262,0.9425712117967,0.248337919517305
"12497","ZNF165","ZNF165",0.0972213109094799,2.94847583495306,0.334695866702151,0.564419733277389,0.9425712117967,0.248397810821898
"2400","CUL1","CUL1",0.0319948318315533,6.62384572427976,0.334842370689065,0.564334673014265,0.9425712117967,0.248463265632561
"8438","PRKRA","PRKRA",0.0387881202650486,6.21474393849007,0.335442559120479,0.563986463030437,0.9425712117967,0.248731319955909
"9238","RPL28","RPL28",0.0423893407939189,8.97577314155842,0.335456077900478,0.563978624671058,0.9425712117967,0.248737355880713
"535","AP5M1","MUDENG",0.035058284713416,6.25219437658918,0.335476833137749,0.563966590933646,0.9425712117967,0.248746622617577
"10000","SLC44A1","SLC44A1",0.0660243245292857,5.22010019674011,0.335692638002188,0.563841498329448,0.9425712117967,0.248842963526052
"5739","LOC100507584","LOC100507584",0.179364260678693,1.62585096678547,0.98796483220995,0.563449979421964,0.9425712117967,0.249144632635193
"6898","MYH7B","MYH7B",0.192865776688922,1.53803465382766,0.742031500044732,0.563420152051002,0.9425712117967,0.249167623505675
"6123","LYRM1","LYRM1",0.0543462798738898,5.47643725637851,0.336953465144828,0.56311172596615,0.9425712117967,0.24940542902665
"12644","ZNF433","ZNF433",0.100666770418807,2.46973335768059,0.376331858757939,0.563034999268119,0.9425712117967,0.24946460778351
"6686","MRPL19","MRPL19",0.0415630012565747,5.64518633261895,0.337426988466639,0.562838120918479,0.9425712117967,0.249616495558773
"146","ACTA2","ACTA2",0.099194347106794,3.34255426938342,0.337442076061245,0.562829407431767,0.9425712117967,0.249623219070115
"9447","SAMD3","SAMD3",0.0785476036583295,5.44265363446608,0.33747689571235,0.562809299154532,0.9425712117967,0.249638735441032
"330","AKIRIN2-AS1","AKIRIN2-AS1",0.125233357612742,2.10540560621035,0.79530794788641,0.562229806856461,0.942108923320701,0.250086133808378
"12577","ZNF3","ZNF3",0.0404226837031357,5.37344299994651,0.338484321146153,0.562228114133722,0.942108923320701,0.250087441354229
"9511","SCARNA2","SCARNA2",0.11266572125872,2.34027828641351,0.579160848937595,0.562138246240531,0.942108923320701,0.250156865576746
"1533","CCDC157","CCDC157",0.143467284166803,1.91635746107432,0.7238629294955,0.562134527086805,0.942108923320701,0.250159738914923
"11624","TSSK4","TSSK4",0.145280063545006,1.94609875130067,0.729234684796244,0.561695202337109,0.941862384174896,0.250499285590509
"11502","TRIM25","TRIM25",0.057372692257523,5.16054725266465,0.340316262034139,0.561174231011155,0.941556298358474,0.250902279886385
"10431","SPINT1","SPINT1",0.112889304076637,2.42288674913131,0.417012505111971,0.561122297817249,0.941556298358474,0.250942473006434
"1164","BTN3A1","BTN3A1",0.0448454675844658,6.8879326795356,0.340494336540819,0.561071991140287,0.941556298358474,0.250981410848904
"7084","NDUFAF2","NDUFAF2",0.0498157971981634,4.45769350823439,0.340584713007385,0.561020116043429,0.941556298358474,0.251021566319539
"5207","KLF3-AS1","FLJ13197",0.0956977309475791,2.72085621699801,0.535235836536217,0.560750730980334,0.941556298358474,0.251230151609429
"1001","BCL2L14","BCL2L14",0.169865610267013,1.83616788886917,0.341113255133919,0.560716923678894,0.941556298358474,0.251256335734146
"11029","TIAF1","TIAF1",0.219442554473782,1.4026007331583,0.864262461312792,0.560505823353262,0.941556298358474,0.251419870960087
"7810","PEA15","PEA15",0.056666104075079,4.17033379197019,0.426467067625313,0.560470829606589,0.941556298358474,0.251446985871082
"5555","LOC100131094","LOC100131094",0.215765472147888,1.40054470082293,0.899641822741178,0.560164970765061,0.941556298358474,0.251684052740392
"5153","KIAA1328","KIAA1328",0.0670001376757138,3.81152325761732,0.478645791249207,0.560109454022333,0.941556298358474,0.251727096863343
"4082","GOLGB1","GOLGB1",0.04172212931666,7.12630354142125,0.342182764655002,0.560104375633279,0.941556298358474,0.251731034533607
"8939","RDH11","RDH11",0.0464657016053605,6.2284466451917,0.342285685633384,0.56004549686657,0.941556298358474,0.251776690430437
"12372","ZDHHC16","ZDHHC16",0.0739195227748557,4.38485070733255,0.342348860713102,0.560009361726908,0.941556298358474,0.251804712793169
"7965","PIGO","PIGO",0.0540034834752394,4.71528461004195,0.342515714313306,0.559913945681592,0.941556298358474,0.251878715471373
"9649","SERINC4","SERINC4",0.133738662308952,2.03338747837285,0.847372735638637,0.559796328962557,0.941556298358474,0.25196995388081
"5617","LOC100288123","LOC100288123",0.168241702942618,1.65079016623978,0.677128151232216,0.559749835586661,0.941556298358474,0.252006025312696
"10174","SNORA21","SNORA21",0.179711031924129,1.60096119596086,1.02132501590148,0.559749527186129,0.941556298358474,0.25200626459224
"7629","PALB2","PALB2",0.0609786219493812,3.91806123936782,0.343301073568166,0.559465253599541,0.941556298358474,0.252226880786344
"10353","SORCS3","SORCS3",0.210037920264175,1.45736286577801,0.343361129334704,0.55943097092777,0.941556298358474,0.252253494112681
"10905","TCP1","TCP1",0.0292388617338995,7.14544616462868,0.343380581649288,0.559419867491862,0.941556298358474,0.25226211395865
"444","ANKRD10","ANKRD10",0.0279421888646643,6.89361967554008,0.343410479776442,0.559402802382047,0.941556298358474,0.252275362319138
"3627","FGF5","FGF5",0.192226698491563,1.54075029536776,1.26367121012505,0.559319572468792,0.941556298358474,0.252339982984524
"885","ATPSCKMT","FAM173B",0.076691524265739,3.6663228827037,0.343702549931964,0.559236148552086,0.941556298358474,0.252404763926717
"10601","STK17B","STK17B",0.0396806916140875,10.4953659710231,0.344075242978203,0.559023630068995,0.941556298358474,0.252569833988941
"6539","MIR3679","MIR3679",0.198317175062948,1.51715285547743,0.842387839381,0.558957641233226,0.941556298358474,0.252621102445776
"12683","ZNF506","ZNF506",0.0437323674916095,5.38549029317666,0.344221438231891,0.558940308364672,0.941556298358474,0.25263456980954
"1639","CCT3","CCT3",0.0406756108179721,7.31471296077951,0.344297015146379,0.558897243824876,0.941556298358474,0.252668032081355
"2218","CORO1C","CORO1C",0.0892984729708803,3.37664837039396,0.344512166327126,0.558774683214201,0.941556298358474,0.252763278988503
"12657","ZNF45","ZNF45",0.0705292139159884,3.78671139330061,0.344612751950419,0.558717402419559,0.941556298358474,0.252807801421143
"8326","PPP1R2","PPP1R2",0.0376857650616523,8.41519471862858,0.344710558672132,0.558661714933092,0.941556298358474,0.252851089805055
"11828","UBR2","UBR2",0.0437526951673062,7.08793660759859,0.34523399267258,0.558363871995415,0.941556298358474,0.253082689777134
"10474","SRD5A3","SRD5A3",0.104693639640943,3.3518491544721,0.345550346205256,0.558184008916623,0.941556298358474,0.253222609514798
"6341","MCOLN1","MCOLN1",0.0777527944734871,3.33247283733513,0.550905065243893,0.558123718830062,0.941556298358474,0.253269520686837
"6463","MFSD4A","MFSD4",0.103813971852781,2.60375638831788,0.548943377723713,0.558091249003829,0.941556298358474,0.253294787264999
"1832","CENPE","CENPE",0.0948144304740449,3.71525139220666,0.345933019632693,0.557966587886589,0.941556298358474,0.253391806673423
"7708","PCDH11X","PCDH11X",0.196783074147709,1.53285742582861,1.30434794803183,0.557874631900872,0.941556298358474,0.253463386709286
"356","ALDH8A1","ALDH8A1",0.175051730398368,1.63531648116058,0.505467281181859,0.557783736206115,0.941556298358474,0.253534152993801
"8151","PMS2P5","PMS2P5",0.0872807243968,3.03652131115577,0.744687826565903,0.557564162537199,0.941556298358474,0.253705148311263
"8290","PPIG","PPIG",0.0373687298920932,7.48478157545071,0.346935660774616,0.557397692066467,0.941556298358474,0.253834833837413
"2075","CLPB","CLPB",0.0948335322743501,2.82311940248361,0.426770634264565,0.557397450537269,0.941556298358474,0.253835022024092
"8258","PORCN","PORCN",0.0538038869864444,4.3031045407971,0.444808721583121,0.557364043247681,0.941556298358474,0.253861051989442
"11115","TMC7","TMC7",0.188733812448451,1.57159448776325,1.45305175381729,0.557353906515609,0.941556298358474,0.253868950537777
"12274","YTHDF3","YTHDF3",0.0459278888112376,7.13514860283545,0.347215317082735,0.557239213721955,0.941556298358474,0.253958329247675
"3188","EP400","EP400",0.051447051901817,5.39490712249272,0.347423945748169,0.55712104210685,0.941556298358474,0.254050438204867
"3244","ERI1","ERI1",0.0595846574738087,4.83908768442513,0.347442197933429,0.557110705968317,0.941556298358474,0.254058495645227
"12284","ZADH2","ZADH2",0.0611998973498214,4.80021271723693,0.347711441801678,0.556958276824594,0.941556298358474,0.254177337723116
"10432","SPINT2","SPINT2",0.0575517225643753,6.01619085271551,0.34775066516853,0.556936077642777,0.941556298358474,0.25419464812985
"4063","GNPNAT1","GNPNAT1",0.0520511505973086,5.00867581008125,0.348094234749457,0.556741700382461,0.941556298358474,0.254346248483355
"6820","MTHFD2","MTHFD2",0.0585235665277562,5.90879944784675,0.348289527330106,0.55663126977975,0.941556298358474,0.254432400029752
"12308","ZBTB32","ZBTB32",0.158830627477364,1.78169436575985,0.423481293493812,0.5561794131279,0.941556298358474,0.254785090499585
"6139","LZTS3","ProSAPiP1",0.162808173639092,1.77430278309778,0.349412127460813,0.555997291712528,0.941556298358474,0.254927323880477
"7717","PCGF5","PCGF5",0.0371257047257645,7.43163262814629,0.349465210807262,0.555967347489679,0.941556298358474,0.254950714211955
"3001","EEF1D","EEF1D",0.0328134480749195,9.25392737631704,0.349674859462911,0.555849115096108,0.941556298358474,0.255043081393106
"11465","TRAM2","TRAM2",0.053662029240217,4.45682227400461,0.349719743846856,0.555823808555735,0.941556298358474,0.255062854278833
"7549","OSBPL5","OSBPL5",0.153821106270665,1.83592973099429,0.448577165596132,0.555507511953766,0.941556298358474,0.255310063855407
"358","ALDOA","ALDOA",0.0272731818492683,9.55766553371462,0.350708466736552,0.555266906923098,0.941556298358474,0.255498209057523
"10950","TET3","TET3",0.0642771777375545,3.73429608707328,0.36618966176633,0.554924828938355,0.941556298358474,0.255765843162618
"90","ACACB","ACACB",0.0847204249745966,3.2056143799785,0.409505862126741,0.5547567087381,0.941556298358474,0.255897437089969
"194","ADARB2","ADARB2",0.227153138115814,1.7283277719694,0.351799537989733,0.554653588921488,0.941556298358474,0.255978172535733
"4535","HMCN1","HMCN1",0.200101019222991,1.3933523832363,0.445962573553576,0.554596008006424,0.941556298358474,0.2560232608076
"10727","SYF2","SYF2",0.039148495699524,6.57454047586562,0.352266395525148,0.554391550251193,0.941556298358474,0.256183397637313
"10576","STARD5","STARD5",0.128556860863763,2.16079933588291,0.504622426276125,0.554386354133439,0.941556298358474,0.256187468146401
"11182","TMEM167A","TMEM167A",0.0400058077656726,6.46719831651661,0.352421451779089,0.554304572030577,0.941556298358474,0.256251539232793
"5331","LAPTM4B","LAPTM4B",0.111416165218058,3.21530881972402,0.353560909528867,0.553666191700538,0.941556298358474,0.256751994830442
"12948","ZSCAN26","ZNF187",0.0628840719819112,4.11746323070519,0.353705139961236,0.553585486206879,0.941556298358474,0.256815304647563
"9731","SH2D3C","SH2D3C",0.105021054271918,4.69316905151778,0.353707132817681,0.553584371241656,0.941556298358474,0.256816179352091
"9076","RIT1","RIT1",0.0903458568276096,4.9732361517463,0.353747788812628,0.553561625916825,0.941556298358474,0.256834023735921
"6864","MTX2","MTX2",0.0621899841703558,4.39708019067754,0.354176924059519,0.553321650794139,0.941556298358474,0.257022336045633
"11013","THOC2","THOC2",0.0409974362582035,7.52170260306915,0.354277759824102,0.553265291423532,0.941556298358474,0.257066573986179
"6793","MT1L","MT1L",0.214382463272239,1.70024818022985,0.354701120278406,0.553028784477547,0.941556298358474,0.25725226360592
"11061","TINCR","PLAC2",0.133573081978716,2.02934510133938,0.781743050484194,0.552896374288871,0.941556298358474,0.257356258011163
"10844","TBC1D24","TBC1D24",0.0945688694040874,2.86940578204194,0.442403473555528,0.552858659388098,0.941556298358474,0.257385883692799
"11643","TTC26","TTC26",0.183593734811142,1.63191597917839,0.647579911666002,0.552849118898086,0.941556298358474,0.257393378226614
"12853","ZNF768","ZNF768",0.160429937548469,1.79280189651589,0.731361076393605,0.552749966910528,0.941556298358474,0.257471274747576
"2617","DENND11","KIAA1147",0.0554370423597007,5.4084726897195,0.355545640548333,0.552557571661626,0.941556298358474,0.257622465602375
"340","AKT2","AKT2",0.0436701145861334,5.6446986400604,0.355730240352092,0.552454672656168,0.941556298358474,0.257703348815431
"2915","DUSP23","DUSP23",0.0582110220821438,4.39707887948006,0.356566968849261,0.551988720530916,0.941556298358474,0.25806979665709
"537","AP5Z1","KIAA0415",0.0499589624571053,5.42438795510794,0.356585862768393,0.551978207585298,0.941556298358474,0.258078068126378
"10312","SNX11","SNX11",0.0529271808607181,4.52571404166314,0.356595305057447,0.551972953853124,0.941556298358474,0.258082201763756
"10154","SNHG12","SNHG12",0.0493352263951325,4.74953848307696,0.471152477104401,0.551717428123847,0.941556298358474,0.258283296958576
"3120","ELOF1","ELOF1",0.0375036943996629,5.56245175103453,0.357073809831651,0.551706835361033,0.941556298358474,0.258291635325949
"8848","RASSF4","RASSF4",0.212067943575627,1.4749505892896,0.665793040072954,0.551620068048473,0.941556298358474,0.258359942488614
"598","ARFGAP3","ARFGAP3",0.0358834248772232,6.08832192712564,0.359705445076974,0.550247581243907,0.941556298358474,0.259441857824561
"5793","LOC283089","LOC283089",0.191209869596605,1.55890267081755,1.51257273971787,0.550103581983741,0.941556298358474,0.259555527144929
"1204","C12orf66","C12orf66",0.0510962661675582,4.40613439107766,0.359989415041682,0.550090553527121,0.941556298358474,0.259565812942018
"2148","COA6","C1orf31",0.0438628587108346,5.14915638308672,0.360027708001935,0.550069385012826,0.941556298358474,0.259582525728273
"12280","YWHAZ","YWHAZ",0.0262782817008278,11.2539593622215,0.3602214390679,0.549962313147705,0.941556298358474,0.259667070056248
"6465","MFSD5","MFSD5",0.0493740089213781,5.44887492196653,0.360498264725494,0.549809384391911,0.941556298358474,0.259787851697278
"5302","L1CAM","L1CAM",0.217083013653952,1.38429380191912,0.700004257737024,0.549804385346136,0.941556298358474,0.259791800461934
"10923","TECPR2","TECPR2",0.0802898574114749,3.43128465966156,0.511126281102087,0.54975868484559,0.941556298358474,0.259827901120017
"6787","MSTO1","MSTO1",0.0860399631153738,3.09310327435859,0.68768610655968,0.549698708638205,0.941556298358474,0.259875283285243
"4512","HLA-DPB1","HLA-DPB1",0.0751038438333688,6.56937069438866,0.360734963966583,0.549678686421555,0.941556298358474,0.25989110230835
"3354","FAAP24","C19orf40",0.118208028156856,2.2972439124905,0.692015389286071,0.549650150308091,0.941556298358474,0.25991364893171
"11802","UBE2T","UBE2T",0.104361691128273,2.61600248408177,0.496740729514653,0.54940621579816,0.941556298358474,0.260106431425157
"2124","CNOT11","C2orf29",0.0537481648852224,4.67215662980024,0.362563976787797,0.548670729028295,0.941556298358474,0.260688208312353
"4896","IPO7","IPO7",0.0572720520003283,4.95395957886656,0.362746057395804,0.548570575608389,0.941556298358474,0.26076749092329
"6065","LRRK2","LRRK2",0.22197506017575,1.41526993530837,0.472510657551987,0.548378268159352,0.941556298358474,0.260919764322867
"9493","SCAF8","SCAF8",0.0524756691543986,6.26029191486808,0.363242453016682,0.548297707475483,0.941556298358474,0.260983569970666
"12579","ZNF300","ZNF300",0.138103923746269,2.00295753400418,0.425507762972275,0.548280372634592,0.941556298358474,0.260997300731623
"4183","GRAP","GRAP",0.0560048114475158,5.82350756202316,0.363560820113826,0.54812283544282,0.941556298358474,0.261122104331335
"827","ATP1B3","ATP1B3",0.0355921071897726,7.08185811447488,0.364519711161941,0.547596769020885,0.941556298358474,0.26153912299338
"220","ADIPOQ","ADIPOQ",0.18077564605291,1.65940290657314,1.16042406977576,0.547292424180703,0.941556298358474,0.261780563476878
"5776","LOC202181","LOC202181",0.0643047593614736,4.35154089828936,0.365307058454616,0.547165521670224,0.941556298358474,0.261881276456296
"8732","RAB3GAP2","RAB3GAP2",0.0409691191510121,6.09270525677429,0.365921488970915,0.546829426046967,0.941225705732692,0.262148123171575
"1152","BTBD8","BTBD8",0.138052823222872,2.07728882801894,0.476738817343497,0.546662661858205,0.941188415698275,0.26228058826816
"7852","PFDN4","PFDN4",0.0531243480346079,5.31686207232785,0.366599692933388,0.546458894225205,0.941087380165085,0.262442501020012
"4580","HOOK1","HOOK1",0.0828398403798393,3.69566980296867,0.366640048146211,0.546436861243298,0.941087380165085,0.26246001193524
"7699","PCBD1","PCBD1",0.074325521959027,3.50607880245008,0.490638241393701,0.54638608694339,0.941087380165085,0.26250036796606
"3690","FLJ42102","FLJ42102",0.156640166755053,1.8569708849144,1.21397892883785,0.546064165011257,0.940977817220105,0.262756322729264
"7970","PIGU","PIGU",0.0666417327689008,4.35062336900719,0.367381225770712,0.546032490985476,0.940977817220105,0.262781514372411
"625","ARHGAP33","ARHGAP33",0.0964922749943483,2.86257267500957,0.473838907851671,0.545847383974274,0.940908598498307,0.262928766750883
"1955","CHML","CHML",0.103655526363235,2.87039226934313,0.367810213828455,0.54579869977355,0.940908598498307,0.262967503260928
"8808","RANBP9","RANBP9",0.0544193096387841,5.1806606142668,0.367973944731286,0.545709518474279,0.940908598498307,0.263038471020219
"4256","GTF2IRD2B","GTF2IRD2B",0.22194539238786,1.43938821806237,1.10606810497417,0.545618766150091,0.940908598498307,0.263110700860242
"10239","SNORD32A","SNORD32A",0.144729300776522,1.98042378928096,1.07196151840867,0.545160591511836,0.940908598498307,0.263475545917948
"2627","DENND5A","DENND5A",0.0610375085250475,5.75529898834956,0.36910624510347,0.545093517990036,0.940908598498307,0.263528982378645
"4498","HIVEP2","HIVEP2",0.0473220844642031,7.2584294740061,0.369308543056856,0.544983599197954,0.940908598498307,0.263616567237125
"5188","KIFAP3","KIFAP3",0.0464621157948519,5.32376404614193,0.370432260009231,0.544373777417283,0.9407434413793,0.264102803008122
"12751","ZNF594","ZNF594",0.1668772763017,1.85905656442663,0.479551698608733,0.543797668480123,0.940123554529935,0.264562658772034
"5351","LCA5L","LCA5L",0.234658023703499,1.37998010159196,0.74340731600128,0.543676259664886,0.940038933311019,0.264659630620951
"9455","SAMSN1","SAMSN1",0.0834246194234397,7.5777970996654,0.371926906184288,0.543564623932626,0.939987607437071,0.264748815609127
"9662","SERPINI1","SERPINI1",0.0993883717286031,3.24953499690676,0.372027562596137,0.543510212136135,0.939987607437071,0.264792291443913
"11566","TRPC4AP","TRPC4AP",0.0330148635821817,6.63288788182493,0.37235524534678,0.54333314686864,0.939987607437071,0.264933799359756
"6098","LTN1","LTN1",0.0490200041803316,5.93230450386197,0.372462666370162,0.543275124614176,0.939987607437071,0.264980179910368
"4843","INE1","INE1",0.111082975196796,2.35632468933432,0.387674197500526,0.543037747460518,0.939961307067479,0.265169980827312
"5344","LAT2","LAT2",0.13967284089171,2.27445391634959,0.373162505136448,0.542897396020401,0.939961307067479,0.265282241410599
"6620","MORC3","MORC3",0.0417958382452994,7.19803134482007,0.373223804534151,0.542864333708382,0.939961307067479,0.265308690638418
"6930","MYOT","MYOT",0.140516171132668,2.05678507908715,0.570204338834143,0.542703530329334,0.939961307067479,0.265437353291424
"6632","MOV10","MOV10",0.05330369949233,5.16434769421888,0.373644934876702,0.542637294690074,0.939961307067479,0.265490361106128
"2016","CIT","CIT",0.142342214495718,1.9987295510224,0.60848933523953,0.542588773760743,0.939961307067479,0.265529196096352
"8772","RAD23A","RAD23A",0.036602523824569,6.61323180393833,0.373735671082345,0.542588400212498,0.939961307067479,0.265529495088895
"9561","SDHAP3","SDHAP3",0.12479643558554,2.29986661392337,0.567890534144039,0.542397671577381,0.939961307067479,0.265682183490672
"4932","IRGQ","IRGQ",0.0746001679459657,4.02112747613647,0.374206340235921,0.542334904562209,0.939961307067479,0.265732443562075
"11976","UTP15","UTP15",0.0609475585216154,4.78370304229542,0.374262507621295,0.542304668276584,0.939961307067479,0.265756657047056
"9372","RSPH3","RSPH3",0.116620734097669,2.70853561990739,0.374486365260439,0.542184191231579,0.939961307067479,0.265853149538608
"6807","MTERF3","MTERFD1",0.0608395771145453,4.24372433264782,0.374674246150893,0.54208311463948,0.939961307067479,0.265934120358419
"11875","ULK4","ULK4",0.0646549448650238,4.94305541071792,0.374873189737439,0.541976124555654,0.939961307067479,0.266019844830836
"9048","RIC1","KIAA1432",0.0460268513520043,5.53864533051125,0.374969740312931,0.541924214613692,0.939961307067479,0.266061443122769
"5120","KDM5D","KDM5D",0.259240100715353,5.60831887508166,0.375071674510702,0.541869420184371,0.939961307067479,0.266105357236212
"12103","WASHC5","KIAA0196",0.0464820717721074,5.57068339301946,0.375478494846616,0.54165083722891,0.939961307067479,0.266280581228625
"12049","VPS28","VPS28",0.0453788806638967,7.20597447859316,0.375671273842205,0.54154731482223,0.939961307067479,0.266363593205753
"10260","SNORD55","SNORD55",0.184588361172851,1.64100062847072,1.09563505812789,0.541526125064928,0.939961307067479,0.266380586688063
"5890","LOC441666","LOC441666",0.137819554795856,2.1304166958837,0.950144078064256,0.541491734744237,0.939961307067479,0.266408167999629
"6837","MTMR6","MTMR6",0.0626339711747666,6.49923356340332,0.376028937109658,0.54135534642674,0.939961307067479,0.266517569770255
"4700","IDI1","IDI1",0.0930252448799592,7.09073202451515,0.376116543187723,0.54130834485992,0.939961307067479,0.266555277733102
"365","ALG13","ALG13",0.0490666809375513,6.46920152392038,0.376151893729258,0.541289381066046,0.939961307067479,0.266570492749426
"2403","CUL4A","CUL4A",0.0465733012954792,6.11194670545519,0.376162623999501,0.541283625056915,0.939961307067479,0.266575111011639
"6914","MYO18A","MYO18A",0.0566812485838457,4.95523087348435,0.376591719875801,0.541053539071824,0.939961307067479,0.26675975786385
"5986","LPAR5","LPAR5",0.107421032428356,2.54825829029118,0.513453106641852,0.540315101402254,0.939961307067479,0.267352894085799
"8971","RETREG3","FAM134C",0.0369819506719621,7.14330522110305,0.378173293555383,0.540207040138762,0.939961307067479,0.267439760256874
"4870","INSR","INSR",0.151726088519947,2.07122774301025,0.37853796828015,0.540012203645851,0.939961307067479,0.267596425517466
"9435","S1PR5","S1PR5",0.197968638746123,1.68894649874981,0.37856164138899,0.539999560182969,0.939961307067479,0.267606593899601
"42","ABCD3","ABCD3",0.0551436855943563,5.24071294871066,0.37867628114078,0.539938340483965,0.939961307067479,0.267655832615037
"2740","DMAP1","DMAP1",0.0384561457713658,5.4776425908469,0.378799765700988,0.539872411816481,0.939961307067479,0.267708864975498
"3849","GALNS","GALNS",0.0663727728207435,4.19053870150308,0.379184644789897,0.539667019262983,0.939961307067479,0.267874122215978
"7811","PEAK1","PEAK1",0.102019563214696,2.90159331223786,0.379586399770333,0.539452774413811,0.939961307067479,0.268046568977754
"106","ACBD4","ACBD4",0.0703559098474412,3.97376878645491,0.379998516252214,0.539233166840081,0.939961307067479,0.268223403318733
"9247","RPL35A","RPL35A",0.0365719723671002,10.193229005744,0.380544009326911,0.538942738973928,0.939961307067479,0.268457374829378
"1503","CCBE1","CCBE1",0.168331445794479,1.78821697197455,1.18661074855868,0.538861698368876,0.939961307067479,0.268522684428098
"3695","FLJ44635","FLJ44635",0.173385728048872,1.76241449437525,0.87233768547808,0.538558917585683,0.939961307067479,0.268766778563446
"272","AGL","AGL",0.053873769699434,5.70275131049374,0.381356058481233,0.53851092598714,0.939961307067479,0.268805480763796
"2832","DOK6","DOK6",0.0941580660484319,3.50158044813926,0.38147996077071,0.538445096011183,0.939961307067479,0.268858574102342
"4552","HMMR","HMMR",0.241609557380511,1.32548814783204,0.617917339604608,0.538375338765549,0.939961307067479,0.268914841955208
"2965","EBP","EBP",0.0479982960948553,6.02772146992956,0.38180788237219,0.538270940822576,0.939961307067479,0.268999065439851
"7712","PCED1A","FAM113A",0.0563418715168204,4.61893989692881,0.381886421178916,0.538229245184136,0.939961307067479,0.269032708138549
"6771","MSH6","MSH6",0.0395843707968277,5.64239136978273,0.382124901899092,0.538102674006191,0.939961307067479,0.269134849798427
"3993","GLB1L3","GLB1L3",0.163542379617833,1.88600282096497,0.597880408482091,0.538061597562677,0.939961307067479,0.269168003236493
"704","ARMT1","C6orf211",0.0829151390719465,4.53390019343122,0.382468497846307,0.537920410146765,0.939961307067479,0.269281977105122
"1097","BORCS5","LOH12CR1",0.0529631293072696,4.85712806248392,0.383444120526318,0.537403498971149,0.939713653073556,0.269699510253213
"3040","EHMT2","EHMT2",0.0571228805008747,5.10088759618538,0.383544781978429,0.537350217710412,0.939713653073556,0.269742570830137
"8254","POP5","POP5",0.0623591633291965,5.14679124038321,0.384372614125666,0.536912403929299,0.939289164211676,0.270096562705001
"1878","CEP85","CEP85",0.0680089922418203,3.83596552798094,0.384925042936889,0.536620605778947,0.939230857902088,0.270332654801849
"218","ADHFE1","ADHFE1",0.0639976358894948,4.77711063030732,0.384949994546297,0.536607432960941,0.939230857902088,0.270343315876597
"9224","RPL22","RPL22",0.0326281271318744,9.19719091802604,0.385790981362048,0.536163793051898,0.938938024738427,0.270702517113098
"4462","HES2","HES2",0.173377915668415,1.77238957071933,1.39796792110203,0.536032517995609,0.938834866471857,0.27080886337125
"8468","PRPF4B","PRPF4B",0.0445811858708675,7.08494338230832,0.386050219979754,0.536027174090116,0.938834866471857,0.270813193034392
"6434","METTL26","C16orf13",0.0419797701208344,5.92494480193518,0.386144541320474,0.535977482472443,0.938834866471857,0.270853455537425
"6811","MTFMT","MTFMT",0.0542331302082381,4.33696530602625,0.452866679414059,0.535502344139498,0.938834866471857,0.271238623721723
"86","ABTB2","ABTB2",0.222595213116881,1.40866991261204,0.820535994437515,0.535280381626028,0.938784965639376,0.271418673499984
"7052","NCOA7","NCOA7",0.0373183384987667,6.71046317685523,0.387477637411218,0.535276063153425,0.938784965639376,0.271422177264463
"1434","CARD6","CARD6",0.111761667535107,2.89341071825136,0.387876373296205,0.535066590916756,0.938784965639376,0.27159216514136
"6390","MED24","MED24",0.06450965682256,5.23850840830586,0.388444703961784,0.534768282268137,0.938521229148341,0.271834359159529
"3995","GLCE","GLCE",0.110304475298896,3.13916210078995,0.388762733154656,0.534601485737388,0.938482418737636,0.271969838608564
"5749","LOC100859930","LOC100859930",0.0564536821863807,4.69458407865831,0.388918069862105,0.534520050917821,0.938466452910664,0.272035998893674
"5693","LOC100506686","LOC100506686",0.111916896553138,2.59368443388776,0.533582738720512,0.53451953888883,0.938466452910664,0.272036414914498
"829","ATP23","XRCC6BP1",0.0899370402045249,3.87865706675704,0.389198003395056,0.534373353699994,0.938466452910664,0.272155205902226
"2433","CYB561","CYB561",0.0598408883496756,5.764278782112,0.389745137561309,0.53408684375902,0.938466452910664,0.27238811993993
"5943","LOC728558","LOC728558",0.109511762796038,2.57449007820414,0.948074786157451,0.533869945836206,0.938340984600068,0.272564527025361
"262","AGAP6","AGAP6",0.106333273769422,2.60844729979955,0.888653585149131,0.533857937389223,0.938340984600068,0.272574295810729
"11582","TSC22D2","TSC22D2",0.0590129024830077,5.63015174953267,0.390317710114263,0.53378731257687,0.938340984600068,0.272631753035094
"5775","LOC158572","LOC158572",0.22359721180385,1.41654438782825,0.534581176807287,0.533565879415134,0.938257428995483,0.272811950559875
"4661","HTT","HTT",0.0617776535132314,4.6051434320583,0.391074133009311,0.533392072243917,0.93813657174896,0.272953443476115
"9739","SH3BP5","SH3BP5",0.0781223727349179,5.37839675566338,0.391268002797981,0.533290858652136,0.93813657174896,0.273035860665445
"10895","TCF25","TCF25",0.0458807772745065,6.62931870244423,0.39179590236079,0.533015435229576,0.93813657174896,0.273260214354346
"8737","RAB43","RAB43",0.165342337598229,1.81675881678115,1.03119617668026,0.532816846626032,0.93813657174896,0.273422052079013
"1599","CCNC","CCNC",0.0347564701848659,6.47003119295751,0.392476016849411,0.532660977211716,0.938122570916046,0.273549118500299
"6478","MGC16703","MGC16703",0.130272411912423,2.24111522178157,0.881049573194629,0.532433683115928,0.938074629286506,0.273734477749097
"1741","CDC7","CDC7",0.0864614400124698,3.99789731535815,0.393143779041563,0.532313373542551,0.938074629286506,0.273832622719273
"10470","SRBD1","SRBD1",0.0914923233863962,4.49766292863393,0.393802602207148,0.53197082669178,0.937925731811969,0.274112183784235
"10164","SNHG8","SNHG8",0.0548290133661173,7.11363036443975,0.393835580704428,0.531953690453919,0.937925731811969,0.274126173824739
"6136","LZTR1","LZTR1",0.0616782470071214,5.04367010012548,0.393859450092291,0.531941288103059,0.937925731811969,0.274136299396624
"10759","TACC3","TACC3",0.0393015190881058,6.48098109634742,0.394242614690948,0.531742270522434,0.937905163220604,0.274298814342681
"10282","SNORD98","SNORD98",0.203790977711616,1.470959731296,1.07129308234204,0.53173543633599,0.937905163220604,0.274304396122989
"3320","EXOG","EXOG",0.052816594818233,4.44357099715741,0.401962514813259,0.531648600228395,0.937905163220604,0.274375325234477
"3725","FNDC3A","FNDC3A",0.042954582395742,6.31520625323535,0.394744239485813,0.531481928254956,0.937905163220604,0.274511498012901
"9640","SEPTIN7P2","SEPT7P2",0.0476503046166492,5.13503315328226,0.394859567216951,0.531422106076888,0.937905163220604,0.27456038378437
"11929","USP15","USP15",0.0531619422434684,7.91886757838335,0.394966459139005,0.53136667057812,0.937905163220604,0.27460568974124
"10410","SPDYE5","SPDYE5",0.0925527262850713,3.27817964484891,0.395024088919846,0.531336787397147,0.937905163220604,0.274630114429999
"4715","IFI27L1","IFI27L1",0.113571686492708,2.47407604973814,0.898726106579046,0.53118932938664,0.937905163220604,0.2747506577271
"1113","BRD3","BRD3",0.0389163291963915,5.81121328182271,0.39536493967113,0.531160105906835,0.937905163220604,0.274774551176097
"9304","RPS27","RPS27",0.0356980040870368,12.7123771333611,0.395604404035718,0.531036042168546,0.937905163220604,0.274876001736402
"3376","FAM111B","FAM111B",0.161165440869022,1.961487044415,0.395609343681769,0.531033483547398,0.937905163220604,0.27487809424545
"11685","TUBA4B","TUBA4B",0.197180831337891,1.55776554355546,1.1437474873375,0.530885743147587,0.937905163220604,0.274998937411658
"6294","MBD1","MBD1",0.0427956563030229,5.39300574206599,0.396703715409508,0.53046717453883,0.937905163220604,0.275341485198499
"4171","GPSM2","GPSM2",0.141102073965572,2.16344435891606,0.405119654941074,0.530434676860524,0.937905163220604,0.275368091924369
"11272","TMEM64","TMEM64",0.0610900984692832,4.53760654419172,0.397883779890093,0.529857745364932,0.937896647648966,0.275840712843744
"3835","GABPB1","GABPB1",0.0568755618593836,5.68492443909592,0.397971234756151,0.529812630815021,0.937896647648966,0.275877692267785
"11675","TTN","TTN",0.0714349572443181,6.62849168218131,0.398191596348957,0.529698985658017,0.937896647648966,0.275970858711651
"10030","SLC7A14","SLC7A14",0.18839990813301,1.67151286146572,1.07953338953068,0.529429242234178,0.937896647648966,0.276192074764535
"4984","ITPRIP","ITPRIP",0.0684708376982241,4.90470197759437,0.400137279051615,0.528697463213088,0.937896647648966,0.276792773414069
"12054","VPS35L","C16orf62",0.0533317437515925,5.30900691519916,0.40026742738575,0.528630592491061,0.937896647648966,0.27684770733067
"1726","CDC37","CDC37",0.042459638047341,7.39079343633589,0.401352330164764,0.528073758007336,0.937424858049968,0.277305413719189
"7941","PI4KAP1","PI4KAP1",0.129926372315012,2.31325069270495,0.40174504793782,0.527872453127847,0.937313513148927,0.277471000940355
"9363","RSAD1","RSAD1",0.0470870531235925,6.04032092311431,0.402070448024005,0.527705759571601,0.937313513148927,0.277608165749892
"9907","SLC25A46","SLC25A46",0.0505831744288622,6.21215739480911,0.402398810739256,0.527537644374345,0.937313513148927,0.27774654425638
"10536","ST13","ST13",0.0313660749728371,7.16479717449016,0.402456256999304,0.527508242935052,0.937313513148927,0.277770749616548
"5980","LONRF3","LONRF3",0.0983209688380046,2.77014693331953,0.472343044888542,0.527170299492632,0.937171458921811,0.278049065655716
"3726","FNDC3B","FNDC3B",0.0556396168049401,4.98684064036479,0.40325985262028,0.527097265337798,0.937171458921811,0.278109236966195
"11015","THOC5","THOC5",0.0474278265833899,5.18064923903978,0.403278492822165,0.527087739136578,0.937171458921811,0.278117086018507
"3965","GIGYF2","GIGYF2",0.0351488137479106,6.02149438963302,0.403700404863076,0.526872200894391,0.937171458921811,0.278294715294479
"2343","CSNK1G3","CSNK1G3",0.0550937834334804,6.48187234919205,0.40402449289316,0.526706744636146,0.937171458921811,0.27843112033721
"11380","TOMM7","TOMM7",0.0476213941936796,8.35763987214534,0.404301222120176,0.526565540281971,0.937171458921811,0.2785475655776
"3657","FIZ1","FIZ1",0.213728343835137,1.51378300439834,0.891423516178058,0.526268573288659,0.937171458921811,0.278792563584903
"12882","ZNF808","ZNF808",0.0651447196969871,4.5230184736778,0.406026271705204,0.525686843507826,0.937163037079431,0.279272892038931
"11856","UFD1","UFD1L",0.0395545762008332,6.30124785244548,0.406189840726662,0.525603662112303,0.937163037079431,0.279341617516722
"10524","SSH1","SSH1",0.0661045076118701,3.9896277311695,0.40632611441612,0.525534379503512,0.937163037079431,0.279398867951094
"5401","LIG3","LIG3",0.0635494800714599,4.07915147834335,0.406843660561406,0.525271404067812,0.937066271310743,0.279616241674707
"3630","FGF9","FGF9",0.119558825349476,2.95265924735458,0.406969713202843,0.525207389934038,0.937066271310743,0.2796691717962
"640","ARHGEF2","ARHGEF2",0.0615978451259503,5.39285095177164,0.407088112976279,0.52514727493376,0.937066271310743,0.279718883791209
"3439","FAM214A","FAM214A",0.0627261826204211,5.70013144171728,0.407493703847039,0.524941438068285,0.93686411831887,0.279889143341447
"5846","LOC387647","LOC387647",0.0961400890312783,3.00498756358421,0.457526818158725,0.524787775579616,0.936808428942067,0.280016289981769
"2706","DIPK2B","CXorf36",0.185176936652577,1.70656412631673,1.34677438118257,0.524625868192811,0.936808428942067,0.280150299074644
"10219","SNORD110","SNORD110",0.201637327350446,1.53571105936305,1.35458606197811,0.524600915814661,0.936808428942067,0.280170955581528
"8081","PLEKHA7","PLEKHA7",0.150883190857257,2.01533047259549,0.47130546754178,0.524359392536647,0.936808428942067,0.280370948332276
"12119","WDR17","WDR17",0.193164658358841,1.608517770985,1.08350025907387,0.524114395348753,0.936805738613856,0.280573911782484
"751","ASH2L","ASH2L",0.0553408023213493,5.45717676952448,0.409170256288838,0.524092119805856,0.936805738613856,0.280592370254593
"6146","MAD1L1","MAD1L1",0.0558051333419562,5.60913773227101,0.409379035997584,0.52398652696227,0.936805738613856,0.280679879697887
"5975","LOH12CR2","LOH12CR2",0.148020887786807,2.05386916847557,0.933714508117578,0.523615765181814,0.936805738613856,0.280987286054828
"10426","SPIN1","SPIN1",0.0377050997731975,5.69018974678176,0.410978334211984,0.523178921688622,0.936550064843447,0.281349761585018
"5751","LOC139201","LOC139201",0.199145924216678,1.6620577579267,0.570329981538049,0.523009915342761,0.936550064843447,0.281490077599593
"8163","PNP","PNP",0.0727622209243101,5.68246195180109,0.411319124722932,0.523007118225806,0.936550064843447,0.281492400262456
"9336","RPUSD4","RPUSD4",0.0486882814768241,4.8531180565489,0.46890211151696,0.52284108248357,0.936550064843447,0.281630294857883
"9905","SLC25A44","SLC25A44",0.0663135412089264,4.25340435243254,0.41252298103556,0.522401020230674,0.936323353889546,0.281995983570426
"620","ARHGAP27","ARHGAP27",0.0627289892543946,5.51772084992831,0.412700221826604,0.522311891642504,0.936292962591987,0.282070086328564
"363","ALG11","ALG11",0.0544884561061231,4.35032524829201,0.412828742949406,0.522247279522502,0.936292962591987,0.282123813657741
"8424","PRKCA","PRKCA",0.0655492913542867,5.72570122250178,0.41301147705158,0.522155437126639,0.936292962591987,0.28220019539286
"1655","CD164","CD164",0.0455651363838969,8.78792842551472,0.413517276038017,0.521901371830804,0.936203885060982,0.282411561589136
"7443","NUP107","NUP107",0.0443102427047543,5.70866605543629,0.41372656803539,0.521796307805527,0.936203885060982,0.282498998262549
"5750","LOC115110","LOC115110",0.144016296210672,2.08591340536817,0.76242135699928,0.521735779557315,0.936203885060982,0.282549379241813
"6833","MTMR14","MTMR14",0.0479958340433877,6.42652124690765,0.413915356931933,0.521701568569836,0.936203885060982,0.282577857507642
"1575","CCDC85C","CCDC85C",0.112929132452715,2.54806684520552,0.619116868526324,0.52156379518016,0.936203885060982,0.282692563171831
"10761","TADA1","TADA1",0.048103368520383,6.01719382115523,0.415023636503217,0.521146021250335,0.936098876824639,0.283040573556419
"787","ATG10","ATG10",0.0791900503758181,3.90074275758697,0.415364493108767,0.52097537150667,0.936096051877566,0.283182806972199
"403","AMMECR1","AMMECR1",0.0550624166600198,5.57507381658086,0.415641394273058,0.520836814117025,0.93597672662975,0.28329832627776
"2311","CRTAM","CRTAM",0.160073614525066,1.92711714658059,0.416352352132718,0.520481360568533,0.93565390322973,0.283594818789716
"5572","LOC100132273","LOC100132273",0.0972333921158712,2.99769810480598,0.498360654833327,0.520434428606209,0.93565390322973,0.283633981020682
"5799","LOC283693","LOC283693",0.206003062924064,1.61487750703614,0.57488232801387,0.520422893475008,0.93565390322973,0.28364360701595
"5262","KMT5B","SUV420H1",0.0577470683897287,5.15081516094654,0.417088281466585,0.520113875538083,0.93565390322973,0.283901560012438
"6355","MDC1","MDC1",0.0605414352741724,3.96305978931854,0.417132626109219,0.520091746825272,0.93565390322973,0.283920037855011
"4019","GM2A","GM2A",0.0971525156012302,3.54596327939047,0.417204615825418,0.52005582631816,0.93565390322973,0.283950033748738
"9212","RPL13A","RPL13A",0.0391929288052393,9.63632967015618,0.417246984983881,0.520034687554945,0.93565390322973,0.283967686920452
"303","AIMP1","AIMP1",0.0432509865187307,6.69337096943383,0.417289453010836,0.52001350099378,0.93565390322973,0.283985380728695
"2289","CREBZF","CREBZF",0.0576880158765362,5.90704067288514,0.417987675417428,0.519665389298389,0.93565390322973,0.284276207051044
"3017","EFHC1","EFHC1",0.0799321125875072,3.60895919182698,0.418148114358141,0.519585457864758,0.93565390322973,0.284343012444025
"7315","NPC1","NPC1",0.0659615420100473,5.33831957307511,0.418170230653296,0.519574441131559,0.93565390322973,0.2843522208564
"8997","RFX3","RFX3",0.0611119406636239,5.63960693234256,0.418272311240844,0.519523597355581,0.93565390322973,0.284394721507053
"11953","USP4","USP4",0.0313966048723123,6.92885851714097,0.418609321303818,0.519355803691093,0.93565390322973,0.284535010867196
"3877","GAS8","GAS8",0.153156814436217,2.02773814018892,0.683420937429987,0.519311305695715,0.93565390322973,0.284572222469808
"9249","RPL36A","RPL36A",0.0363216152105708,5.99862064764688,0.418797440837212,0.519262182758709,0.93565390322973,0.284613305398902
"152","ACTN4","ACTN4",0.0502311759105371,7.06329889867815,0.419071776272181,0.519125708561946,0.93565390322973,0.284727463107044
"8751","RABEP1","RABEP1",0.0332336124740576,6.24027597481883,0.419306102320893,0.519009188201303,0.93565390322973,0.284824953616277
"3019","EFHD1","EFHD1",0.16897694290957,1.78758677933666,0.427113304255815,0.518837327544376,0.93565390322973,0.284968786320842
"5058","KCNA3","KCNA3",0.0482711617250617,7.64312568570542,0.420115037717527,0.518607294616184,0.93565390322973,0.285161378833008
"2900","DUOX1","DUOX1",0.109400782555201,2.69356276793673,0.453439826350382,0.518560080684636,0.93565390322973,0.285200918738413
"7040","NCKAP1L","NCKAP1L",0.054602176683608,7.33100113546653,0.420242201475305,0.518544167466254,0.93565390322973,0.285214246276017
"12931","ZP1","ZP1",0.227137260813753,1.47379364036842,0.628343420818378,0.518524378234124,0.93565390322973,0.285230820598614
"10737","SYNGR2","SYNGR2",0.0377640497869351,7.13811550806104,0.420345181184043,0.518493055819714,0.93565390322973,0.285257055744323
"3319","EXOC8","EXOC8",0.040161885429556,6.2744162357835,0.420671222375883,0.518331291400885,0.93565390322973,0.285392572228333
"5881","LOC440354","LOC440354",0.135960368299928,2.18216278834189,0.872551785168723,0.518271230669146,0.93565390322973,0.285442898257544
"9541","SCRN3","SCRN3",0.108217090254205,3.41034701772422,0.42175470564582,0.517794364508077,0.93565390322973,0.285842680583965
"2158","COG6","COG6",0.066937227890546,4.98752616420387,0.421805830830784,0.517769053383542,0.93565390322973,0.285863910537687
"12100","WASHC2C","FAM21C",0.0441242020543904,4.84352074375405,0.421925835132112,0.517709650078227,0.93565390322973,0.285913739718426
"6545","MIR4482","MIR4482-1",0.227364877996906,1.44337016979417,1.73901097057883,0.517633527484225,0.93565390322973,0.285977601872153
"4752","IFT81","IFT81",0.189962348690198,1.70673664247963,0.440552953816545,0.517622815083597,0.93565390322973,0.285986589668295
"1668","CD300A","CD300A",0.123789578517962,4.19637578604724,0.423898067831614,0.516735096174896,0.93565390322973,0.286732040568781
"2412","CWC22","CWC22",0.0511087718197874,6.10006010321952,0.424208144666152,0.516582169922087,0.93565390322973,0.286860587783459
"2787","DNAJC25","DNAJC25",0.101437155741462,2.72010767550916,0.530575111002484,0.516511710237669,0.93565390322973,0.286919827805638
"7002","NATD1","C17orf103",0.0847824067965257,3.46773486645574,0.424913472468684,0.516234607382647,0.93565390322973,0.287152884543175
"8066","PLCL1","PLCL1",0.0834719178118718,4.49414700495262,0.425571310281116,0.515910817353597,0.93565390322973,0.287425365967118
"4116","GPBP1","GPBP1",0.044311337532692,7.82395078723547,0.426131998245347,0.51563512686298,0.935571258852229,0.287657504656258
"10800","TAOK2","TAOK2",0.0634975140770535,4.09469073776833,0.472413810111878,0.515485958200025,0.935562302144505,0.287783160369413
"9820","SLAIN1","SLAIN1",0.074963797325988,3.68112790065488,0.426697444348624,0.515357359150368,0.935459776165905,0.287891517977196
"2525","DCAF8","DCAF8",0.0388621014853201,6.58824877291694,0.426944569317293,0.515236044977743,0.935370446612967,0.287993762132418
"12255","YIPF3","YIPF3",0.0479384076971634,6.28347697268133,0.42754140402329,0.514943264446335,0.935148305151315,0.288240618134007
"11090","TLR2","TLR2",0.149575532702619,2.08490871946848,0.459177399436087,0.514854789626757,0.935148305151315,0.288315242718648
"12741","ZNF583","ZNF583",0.100763603928063,2.92356606959707,0.434742508805623,0.514798509061479,0.935148305151315,0.288362719551859
"5694","LOC100506688","LOC100506688",0.146581797881367,2.09573982772209,1.19027681241545,0.514762665050675,0.935148305151315,0.288392959340419
"10585","STAT6","STAT6",0.0570085403316249,7.05130707856412,0.42801695892024,0.514710187556617,0.935148305151315,0.28843723576025
"3494","FANCA","FANCA",0.120629697272223,2.47638595730141,0.510401506133307,0.514697545150187,0.935148305151315,0.288447903112314
"5722","LOC100507250","LOC100507250",0.184145833255123,1.79171977442062,0.545976456949398,0.514678933278513,0.935148305151315,0.288463607829365
"527","AP3M2","AP3M2",0.0577938847012231,6.4384007498868,0.428289311752243,0.514576786596987,0.935148305151315,0.288549809420322
"7957","PIGC","PIGC",0.0400935066945544,6.51170039776029,0.428646207250216,0.514402067711277,0.935148305151315,0.288697294372728
"7382","NSUN3","NSUN3",0.0550445812382852,4.57020382194157,0.42872708059871,0.514362490476433,0.935148305151315,0.288730709549356
"6169","MAGT1","MAGT1",0.0430488985047415,7.01500918912853,0.428845015832767,0.514304785731953,0.935148305151315,0.288779434443621
"7606","PACRG","PACRG",0.218410001459363,1.4856002419782,0.726634133266653,0.514180688900012,0.935148305151315,0.288884238198121
"2034","CLCN2","CLCN2",0.20909709719754,1.57846595245019,0.648988662356532,0.514006828278134,0.935148305151315,0.289031111619866
"9312","RPS4X","RPS4X",0.0565552419622364,11.1896822187874,0.429671912596031,0.513900510686115,0.935148305151315,0.289120950736599
"11151","TMEM126A","TMEM126A",0.0516550626959647,5.25622500687689,0.429887089441419,0.513795400740346,0.935148305151315,0.289209787656338
"5366","LDHC","LDHC",0.32937750171299,1.3818124292076,0.4298956827365,0.513791203855845,0.935148305151315,0.289213335160309
"9217","RPL15","RPL15",0.0325029410905783,11.1085954302613,0.430158685536006,0.513662784820216,0.935148305151315,0.289321898034072
"1094","BOLL","BOLL",0.247712788440478,1.39296327931602,0.686824168796859,0.513648029193352,0.935148305151315,0.289334373883128
"5229","KLHL20","KLHL20",0.0446329299620454,5.67849023077555,0.430558960269838,0.513467446553599,0.935148305151315,0.289487085134457
"5648","LOC100505622","LOC100505622",0.192057002428021,1.73070158791855,0.797755151106788,0.513328902099196,0.935148305151315,0.289604282848473
"9941","SLC31A2","SLC31A2",0.100957944388342,3.05541728962737,0.430849273820812,0.513325851910711,0.935148305151315,0.289606863423924
"2741","DMBX1","DMBX1",0.221840751501026,1.50589993559731,1.34888757914912,0.513324370939639,0.935148305151315,0.2896081163873
"2477","CYTH1","CYTH1",0.0387360288185308,8.81930130576846,0.431361725808674,0.513076080509088,0.935148305151315,0.289818231583272
"10127","SMU1","SMU1",0.0330965941322546,7.21555579043927,0.431552103314336,0.512983343861393,0.935148305151315,0.289896735836568
"4180","GRAMD1C","GRAMD1C",0.251600811895429,1.38677967340264,0.66583054190661,0.51295781594538,0.935148305151315,0.289918348446522
"4820","IL7","IL7",0.134850462371,2.55348431435843,0.432354756310192,0.512592678074997,0.935148305151315,0.290227601613219
"11165","TMEM143","TMEM143",0.0850764826890054,3.33420585815664,0.573659144635727,0.512483945357202,0.935148305151315,0.290319735251698
"3052","EIF2A","EIF2A",0.0445257270896538,6.94165555370999,0.433035346965939,0.512261829772084,0.935148305151315,0.290508003555531
"724","ARSA","ARSA",0.0647619461328962,5.68136105777171,0.434058526984189,0.511765143975246,0.935148305151315,0.29092929698481
"105","ACBD3","ACBD3",0.058599413844072,4.67422856385024,0.434196866249983,0.511698054030515,0.935148305151315,0.290986234631198
"580","AQP11","AQP11",0.11982511150169,2.52362554009362,0.524505926282842,0.511333743853129,0.935148305151315,0.291295546437058
"2344","CSNK2A1","CSNK2A1",0.0428896403311344,5.17662086137927,0.530101858818632,0.511166642248275,0.935148305151315,0.291437495147372
"1125","BRIP1","BRIP1",0.0951441340651321,3.03025743050923,0.492167777619751,0.511156495917489,0.935148305151315,0.291446115700517
"11202","TMEM186","TMEM186",0.0906278405104328,3.30046721457321,0.435471275984289,0.511080729155769,0.935148305151315,0.291510494272888
"10350","SON","SON",0.0358953554690018,9.16321667580305,0.43611801743206,0.510767943980321,0.935148305151315,0.291776367065076
"9748","SH3PXD2A","SH3PXD2A",0.0876230951487415,3.41786963487269,0.436164685242577,0.510745386821988,0.935148305151315,0.291795547332427
"12701","ZNF529","ZNF529",0.0557826865048839,5.14867139853534,0.43617704889458,0.510739411069671,0.935148305151315,0.291800628634198
"9497","SCAMP3","SCAMP3",0.0402400911948334,6.31853068376452,0.436319986759322,0.510670333431297,0.935148305151315,0.291859371048545
"11349","TNK2","TNK2",0.0763183322517914,3.71809822551115,0.436503680454219,0.510581583613405,0.935148305151315,0.2919348540036
"12943","ZSCAN2","ZSCAN2",0.0846337371681986,3.31040738982115,0.476874704424396,0.510429906119969,0.935148305151315,0.292063888200717
"5295","KSR1","KSR1",0.170669098972588,1.84856458135743,0.929156871426542,0.510413843653089,0.935148305151315,0.292077555014534
"7632","PAN2","PAN2",0.0546547589597082,4.58731315059144,0.437347869185635,0.510174067359797,0.935148305151315,0.29228162077283
"8985","RFFL","RFFL",0.0590904688864812,4.37166837900326,0.437359910361411,0.51016825880651,0.935148305151315,0.292286565432237
"906","AURKAP1","AURKAPS1",0.150303382575862,1.9738397136067,0.641277810218854,0.510163437180684,0.935148305151315,0.292290669990584
"6149","MAD2L2","MAD2L2",0.0448156035385511,5.2843944863951,0.437552941376657,0.510075158123677,0.935148305151315,0.292365827130488
"4621","HSD17B4","HSD17B4",0.106344639222405,5.02491079778761,0.437712166454336,0.509998384624539,0.935148305151315,0.292431199489828
"653","ARID1B","ARID1B",0.0481212710950028,6.22661261260669,0.438716748141972,0.509514469165684,0.935148305151315,0.292843478410079
"12970","ZYG11B","ZYG11B",0.0479859361425605,5.82981673338805,0.439191573982521,0.509286019458189,0.935148305151315,0.29303824558997
"1778","CDK7","CDK7",0.0566972234509065,5.35777918118441,0.439224607632552,0.509270132830286,0.935148305151315,0.29305179314907
"11579","TSC1","TSC1",0.0428191535402732,5.65654555171707,0.439520290649433,0.509127970549326,0.935148305151315,0.293173042971417
"991","BCKDHB","BCKDHB",0.0614735069522624,4.99128933323597,0.439532056860986,0.509122314865947,0.935148305151315,0.293177867388593
"6100","LTV1","LTV1",0.0578928197468584,5.95709359966009,0.439928812613754,0.50893166954551,0.935148305151315,0.29334052322591
"742","ASB6","ASB6",0.0490631153256733,5.46215428712331,0.440228277864864,0.508787855458222,0.935148305151315,0.29346326365372
"7265","NMRK1","C9orf95",0.0699957034917605,6.59143237250162,0.441249990027465,0.508297722885928,0.935148305151315,0.293881835881187
"3507","FARP1","FARP1",0.142566353004134,2.20509606677324,0.585932414965518,0.508248827571403,0.935148305151315,0.293923614519451
"11427","TPMT","TPMT",0.0476006928993462,5.16061658517253,0.441573836990748,0.508142539048958,0.935148305151315,0.294014446693891
"11058","TIMMDC1","TIMMDC1",0.0799588697576355,5.42857384378697,0.442617521286256,0.507642975949517,0.934930767602653,0.294441618595316
"4685","ICAM4","ICAM4",0.227871380217363,1.52653996684204,0.725597876625835,0.507595412574415,0.934930767602653,0.294482311523394
"11774","UBE2A","UBE2A",0.0475214482255298,5.6083386313152,0.442809220707927,0.507551310910887,0.934930767602653,0.294520046185156
"11232","TMEM241","TMEM241",0.140053526118758,2.23122621609113,0.634302499504265,0.507403612494017,0.934930767602653,0.294646445114618
"11194","TMEM18","TMEM18",0.047325157330566,4.92318774916126,0.44314788851313,0.507389439982676,0.934930767602653,0.294658575752398
"12178","WHAMM","WHAMM",0.0883414333581484,6.04918109802403,0.443704872926203,0.507123416043152,0.934930767602653,0.294886335767367
"4527","HLA-L","HLA-L",0.172778467625077,4.49685987675201,0.443732534640922,0.507110210697988,0.934930767602653,0.294897644815668
"9244","RPL32P3","RPL32P3",0.0782154321372999,3.54344953384103,0.690188879861392,0.507045304585358,0.934930767602653,0.294953234646164
"1527","CCDC144A","CCDC144A",0.228747603859941,2.10513450099119,0.443924884825404,0.507018401667638,0.934930767602653,0.294976278146575
"2773","DNAJB9","DNAJB9",0.0692479088154059,7.51424747124732,0.444923149860407,0.506542390022089,0.934930767602653,0.295384204830158
"10916","TDP2","TDP2",0.045472081294222,5.78981341174113,0.445456096909261,0.506288576568209,0.934930767602653,0.295601871525583
"2339","CSNK1D","CSNK1D",0.0691291202427949,6.24640714236215,0.44550948060012,0.506263164961169,0.934930767602653,0.295623670156237
"6203","MAP1LC3A","MAP1LC3A",0.11712509725751,2.52261053005951,0.646575465175247,0.506107679593297,0.934930767602653,0.29575707272937
"10027","SLC6A6","SLC6A6",0.0492708478542904,4.94401032117632,0.445898230551431,0.506078179390884,0.934930767602653,0.295782387793818
"11489","TRIB1","TRIB1",0.143490772327536,2.54744139332821,0.446248633351791,0.505911541285045,0.934930767602653,0.295925412982743
"7022","NCAPD3","NCAPD3",0.0518513176355195,4.80345027843029,0.518390093526712,0.505661720692423,0.934930767602653,0.296139921829754
"7559","OSMR","OSMR",0.192855868427678,1.71539945508439,1.20417627705682,0.505339691077308,0.934930767602653,0.296416589474242
"7460","NUP62","NUP62",0.0444962909087082,6.03620357822493,0.447970695217702,0.505093970319677,0.934930767602653,0.296627815951167
"6938","N4BP1","N4BP1",0.0611490251063581,5.26006648895223,0.448169487271016,0.504999738056607,0.934930767602653,0.296708847149853
"7421","NUDT15","NUDT15",0.0574662389838182,4.79983267111181,0.44862836252985,0.50478233577623,0.934930767602653,0.296895851087883
"10001","SLC44A2","SLC44A2",0.0381054854152353,7.9509854782064,0.448765409465247,0.504717438061723,0.934930767602653,0.296951690068868
"1427","CAPZA2","CAPZA2",0.0475144370631891,7.52531895880676,0.449152660271953,0.50453413559925,0.934822138964194,0.297109445084414
"8675","QKI","QKI",0.0660938412480463,5.38365754177202,0.449324145026394,0.504453001140581,0.934822138964194,0.297179289875264
"2029","CLASP2","CLASP2",0.0574154202460756,5.51065981060908,0.449796901191327,0.504229442733872,0.934822138964194,0.297371798795383
"456","ANKRD23","ANKRD23",0.101245438970234,2.86563934581144,0.656847037133525,0.503982909587292,0.934822138964194,0.297584190534193
"8716","RAB29","RAB7L1",0.0563722274499792,6.31850328925604,0.450660917710566,0.503821304546378,0.934793161310091,0.297723471908759
"9221","RPL19","RPL19",0.0383156249674689,11.0650857538478,0.451826356206379,0.503271682685569,0.93430789059529,0.298197505127155
"7041","NCKAP5L","NCKAP5L",0.129605052559611,2.34432140571743,0.794510002818204,0.502932951452008,0.93430789059529,0.298489909089828
"8718","RAB2B","RAB2B",0.0482943632007487,5.05417526201577,0.452601647927592,0.502906625240853,0.93430789059529,0.298512642989948
"2468","CYP4F12","CYP4F12",0.217845150003812,1.54418486199361,0.497626224663514,0.502895825302175,0.93430789059529,0.298521969580414
"6689","MRPL21","MRPL21",0.0537662450424581,5.47536421827907,0.453735392551573,0.50237360350666,0.93430789059529,0.29897318804588
"867","ATP6V1C2","ATP6V1C2",0.239592677156762,1.45352821617697,1.14910589696165,0.502189372855264,0.934170165479114,0.299132481904161
"2713","DIXDC1","DIXDC1",0.153869225443971,2.17920511080488,0.454201492812237,0.502154751183426,0.934170165479114,0.299162423834779
"10309","SNW1","SNW1",0.0390686234641712,7.34905585671469,0.454638589342039,0.501949665859674,0.933992113482149,0.299339830535022
"3716","FMO4","FMO4",0.137195146163283,2.47392086177235,0.455401988760631,0.501591823888974,0.933460153681202,0.299649551261953
"7444","NUP133","NUP133",0.0482783275338574,5.46767961139741,0.455572674498456,0.501511875114792,0.933445273438191,0.299718779022892
"8308","PPME1","PPME1",0.0602692472724473,4.322075782864,0.455981660522683,0.501320395920775,0.933222771743467,0.299884626015999
"6050","LRRC58","LRRC58",0.0415010938174055,6.89723876840845,0.456290570911221,0.501175853192596,0.93308759234609,0.300009861616108
"4099","GP6","GP6",0.146511488109211,2.12436088914665,0.867549273191667,0.501131518003673,0.93308759234609,0.300048282021803
"3784","FTL","FTL",0.0345272753960821,10.581131235454,0.456651607304978,0.501007010559979,0.933041049094833,0.300156197034527
"3044","EID2B","EID2B",0.0812384393703429,3.31013084721534,0.543008439035067,0.500885843757502,0.932949325350477,0.300261242346978
"1117","BRD7P3","BRD7P3",0.126799663114411,2.85060036132681,0.45724834843585,0.500728151479801,0.932789533191766,0.300397991407865
"8804","RANBP10","RANBP10",0.059107920374492,4.2779122972398,0.458817108015105,0.50047671472062,0.932588971570038,0.300616123786246
"7216","NIPA2","NIPA2",0.0552265210917746,6.20181198532919,0.458327447183418,0.500224559088001,0.932253010350328,0.300834989905459
"958","BANP","BANP",0.0643752969364346,4.1023261401386,0.683580580191895,0.500219856077241,0.932253010350328,0.30083907307408
"8224","POLR2J4","POLR2J4",0.0972664581462442,2.9729848692887,0.908968904967502,0.499900130793557,0.932184044384766,0.301116749618859
"12417","ZFP64","ZFP64",0.0790499542544366,3.79524582553317,0.459194847329269,0.499820389528608,0.93216933774506,0.30118603136454
"9989","SLC39A8","SLC39A8",0.0466952748380177,6.41197644348224,0.459637085341406,0.499614541211715,0.931919402320572,0.301364930033478
"548","APEX1","APEX1",0.035099488581465,6.82406349459673,0.460136574094138,0.49938221851545,0.931620005867261,0.301566925617238
"8669","PYHIN1","PYHIN1",0.0555289920274303,7.42843640635098,0.460391673751573,0.499263637471693,0.931532743983931,0.301670063467148
"4226","GSS","GSS",0.0502750288308626,5.25687871840464,0.461078371376459,0.498944670268125,0.931183424427174,0.301947612151243
"1723","CDC26","CDC26",0.0525187620841153,5.98420676321898,0.461198141365234,0.498889073392874,0.931183424427174,0.301996007820984
"6388","MED22","MED22",0.0797979003879288,3.83825340086427,0.462327961064225,0.498365133946036,0.9310614750406,0.302452348902074
"6718","MRPL50","MRPL50",0.0638020413083657,5.3716856660124,0.462456658659572,0.498305511598453,0.9310614750406,0.302504309209523
"3765","FRMD3","FRMD3",0.208342735660429,1.62817894726344,0.674165488177012,0.498211240013478,0.9310614750406,0.302586478684769
"5026","KALRN","KALRN",0.127914611497406,2.92074061803458,0.463009931582139,0.498049332611861,0.9310614750406,0.302727637521429
"8199","POLG2","POLG2",0.081481629149039,4.00551238986588,0.463441493207288,0.497849664665656,0.930902810566094,0.302901781061383
"1885","CERKL","CERKL",0.106273602958711,3.22586798986015,0.463735004450817,0.497713945503004,0.930902810566094,0.303020190539576
"5086","KCNQ5","KCNQ5",0.16892211936907,1.89742197394157,0.542174703938249,0.497634516697203,0.930902810566094,0.303089503937741
"4074","GOLGA4","GOLGA4",0.0573170580045747,7.58377932003473,0.463982671187542,0.497599473764604,0.930902810566094,0.303120087604315
"7401","NTRK1","NTRK1",0.219945127304762,1.53457565821867,1.21311828879545,0.497566252180561,0.930902810566094,0.303149083680564
"6006","LRG1","LRG1",0.215742613963567,1.5766711318353,1.25312571861073,0.497347098275779,0.930902810566094,0.303340411564606
"7846","PEX6","PEX6",0.0959956894486378,3.30590095727517,0.464877242116041,0.497186375414193,0.930902810566094,0.303480781002853
"837","ATP5F1B","ATP5B",0.033284873524948,9.39793787930997,0.465139740445963,0.497065268642743,0.930902810566094,0.303586581185607
"2115","CNKSR2","CNKSR2",0.0946721506922454,3.35860462208415,0.465302027625993,0.496990420586467,0.930902810566094,0.303651982145
"2814","DNMT1","DNMT1",0.0465666696680246,6.91549518168369,0.465352517844766,0.496967138029953,0.930902810566094,0.303672328055614
"10057","SLFN5","SLFN5",0.0585887690760915,7.90654499286561,0.465742250825979,0.496787482825954,0.930902810566094,0.303829355279346
"10144","SNAPC5","SNAPC5",0.0710325480891362,3.84608035354161,0.708515673888807,0.496748433726313,0.930902810566094,0.303863493569112
"5540","LOC100130451","LOC100130451",0.236615316282811,1.47401668540727,1.88400832090589,0.496698318517568,0.930902810566094,0.303907310227804
"9935","SLC30A4","SLC30A4",0.145356810758791,2.44426126917143,0.46626653417538,0.496545978003738,0.930902810566094,0.304040531521452
"8172","PNRC2","PNRC2",0.0405753869042988,8.33432021927871,0.466952063448711,0.49623049794811,0.930902810566094,0.304316547835779
"7854","PFDN6","PFDN6",0.139712307226868,2.30933681968449,1.27688661466512,0.496002048343067,0.930902810566094,0.304516529997193
"3803","FUT5","FUT5",0.201981440609149,1.50787912828031,0.72741988165698,0.495598962890077,0.930902810566094,0.304869611116773
"10100","SMG1","SMG1",0.0548160967926901,6.67697602950636,0.468713345232521,0.495421515530541,0.930902810566094,0.305025136479924
"10447","SPRED1","SPRED1",0.145786071032505,2.19589857475067,1.55207527369368,0.495408700852124,0.930902810566094,0.30503637017876
"6245","MAPK1IP1L","MAPK1IP1L",0.0547409528130951,8.25467337914578,0.469000740767235,0.495289722858913,0.930902810566094,0.305140683428748
"7564","OTOF","OTOF",0.196887511865189,1.68997578973881,0.469053944477863,0.495265331438284,0.930902810566094,0.305162071557235
"2958","EAPP","EAPP",0.0434237747958806,7.34182015487778,0.469331550950488,0.495138094835594,0.930902810566094,0.305273658721177
"12863","ZNF780B","ZNF780B",0.0875403114493881,3.58771124548262,0.469483317338504,0.495068558495432,0.930902810566094,0.305334654572442
"8423","PRKAR2B","PRKAR2B",0.216683591176406,1.551523006857,0.554714882011351,0.494888678019825,0.930902810566094,0.305492481791511
"9520","SCD5","SCD5",0.115609510475156,2.59610683104394,0.647756278710722,0.494743920445882,0.930902810566094,0.305619533822988
"9978","SLC38A7","SLC38A7",0.0851923472564164,3.50069905968341,0.582957516313371,0.494675230233754,0.930902810566094,0.305679835425429
"1827","CEMIP2","TMEM2",0.10612227194531,7.23796617809132,0.470732549494711,0.494496813115423,0.930902810566094,0.305836502956278
"7557","OSGIN2","OSGIN2",0.0632299776935265,5.14769578933291,0.470915032987043,0.494413388127278,0.930902810566094,0.305909777581304
"12792","ZNF665","ZNF665",0.130141849963263,2.39194991645513,0.652560946051904,0.494131586114435,0.930902810566094,0.306157384044684
"4611","HSBP1","HSBP1",0.0422205651913699,5.95080244908251,0.471854561168691,0.493984245850021,0.930902810566094,0.306286901378992
"10684","SUMO2","SUMO2",0.0327431578912834,8.7652182351831,0.472065900467663,0.493887800554777,0.930902810566094,0.306371701145957
"4959","ITGAM","ITGAM",0.126481262564931,2.80749964087457,0.473022050387958,0.493451856352902,0.930902810566094,0.306755212883322
"8221","POLR2J","POLR2J",0.0483860881324507,5.1334214799412,0.47311816643418,0.493408069457876,0.930902810566094,0.306793752105363
"12737","ZNF578","ZNF578",0.139442171833673,2.27168636353412,1.18882862493103,0.493341936142049,0.930902810566094,0.306851966108938
"8676","QPCTL","QPCTL",0.0954256678641458,3.12331271154331,0.714806569428836,0.493155929176393,0.930902810566094,0.307015741019309
"9293","RPS16P5","RPS16P5",0.0970694718914119,3.05550667173541,0.545616243241237,0.493044137349488,0.930902810566094,0.307114200906715
"5958","LOC729678","LOC729678",0.101781065044074,3.68990381146481,0.474067982444567,0.492975721269664,0.930902810566094,0.307174468913954
"7724","PCMT1","PCMT1",0.0597592469206913,6.83226790128457,0.474720041892463,0.492679279497228,0.930902810566094,0.307435702367355
"11024","THUMPD1","THUMPD1",0.0482154600237018,7.95550503135691,0.474838109399506,0.492625635360796,0.930902810566094,0.30748299199742
"442","ANKMY2","ANKMY2",0.0737537252572565,4.45441556091589,0.475467782873898,0.492339708675395,0.930902810566094,0.307735135661029
"12248","YEATS2","YEATS2",0.0657570056734962,4.87757105028506,0.475471914874738,0.492337833311075,0.930902810566094,0.307736789929235
"133","ACP4","ACPT",0.249122636802066,1.43428621873604,1.33380228362491,0.492330595419137,0.930902810566094,0.307743174568851
"10080","SMARCAL1","SMARCAL1",0.0892540897872771,4.45787291995051,0.475891838966302,0.492147307893775,0.930902810566094,0.307904886195934
"1717","CDC14A","CDC14A",0.0569931261781276,7.35222736658166,0.476374354891727,0.491928537107077,0.930902810566094,0.308097982993325
"4124","GPHN","GPHN",0.0620123084240205,4.54918306126195,0.476457695587279,0.49189076736892,0.930902810566094,0.308131328931544
"10491","SRP68","SRP68",0.0505283913269049,6.24120044191273,0.47690412801333,0.491688528776835,0.930902810566094,0.308309923796548
"12414","ZFP42","ZFP42",0.221700833791031,1.55524500150969,1.39530492832128,0.491541442110327,0.930902810566094,0.308439860698379
"1517","CCDC126","CCDC126",0.0924556963021845,3.56785853464127,0.477733481958635,0.49131319425513,0.930890327015013,0.308641572695521
"12222","XPO5","XPO5",0.0557885695530831,4.53887112874718,0.478310414815214,0.491052380444589,0.930803993499072,0.308872179313466
"2881","DSN1","DSN1",0.0737942065712381,3.88921066192102,0.478732929633194,0.490861522084664,0.93057818588402,0.30904101027384
"1665","CD28","CD28",0.0406671329992836,8.70383793470146,0.479013794932503,0.490734718667504,0.93057818588402,0.309153215317786
"3409","FAM161B","FAM161B",0.120855388924394,2.56173027065661,0.68117720120793,0.490568978856883,0.93057818588402,0.309299917885096
"4556","HNRNPA0","HNRNPA0",0.0451458536120642,7.83749216883152,0.479420398929993,0.490551245051763,0.93057818588402,0.309315617681145
"12399","ZFAS1","ZNFX1-AS1",0.036137907999568,7.62809766463717,0.479793393179136,0.490383038697379,0.93057818588402,0.309464559549028
"476","ANKRD52","ANKRD52",0.0623269445602551,4.91606936980632,0.480952308890653,0.48986102924294,0.93057818588402,0.309927109345368
"7326","NPLOC4","NPLOC4",0.0618582511900433,5.10406458731347,0.483813021982732,0.488576465328444,0.929233614529526,0.311067456773466
"11248","TMEM268","C9orf91",0.0933343680514976,3.10804409722987,0.491688888475633,0.488428581293415,0.929233614529526,0.311198930446171
"9200","RPE","RPE",0.0981142795460605,3.35351116202789,0.484152486873527,0.488424408128701,0.929233614529526,0.311202641101565
"4534","HMCES","C3orf37",0.0602407482476313,4.8113436248859,0.484651770594396,0.488200906931425,0.929233614529526,0.311401418128688
"1943","CHDH","CHDH",0.176061906625207,2.77317935399445,0.485716545196442,0.487724838821263,0.928703116692829,0.311825126121951
"5731","LOC100507433","LOC100507433",0.154634453922718,1.99382455942004,0.552252587722165,0.487626521185411,0.92865221070733,0.311912681865696
"355","ALDH7A1","ALDH7A1",0.218172582032294,1.72455535141381,0.485993086785144,0.487601322221718,0.92865221070733,0.311935125381757
"1743","CDCA2","CDCA2",0.246520540436164,1.42285055371882,0.608293176414068,0.486976402356732,0.928231687889199,0.312492083086304
"2418","CXADR","CXADR",0.121733047796816,2.52642802995235,0.76909857281678,0.486831333371501,0.928227937658507,0.31262147754054
"6394","MED28","MED28",0.0424816990723719,5.67609588396716,0.488339798860033,0.486555270438651,0.927837942584245,0.312867818739689
"5395","LHFPL2","LHFPL2",0.164058558394308,2.04105863929089,0.672477788083839,0.486490780953436,0.927837942584245,0.312925385239384
"7017","NBPF9","NBPF9",0.0977514576895547,3.42951721798534,0.489137011110205,0.486200764081929,0.927707385267666,0.313184362982801
"859","ATP6V0B","ATP6V0B",0.0475764594472506,6.54025747267634,0.489491729826614,0.486043165405232,0.927707385267666,0.313325159410875
"8250","POMZP3","POMZP3",0.147529407144358,2.17961452720823,1.19464021974853,0.485987425606914,0.927707385267666,0.313374967487045
"2600","DDX56","DDX56",0.0486203774887885,5.91479263763846,0.489901119583979,0.485861382723883,0.927707385267666,0.313487618196541
"8741","RAB5C","RAB5C",0.0420063461064268,6.84071875843837,0.490004138111684,0.485815656923421,0.927707385267666,0.313528492812335
"7859","PFKM","PFKM",0.0767661307094953,3.82429766952722,0.627616624614972,0.485619713897866,0.927707385267666,0.313703691242362
"2996","EEF1AKMT1","N6AMT2",0.113213935762909,2.86775334563364,0.568980691671305,0.485391957584921,0.927707385267666,0.313907423730136
"673","ARL2BP","ARL2BP",0.0307087676332609,7.64356250424782,0.491684001432981,0.485071043765581,0.927707385267666,0.314194649736263
"4750","IFT74","IFT74",0.0746583848522408,4.33208168809983,0.491839195406186,0.485002348715421,0.927707385267666,0.314256158239639
"4304","H2AC11","HIST1H2AG",0.146439924695039,2.19948334201413,0.63987055667439,0.484611860880517,0.927707385267666,0.314605960706309
"2559","DDHD1","DDHD1",0.0663022604230991,6.97923915537634,0.493621344843053,0.484214657387033,0.927675377109508,0.314962068413572
"12390","ZEB2","ZEB2",0.150072880256686,3.35911699571485,0.494110547520255,0.48399880713188,0.927598836596526,0.31515570872063
"11259","TMEM41A","TMEM41A",0.0518728927828036,4.67124743008481,0.494178197859477,0.483968970451532,0.927598836596526,0.315182482144163
"10002","SLC44A5","SLC44A5",0.313448685384555,1.88972755084034,0.494789369418049,0.483699556268759,0.927299297099838,0.315424311019893
"4152","GPR3","GPR3",0.20490691347088,1.73923418607886,0.934709879569113,0.483517750423177,0.927224800626737,0.315587577900867
"9463","SAR1A","SAR1A",0.085697299754666,8.09992174368291,0.495797709783551,0.483255608013216,0.927200854840007,0.315823097433787
"1319","C4orf48","C4orf48",0.0694928878274729,4.08009913370274,0.636171746920823,0.48265175252171,0.926385735384545,0.316366112535874
"8028","PKD2","PKD2",0.102974906868184,3.07351935425694,0.497348602437172,0.482574105793628,0.92637376064823,0.316435985395839
"10667","SUCLG2","SUCLG2",0.0419223891583542,6.96693431757926,0.497642768330426,0.482445021577361,0.926279003557216,0.316552170788584
"6698","MRPL33","MRPL33",0.041677690811147,6.38362832560294,0.498302936013838,0.482155538806362,0.926118419445504,0.316812839875849
"4294","GZMK","GZMK",0.122110755513983,6.90679838606314,0.498872143349783,0.48190617305206,0.926050775145072,0.317037510500461
"5803","LOC284276","LOC284276",0.116205116643418,2.7621589757934,0.811269528883333,0.481707823670655,0.925806755033986,0.317216300022703
"10035","SLC7A6OS","SLC7A6OS",0.0600579198528439,4.39955262914397,0.499690974532155,0.481547823313562,0.925636377514719,0.317360575891824
"4776","IKZF3","IKZF3",0.0685054113245107,6.83167830082674,0.499759491386821,0.481517857897755,0.925636377514719,0.317387601701156
"11529","TRIM69","TRIM69",0.13856147610104,2.58771713596543,0.500877663029857,0.481029268321082,0.925325133144928,0.317828498088478
"8993","RFTN2","RFTN2",0.250060841605871,1.42642756233859,0.7389546974604,0.480908698890791,0.925230394588497,0.317937367143075
"5657","LOC100505716","LOC100505716",0.108976583782868,2.84658617272933,0.57287822492999,0.4808641472084,0.925230394588497,0.31797760231901
"3729","FNIP2","FNIP2",0.0994519497163963,3.57572270793527,0.501380069540048,0.480810006740145,0.925230394588497,0.318026502264046
"3974","GINM1","C6orf72",0.07196291401852,5.42613049875284,0.501543911579743,0.48073853809371,0.925230394588497,0.31809106153981
"9369","RSKR","SGK494",0.104502059635772,3.28778602732015,0.502439075632749,0.480348373287203,0.925230394588497,0.318443675709872
"8132","PLXNC1","PLXNC1",0.0885109135814316,4.17663748708177,0.50269053984154,0.480238864614732,0.925230394588497,0.318542696414092
"10240","SNORD34","SNORD34",0.217119632387559,1.63440392060576,2.00036660237425,0.480236910178316,0.925230394588497,0.318544463873456
"7703","PCBP2","PCBP2",0.0428382478783002,7.82658430518512,0.503326584980381,0.479962061016312,0.925230394588497,0.318793090421192
"5815","LOC285033","LOC285033",0.134376185702958,2.41929614066807,0.818881090748096,0.479376862950911,0.924614338843618,0.319322930951577
"10953","TEX14","TEX14",0.264290967252709,1.41836433686351,0.91974165534248,0.479124438157566,0.924607804673583,0.319551677010144
"9983","SLC39A13","SLC39A13",0.0619084476038596,4.91996453188938,0.505376833968097,0.479071593063214,0.924607804673583,0.319599580220235
"5726","LOC100507341","LOC100507341",0.141937859568215,2.44939750969099,0.50590027004383,0.478844689839813,0.924607804673583,0.319805324336816
"6128","LYSMD1","LYSMD1",0.162349346258841,2.0631424954234,0.856134955958084,0.478526359963861,0.924607804673583,0.320094133808701
"4566","HNRNPH1","HNRNPH1",0.0771221767059801,10.3197638020534,0.506819067009037,0.478446830404187,0.924607804673583,0.320166318169437
"4980","ITPR1","ITPR1",0.0569838794282379,5.64879269996233,0.507371098767983,0.47820805016508,0.924607804673583,0.320383117235623
"12214","XKR9","XKR9",0.172946189098054,2.05433373250386,0.508260049900848,0.477823948145437,0.924265987469304,0.320732087556469
"7189","NFX1","NFX1",0.0465578993168555,6.23214308578236,0.508684051454332,0.477640922390418,0.924151481904682,0.320898471646296
"10776","TAF3","TAF3",0.0387579320851668,6.29077605860475,0.508808192060202,0.477587357312279,0.924151481904682,0.320947178365679
"5770","LOC152217","LOC152217",0.0475502660628142,6.63240387487518,0.509543445086709,0.477270307445064,0.923985628784483,0.321235583680862
"443","ANKRA2","ANKRA2",0.0448452305043609,5.91373385303735,0.509563192561822,0.477261796869756,0.923985628784483,0.321243327990095
"4802","IL1RAP","IL1RAP",0.0680798115660572,3.94184884383929,0.574243740902762,0.477049763694609,0.923972317768015,0.321436314941668
"237","ADRM1","ADRM1",0.0486768017948646,5.98266674730255,0.510313704591972,0.476938533215429,0.923972317768015,0.321537588266933
"6346","MCRIP2","FAM195A",0.0812660683274155,3.76773427579609,0.510615367621783,0.476808700996576,0.923972317768015,0.321655828015468
"4390","HCFC1","HCFC1",0.0510495462629051,6.6558058326713,0.511091170278536,0.476604039063043,0.923798625245011,0.321842281470556
"12757","ZNF600","ZNF600",0.113564223313872,4.17306205817799,0.511768559029288,0.476312915512376,0.923648348720786,0.322107642171576
"11591","TSGA10","TSGA10",0.103113939044498,3.31954209147548,0.511813407361409,0.476293651200949,0.923648348720786,0.322125207417175
"185","ADAMTS17","ADAMTS17",0.131195608209537,2.50546437491828,0.779907810054699,0.476223465151889,0.923648348720786,0.32218920923582
"2611","DEF6","DEF6",0.048744337135023,7.22465795016672,0.512016665500532,0.476206359003956,0.923648348720786,0.322204809557158
"4734","IFNGR1","IFNGR1",0.0825722594272738,6.18481726728168,0.513308621362465,0.475652122499872,0.923648348720786,0.322710560963008
"268","AGFG1","AGFG1",0.0729150839673671,5.42549660094575,0.513507125525158,0.47556705987391,0.923648348720786,0.322788234394862
"4526","HLA-J","HLA-J",0.245683352938182,2.90056349210796,0.513548759402301,0.475549222167,0.923648348720786,0.322804524343479
"2461","CYP2D6","CYP2D6",0.201708536518306,1.75872937417846,0.997471007076831,0.475538865623802,0.923648348720786,0.322813982541138
"8511","PSEN2","PSEN2",0.190571489450521,2.10355044815905,0.515349659020451,0.474778688666732,0.923648348720786,0.323508783403546
"9094","RNASEH1","RNASEH1",0.0541344079880536,6.06796205081031,0.515856923047632,0.474562019424266,0.923648348720786,0.323707022575706
"129","ACOX1","ACOX1",0.0545944075019766,4.63418041428412,0.515919120663292,0.474535463901155,0.923648348720786,0.323731325489489
"8077","PLEKHA2","PLEKHA2",0.0752004542997017,5.82000252447082,0.516914376831441,0.47411086566747,0.923648348720786,0.324120091410953
"2223","COX10","COX10",0.058008201981369,5.04738065915179,0.517205811233798,0.473986650902034,0.923648348720786,0.324233889383345
"6091","LTB4R","LTB4R",0.0813715831894985,4.19621196215611,0.517275543867334,0.473956937443125,0.923648348720786,0.324261115457566
"2797","DNAJC9","DNAJC9",0.0358392155108412,6.44140315193246,0.51779469843503,0.47373581848984,0.923648348720786,0.324463777644013
"1178","C10orf67","C10orf67",0.262720009480633,1.39714318881633,1.06632873067668,0.473677002709822,0.923648348720786,0.324517700006413
"6861","MTUS1","MTUS1",0.156252655649551,3.58568705938685,0.518459420837269,0.473452945070329,0.923648348720786,0.324723177614852
"5156","KIAA1656","KIAA1656",0.17491108050345,1.97092385940613,0.997635808978693,0.47321009705182,0.923648348720786,0.324945997249717
"12044","VPS18","VPS18",0.0659222639215212,4.88184224181007,0.519358513498744,0.47307077372661,0.923648348720786,0.325073881799949
"9308","RPS29","RPS29",0.0423890204647761,11.2588572847438,0.519366863416126,0.473067226843072,0.923648348720786,0.325077137967543
"8578","PTCD3","PTCD3",0.0485048211270432,7.02087262450304,0.520003919573799,0.47279674560052,0.923648348720786,0.325325521493553
"2855","DPP7","DPP7",0.0395801466739361,7.30292962835645,0.520988699920815,0.472379123753547,0.923223581020751,0.325709303774388
"6406","MEGF11","MEGF11",0.175755993041031,2.00964173434682,0.695241686484661,0.472037812002927,0.922945973641895,0.326023211352163
"7142","NEK8","NEK8",0.100225260591577,3.19169220995221,0.649937016570545,0.471918988609734,0.9228527342831,0.326132547593448
"5390","LGALS3BP","LGALS3BP",0.0958226651449387,6.59611446914055,0.522134652725555,0.471893909040213,0.9228527342831,0.326155628266919
"2929","DYDC1","DYDC1",0.187798628100207,1.84662287369582,1.49410129584134,0.471891759061679,0.9228527342831,0.326157606944589
"10233","SNORD26","SNORD26",0.166328287952146,2.02097593606509,1.1659339634146,0.471700843302286,0.9228527342831,0.326333347326055
"10380","SPAG5-AS1","SPAG5-AS1",0.145054817248591,2.31279830115461,1.5817602258011,0.471677272518911,0.9228527342831,0.326355049464328
"775","ATCAY","ATCAY",0.12728067595553,2.56307864386946,1.44761562275733,0.471624043652181,0.9228527342831,0.326404062441893
"6872","MUTYH","MUTYH",0.0675513916981963,4.64594200805139,0.524842033272198,0.470750779066737,0.922827337288178,0.32720895257714
"12484","ZNF137P","ZNF137P",0.230776195173306,1.56793474095548,0.83689855313845,0.470635304544893,0.922827337288178,0.327315497487378
"9515","SCARNA5","SCARNA5",0.169419907623965,2.02056968808959,0.954823287021887,0.470478643096834,0.922827337288178,0.327460086148969
"10959","TFAP2E","TFAP2E",0.206595778452482,1.74166751132937,1.31996720179433,0.470205858729447,0.922562100014689,0.32771196390096
"4562","HNRNPC","HNRNPC",0.026391227166664,9.76565164507992,0.526698627568385,0.469969474685535,0.922237784767123,0.327930349311416
"1544","CCDC198","C14orf105",0.156482161114181,2.13652351924211,1.45412321074042,0.469787236107839,0.922133976360684,0.328098786969304
"7709","PCDH12","PCDH12",0.228374173298922,1.60829821764443,1.2805571769381,0.469464708258555,0.921665505483994,0.328397050010547
"1554","CCDC43","CCDC43",0.0653574696219847,4.88979190280459,0.528097249291578,0.469382287094962,0.921665505483994,0.32847330323777
"3530","FBRS","FBRS",0.0773473799618764,3.91386558904722,0.528176912373441,0.469348877741626,0.921665505483994,0.328504216236821
"7711","PCDHB9","PCDHB9",0.224122496841425,1.63090496020386,2.30720237992373,0.469212253680538,0.921665505483994,0.328630654620552
"6437","METTL2B","METTL2B",0.0915682851131766,3.5837387149481,0.52858945830363,0.469175924626665,0.921665505483994,0.328664281445787
"3886","GBA","GBA",0.077636031099421,4.78121345766264,0.528662408086543,0.469145352381341,0.921665505483994,0.328692581683188
"4970","ITIH5","ITIH5",0.209282090094932,1.69299049521574,1.64329013347816,0.469092714698327,0.921665505483994,0.328741311863937
"9091","RMRP","RMRP",0.157507602343852,2.17905530415942,0.874872730130261,0.469035131247604,0.921665505483994,0.328794626931893
"9635","SEPTIN14","SEPT14",0.224826538695703,1.6421195453962,1.5383261116912,0.468969328582723,0.921665505483994,0.328855559977573
"6761","MS4A1","MS4A1",0.171280212509225,3.36029219550111,0.529561083958816,0.468768994570403,0.921665505483994,0.329041121248267
"3901","GCC1","GCC1",0.0719622014451469,5.10477210156467,0.529663630888022,0.468726079897744,0.921665505483994,0.329080881682321
"10291","SNRNP48","SNRNP48",0.0678777575477745,4.65235294379386,0.530455455181443,0.468394925061016,0.921657418901343,0.329387819043605
"9309","RPS2P32","RPS2P32",0.142401700918274,2.32153132803076,0.884755538006374,0.468369267262912,0.921657418901343,0.329411609534805
"8576","PTBP3","PTBP3",0.0433250414480355,7.34456071560331,0.530631872740448,0.468321195760468,0.921657418901343,0.329456186028514
"4204","GRM2","GRM2",0.257155824011735,1.38498787796568,0.967140899724638,0.468314436820826,0.921657418901343,0.329462453930541
"3158","ENAH","ENAH",0.124852683224901,2.58040446924743,1.09448775301013,0.468314104943679,0.921657418901343,0.329462761699112
"9261","RPL7A","RPL7A",0.0481134220555186,10.0314527812569,0.530655233357148,0.468311434184953,0.921657418901343,0.32946523845365
"10529","SSR2","SSR2",0.0386706454712401,8.33360901732104,0.530881308633946,0.468216982343383,0.921657418901343,0.32955283838765
"211","ADGRE4P","EMR4P",0.179097791128398,2.15552685251968,0.532419509135753,0.46757515638586,0.921657418901343,0.330148572213285
"1453","CASP2","CASP2",0.0617269836002824,6.44931019721206,0.532571097771111,0.467511981926402,0.921657418901343,0.330207254058125
"7232","NKG7","NKG7",0.183391145032862,4.6049744892889,0.533651444739418,0.467062147480128,0.921657418901343,0.330625328187778
"10315","SNX14","SNX14",0.0809647493389191,5.99099503132692,0.533793041243403,0.467003241444365,0.921657418901343,0.330680105008801
"4163","GPR89B","GPR89B",0.152541830429978,2.27942270126107,1.63296250614983,0.466827404592992,0.921657418901343,0.330843657095024
"10894","TCF20","TCF20",0.0670148240846226,4.19729953474763,0.534621009233401,0.466659035888265,0.921657418901343,0.331000320538669
"11177","TMEM161A","TMEM161A",0.0819163088188525,4.33649756780334,0.534645880524113,0.466648702654665,0.921657418901343,0.331009937230244
"2011","CIRBP-AS1","CIRBP-AS1",0.171247175022726,1.98693812615359,0.792410570053865,0.466575153487906,0.921657418901343,0.331078392396982
"2494","DAP","DAP",0.0473350334165482,6.15786669624,0.534870432224884,0.466555425261054,0.921657418901343,0.331096756086386
"3310","EXOC2","EXOC2",0.0428325280501144,6.82941834081542,0.535076396787467,0.466469895320269,0.921657418901343,0.331176379180433
"993","BCL10","BCL10",0.0509307026701201,5.78425877470494,0.535640290327884,0.466235859365418,0.921657418901343,0.331394326856603
"10682","SUMO1","SUMO1",0.0499099229325013,7.15025193783,0.535658701836991,0.466228221127118,0.921657418901343,0.331401441864708
"9923","SLC29A3","SLC29A3",0.0987176710196118,3.1790206468314,0.757790113746687,0.46601272213837,0.921657418901343,0.331602226917139
"1172","BUD23","WBSCR22",0.0559662920247268,6.51342621299375,0.536501073104299,0.465878969012866,0.921657418901343,0.331726894290599
"10170","SNORA12","SNORA12",0.108162446875878,3.6779774069216,0.536524853497874,0.465869115647435,0.921657418901343,0.331736079739553
"4325","H2BC18","HIST2H2BF",0.158271782887157,2.15047406595555,0.861609997797681,0.465816829992217,0.921657418901343,0.331784824430131
"10830","TBC1D1","TBC1D1",0.0581650471729229,4.98317860307652,0.537116804921734,0.465623949859612,0.921657418901343,0.331964689388308
"5917","LOC645513","LOC645513",0.0746480632142775,4.06017732060957,0.537711451453483,0.46537787723399,0.921657418901343,0.332194265706708
"825","ATP1B1","ATP1B1",0.150850463291678,3.32166368053687,0.538168162006786,0.465189026625372,0.921657418901343,0.332370538423936
"5639","LOC100499177","LOC100499177",0.0775812923978866,5.23632671239241,0.538195532142337,0.465177712948896,0.921657418901343,0.332381100854975
"767","ATAD1","ATAD1",0.0514983972744736,6.24668024061807,0.538339450971034,0.4651182301803,0.921657418901343,0.33243663810287
"6049","LRRC57","LRRC57",0.0720912456183268,4.94512876736459,0.538796415437771,0.464929444415303,0.921657418901343,0.332612948671383
"10672","SUGP1","SUGP1",0.0560825770400699,4.92585572199567,0.538992508624788,0.46484847026321,0.921657418901343,0.332688593891526
"6616","MON1B","MON1B",0.0597844512495754,4.96513177781047,0.539382326932148,0.46468756725065,0.921657418901343,0.332838946945854
"2456","CYP1A2","CYP1A2",0.226043073764122,1.6092898053764,1.82574089645527,0.464650752093662,0.921657418901343,0.332873355555089
"11170","TMEM14EP","TMEM14E",0.202471137976401,1.75037766497673,0.990710036085432,0.464606096199103,0.921657418901343,0.332915096024674
"9025","RHBDL1","RHBDL1",0.167076346113269,2.04005448460152,0.758083140185513,0.46454212069301,0.921657418901343,0.332974901788302
"11632","TTC13","TTC13",0.0591637279915407,5.00731351845729,0.540538645599699,0.464210807391252,0.921657418901343,0.333284752859533
"5003","JAML","AMICA1",0.0850850733182899,6.40380514460072,0.541809376061668,0.463687781466134,0.921621202537177,0.333774347950969
"11587","TSEN34","TSEN34",0.063485614419894,4.35247808241722,0.542841754114947,0.463263557160809,0.921201429651621,0.334171862426815
"6830","MTMR10","MTMR10",0.0773324964671248,4.06279600743253,0.542949066537369,0.463219496168889,0.921201429651621,0.33421317013472
"1774","CDK5RAP1","CDK5RAP1",0.0584233529381998,5.4470361754186,0.543321418952383,0.463066665612606,0.921201429651621,0.334356481069506
"747","ASCC3","ASCC3",0.0490028491616684,6.94382806162562,0.543475083591615,0.463003618179067,0.921201429651621,0.334415615139577
"4435","HECA","HECA",0.0637228622597179,7.56443881186671,0.543624305466168,0.46294240676755,0.921201429651621,0.334473034854277
"8941","RDH14","RDH14",0.104796574907807,3.07504595199276,0.807362158400289,0.462931994189701,0.921201429651621,0.334482803188077
"1550","CCDC32","C15orf57",0.056008647501101,4.68861569493849,0.543853451228562,0.462848435546028,0.921201429651621,0.334561199872204
"6045","LRRC42","LRRC42",0.0997858428199441,3.25120963436702,0.544291728323737,0.462668786154974,0.921201429651621,0.33472979909081
"10243","SNORD36A","SNORD36A",0.143879080107235,2.36533891743435,1.23827120405863,0.462174434643024,0.920729259923825,0.335194081359154
"9860","SLC1A2","SLC1A2",0.16246887033904,2.0840766993871,0.661346366167212,0.461777130466255,0.920361762719115,0.335567579340561
"10033","SLC7A5P2","SLC7A5P2",0.0997985132422914,4.05441769736585,0.547159223029273,0.461496157133551,0.920084470031283,0.335831910981822
"10226","SNORD19","SNORD19",0.274141540694285,1.39693606293398,1.56575365575355,0.461476384090245,0.920084470031283,0.335850518953818
"26","ABCA5","ABCA5",0.074373216334603,5.62192211326076,0.547413694964912,0.461392323898925,0.920084470031283,0.335929635033976
"3407","FAM160B2","FAM160B2",0.06095190993509,5.11588943966186,0.54776445639172,0.461249262578353,0.920016402741232,0.336064315160055
"9301","RPS24","RPS24",0.0456409429919246,9.77991747407491,0.548473743603336,0.460960190076393,0.919860877552951,0.336336579982806
"6015","LRP2BP","LRP2BP",0.148046821882776,2.30929845965025,0.718571451514224,0.460106211911758,0.918725240438854,0.337141903269029
"3466","FAM50A","FAM50A",0.0604368022134344,5.809685995509,0.550617296488553,0.460088336810783,0.918725240438854,0.337158775913468
"6661","MRE11","MRE11A",0.0603884112888909,5.21717055719659,0.550738951768682,0.460038934693917,0.918725240438854,0.337205410911549
"11544","TRMT1","TRMT1",0.0509494745447348,5.76489739111181,0.553392655108003,0.458963415850776,0.917431801823131,0.338221930862188
"117","ACKR2 /// ACKR4","CCBP2",0.213870985085868,1.70822425174213,1.76418394915561,0.458905027869215,0.917431801823131,0.338277184048871
"8417","PRKACB","PRKACB",0.0689998475883371,8.31690268189842,0.553621587928851,0.458870819797997,0.917431801823131,0.338309558787455
"3486","FAM8A1","FAM8A1",0.057332597148865,5.55225511678272,0.553720139766486,0.458830967885324,0.917431801823131,0.338347277937642
"3018","EFHC2","EFHC2",0.126608262476708,2.70696736784687,0.554604909195906,0.458473436190662,0.917431801823131,0.338685822153215
"10184","SNORA33","SNORA33",0.17168630463086,2.03824239932247,0.880839813909388,0.458275489472195,0.917328795698624,0.338873370055309
"11105","TM9SF3","TM9SF3",0.0610095971110633,6.26941213894561,0.555911977878287,0.4579460670682,0.91718752202851,0.339185666436929
"1421","CAPN7","CAPN7",0.0546995807136359,6.15319754811493,0.556089216307109,0.457874630259695,0.91718752202851,0.339253419026255
"9764","SHMT2","SHMT2",0.0689063884231886,5.76065119685149,0.556492868849436,0.457712002359112,0.91718752202851,0.339407699130514
"12452","ZMAT1","ZMAT1",0.0963554358492307,4.75952595157435,0.55700448728835,0.457506008103094,0.91718752202851,0.33960319827756
"169","ACYP2","ACYP2",0.0730796942520678,4.13258453065204,0.557176445022961,0.457436805447876,0.91718752202851,0.339668894911069
"12078","VSTM4","VSTM4",0.140734094229202,2.44174959623727,1.23246931703126,0.457319503101887,0.91718752202851,0.339780277060349
"8061","PLCD4","PLCD4",0.232003086028359,1.61870553877293,1.33398507492865,0.456646438503108,0.91718752202851,0.340419925171398
"2759","DNAI2","DNAI2",0.136288402617736,2.58633882602767,0.597715379796205,0.455352807192055,0.91583925815242,0.341651981709723
"574","APP","APP",0.0778328055808538,5.13350215720527,0.562667208234784,0.45523582138928,0.915765903377753,0.341763571701715
"11429","TPP1","TPP1",0.0428194476827556,7.46463366854592,0.562852253876269,0.455161938489399,0.915765903377753,0.341834061628668
"7770","PDE7A","PDE7A",0.0677614102505791,6.05291297358678,0.56459647447119,0.45446645911771,0.915495865548767,0.342498163393855
"10815","TAS2R14","TAS2R14",0.291109266711647,1.37957213846412,1.10544304330772,0.454248501550922,0.915495865548767,0.34270649664346
"477","ANKRD54","ANKRD54",0.0720287984790623,4.0810362122481,0.566057771922012,0.453885085772251,0.915495865548767,0.343054087522031
"6083","LSMEM1","C7orf53",0.274498124119313,1.41213323804863,1.23206943666817,0.453873539160496,0.915495865548767,0.34306513589906
"2555","DDA1","DDA1",0.0526826358672526,5.38627550072602,0.567217991087652,0.453424333454681,0.915101723383258,0.343495176751361
"6442","METTL7A","METTL7A",0.159079776254729,2.6841637294606,0.567922303557793,0.453144993926195,0.915076321017838,0.343762813469204
"2601","DDX58","DDX58",0.10070544027122,5.83367666465982,0.568243501848794,0.45301769280388,0.915076321017838,0.34388483609524
"1785","CDKL5","CDKL5",0.151656365862555,2.28687796593539,0.694559269989928,0.452790407781744,0.914955211715036,0.344102782110385
"9806","SIX4","SIX4",0.141758519208707,2.40455438941709,1.14165669842108,0.452234070269606,0.914264078791897,0.344636722015637
"11536","TRIP12","TRIP12",0.0537209312152721,6.17049017580046,0.570245718628017,0.452225422780592,0.914264078791897,0.344645026548433
"6031","LRRC29","LRRC29",0.181510559240486,2.07107902912796,0.978944432978825,0.452173944453113,0.914264078791897,0.344694466551149
"7033","NCF1B","NCF1B",0.110602177085599,2.9280169551324,0.831739331056609,0.451850419229639,0.914264078791897,0.345005310441986
"6419","METAP1","METAP1",0.0545770190804654,5.95334348826916,0.571225408893994,0.451838559633671,0.914264078791897,0.3450167094016
"10664","SUB1","SUB1",0.0502433161713893,8.93883004645801,0.571572823417745,0.451701496906793,0.914264078791897,0.345148470215044
"3308","EXO5","DEM1",0.0771663749515222,3.84660086230287,0.643398986977019,0.451348369621911,0.913897674278922,0.345488121976779
"399","AMFR","AMFR",0.0643988561120376,5.6500341831512,0.572518487768827,0.451328743337756,0.913897674278922,0.345507007105886
"3808","FXR1","FXR1",0.0473175629637413,6.43352461595701,0.572761085510884,0.45123319647537,0.913897674278922,0.345598957527064
"10119","SMNDC1","SMNDC1",0.0591557151803681,5.79579213394473,0.572930222683032,0.451166600840577,0.913897674278922,0.345663057977547
"9491","SCAF11","SCAF11",0.0607090009446945,8.28058848421006,0.573073576453695,0.451110169222537,0.913897674278922,0.345717382639702
"1980","CHRNE","CHRNE",0.238461354544438,1.32309426966195,1.0064848072162,0.45098993024739,0.913897674278922,0.345833154988592
"8260","POU2AF1","POU2AF1",0.151355873583411,2.30880771035556,0.766185609158569,0.450920653750317,0.913897674278922,0.34589987202462
"1048","BICRAL","KIAA0240",0.0614556827952042,5.86113665618611,0.574163683619954,0.450681409013467,0.913830872011832,0.346130356571559
"5445","LINC00574","LINC00574",0.214803016041154,1.7401745329191,1.72813511244859,0.450516637270425,0.913696413055363,0.346289166191418
"10579","STAT1","STAT1",0.112778438597454,9.2215954304236,0.574791183147018,0.450434892302018,0.913696413055363,0.346367974845678
"12299","ZBTB2","ZBTB2",0.0532339606135542,5.35406022299177,0.574816067167604,0.450425120851253,0.913696413055363,0.346377396258741
"1893","CES2","CES2",0.055576858351451,5.46446468694931,0.57491629293439,0.45038576760135,0.913696413055363,0.346415341846451
"12604","ZNF347","ZNF347",0.114145529809214,2.92185483667425,0.612668468590668,0.450051495034302,0.913696413055363,0.346737791269667
"6180","MAML2","MAML2",0.0618090209250387,6.0611717553334,0.576075466433108,0.449931015616717,0.913696413055363,0.346854068077123
"7681","PATL2","PATL2",0.081672646271018,4.28058743475389,0.57609411700036,0.449923704772685,0.913696413055363,0.346861124903407
"10686","SUMO4","SUMO4",0.133110137052005,2.5343233082216,0.625320845162913,0.449867142918902,0.913696413055363,0.346915725372126
"983","BCAS2","BCAS2",0.0786201589952127,7.28155536266353,0.576298771574244,0.449843494408955,0.913696413055363,0.346938555862177
"4883","INTS6L","DDX26B",0.0641005211075323,5.06166327464109,0.576618020040293,0.449718416101623,0.913696413055363,0.347059327580934
"10565","STAM","STAM",0.0722591847558699,6.64493838665936,0.576640307762628,0.449709686040633,0.913696413055363,0.347067758309985
"10998","THAP7","THAP7",0.0541344016859616,5.17136870953011,0.576707459686626,0.449683384362937,0.913696413055363,0.347093159158328
"5116","KDM4C","KDM4C",0.0435249914158745,6.81713056925863,0.577698207912207,0.449295614683981,0.913696413055363,0.34746782028488
"2714","DKC1","DKC1",0.0666984956404535,5.69677260842994,0.577914740513143,0.449210935807742,0.913696413055363,0.347549679607493
"9926","SLC2A12","SLC2A12",0.12459929006927,2.69341749819566,0.578880837806661,0.448833431793461,0.913696413055363,0.34791480170139
"5545","LOC100130855","LOC100130855",0.120548388697116,3.6797429881429,0.579128152276419,0.448736873375686,0.913696413055363,0.348008242377716
"8396","PRELID1","PRELID1",0.0594097886180298,5.65154817034747,0.579439034671015,0.448615542537474,0.913696413055363,0.348125684116117
"7790","PDLIM5","PDLIM5",0.0513214573517145,5.61227672934559,0.579903242081502,0.448434468011029,0.913696413055363,0.348301013624598
"6153","MAF1","MAF1",0.0423037829364795,7.40308249907345,0.580876358902313,0.448055253931995,0.913696413055363,0.348668425738258
"10293","SNRPA","SNRPA",0.0524033395270323,5.68380102738247,0.581055277661429,0.447985585793905,0.913696413055363,0.348735959463634
"10738","SYNJ1","SYNJ1",0.0806346909607685,4.36664171694819,0.581158889231831,0.44794524885258,0.913696413055363,0.3487750654088
"9535","SCOC","SCOC",0.0708227268937879,5.77843071119289,0.581280752051978,0.447897813819329,0.913696413055363,0.348821057333206
"11688","TUBB1","TUBB1",0.130627392371011,2.80430141700925,0.581523185991308,0.447803469963767,0.913696413055363,0.34891254545936
"5364","LDHAL6A","LDHAL6A",0.262356591081396,1.48117508458707,1.34070150600696,0.447749419893409,0.913696413055363,0.348964968152866
"6611","MOCS3","MOCS3",0.0945945027808468,3.58327179474939,0.58175851653403,0.447711920211517,0.913696413055363,0.349001342486853
"2920","DUSP6","DUSP6",0.128974569679174,3.44420061644648,0.582381294752882,0.447469784653086,0.913696413055363,0.349236285044084
"11285","TMEM8B","TMEM8B",0.148228249696199,2.34940197051368,1.00639866962933,0.447436543200252,0.913696413055363,0.349268548933819
"9449","SAMD4B","SAMD4B",0.0910221006106948,3.61597453301294,0.583524762907549,0.447025739243724,0.913696413055363,0.349667469956003
"4375","HAUS3","HAUS3",0.101372413309886,7.44219754228316,0.584657101683088,0.446586695335194,0.913696413055363,0.350094219528304
"3645","FHL2","FHL2",0.222253575575134,1.72245110950134,0.673242036030333,0.446536452096423,0.913696413055363,0.350143082580252
"9714","SGMS1","SGMS1",0.0500808186034817,6.037165029632,0.58480586775894,0.446529064138365,0.913696413055363,0.350150268054013
"6041","LRRC39","LRRC39",0.240929986325915,1.59050980623992,1.10608788375459,0.446514960007686,0.913696413055363,0.350163985958083
"3025","EFNB1","EFNB1",0.144007843900009,2.44587710082984,0.761747324003279,0.446249393065574,0.913696413055363,0.350422361554151
"6170","MAIP1","C2orf47",0.0616951372132372,4.59598429801807,0.5858704298565,0.446116997689582,0.913696413055363,0.350551229208156
"1118","BRD8","BRD8",0.0599158206804165,5.43194708106647,0.585876971687893,0.446114467342498,0.913696413055363,0.350553692505672
"8963","REPS2","REPS2",0.233484064422109,1.63339442061577,1.86232351205256,0.446053778327986,0.913696413055363,0.35061277755893
"7958","PIGF","PIGF",0.098993328630413,3.76831243571054,0.586227931923535,0.445978750599809,0.913696413055363,0.350685833478658
"5677","LOC100506124","LOC100506124",0.237714227446962,1.60162430617061,0.875731761529277,0.445966866800498,0.913696413055363,0.350697406086594
"225","ADM5","C19orf76",0.270086294567289,1.47553275491439,1.12590035353313,0.445663122396329,0.913696413055363,0.350993301301741
"3882","GATB","PET112",0.0955270018022035,3.86090880580662,0.587057719266336,0.445658127428592,0.913696413055363,0.35099816887766
"10614","STK4","STK4",0.0385349652418274,9.18227547370122,0.587114435640582,0.445636225830816,0.913696413055363,0.351019512540449
"1685","CD48","CD48",0.0459226338283097,8.32860489347108,0.587191204676904,0.445606583374988,0.913696413055363,0.351048401536506
"1456","CASP6","CASP6",0.0851916686748376,5.34428504711512,0.587245178029668,0.445585744750382,0.913696413055363,0.351068711629833
"8509","PSD4","PSD4",0.102282124124248,6.00959475617085,0.587802595213288,0.445370620032171,0.913696413055363,0.35127843566021
"3062","EIF2D","EIF2D",0.0535615048720451,5.54171954976035,0.587957574776467,0.445310837397455,0.913696413055363,0.351336735444478
"6162","MAGEF1","MAGEF1",0.087425732526639,4.54040820886397,0.588391689602186,0.445143446356081,0.913696413055363,0.351500016160335
"6446","MFAP1","MFAP1",0.0854792731861123,4.74454184530543,0.591137152696068,0.444087089537315,0.913696413055363,0.352531852415616
"2553","DCX","DCX",0.252597704003609,1.51897253331844,1.66370976801833,0.444044687684631,0.913696413055363,0.352573321240692
"3173","ENPP2","ENPP2",0.185475093428576,1.93428984071542,0.726662727454739,0.443883054920055,0.913696413055363,0.352731433697725
"3496","FANCC","FANCC",0.11241121335359,3.04020317489393,0.60402206781674,0.443817790714797,0.913696413055363,0.352795292788092
"7343","NR2F6","NR2F6",0.215673437466866,1.93543965948182,0.591883945350347,0.443800426477649,0.913696413055363,0.352812284761062
"5089","KCTD11","KCTD11",0.207995185648044,1.80186657015535,0.640316221108292,0.443734898936208,0.913696413055363,0.352876413475485
"2419","CXCL16","CXCL16",0.165544503002132,2.70221985876827,0.592245940680002,0.443661575079322,0.913696413055363,0.352948183304288
"9830","SLC11A2","SLC11A2",0.0576503543137473,5.45327891900494,0.592727249581181,0.44347706308348,0.913696413055363,0.353128837238966
"10198","SNORA62","SNORA62",0.228062915045134,1.64998747838747,1.76488388395651,0.443233434815947,0.913696413055363,0.353367486527857
"10928","TEKT4P2","TEKT4P2",0.208861422745615,5.334521969615,0.594442772439667,0.44282038043205,0.913696413055363,0.353772399298526
"6590","MME","MME",0.277292152972633,1.84212577720821,0.594443528183269,0.44282009147558,0.913696413055363,0.353772682691628
"3451","FAM227B","C15orf33",0.144883956275726,2.56305460706646,0.844892147886312,0.442812568346621,0.913696413055363,0.353780061040557
"11311","TMUB1","TMUB1",0.0549107557659441,5.45533103547461,0.594580595340411,0.442767689079525,0.913696413055363,0.353824079226159
"10220","SNORD11B","SNORD11B",0.271067211356269,1.45896722406676,1.18497719857632,0.442385873655916,0.913696413055363,0.354198749450275
"3967","GIMAP2","GIMAP2",0.0761867310557772,6.95638467971956,0.595628811016884,0.442367262585932,0.913696413055363,0.354217020501637
"8366","PPP6C","PPP6C",0.0509305975094751,7.46794047452351,0.596020427940057,0.442217806377561,0.913696413055363,0.354363774068878
"10831","TBC1D10A","TBC1D10A",0.0521931184197403,5.78863228259464,0.596021549875708,0.442217378316175,0.913696413055363,0.354364194460788
"9204","RPGRIP1L","RPGRIP1L",0.135981133163867,2.58685140160608,0.660861338989754,0.441981056485271,0.913696413055363,0.354596344316564
"7578","OXA1L","OXA1L",0.0382589477347386,6.71401093502898,0.596688857885127,0.441962888840676,0.913696413055363,0.354614196371187
"7413","NUDCD2","NUDCD2",0.0466022705485206,5.94078091944004,0.597329345804228,0.441718841653619,0.913696413055363,0.354854075381243
"2985","EDC3","EDC3",0.0899913070516734,4.6274375183817,0.598205893007316,0.44138518714344,0.913696413055363,0.355182245822782
"2136","CNPY3","CNPY3",0.0539922347561983,6.39229839612616,0.599111263855534,0.441040971644304,0.913696413055363,0.355521063746422
"2563","DDIT3","DDIT3",0.123479538710569,5.01664443862186,0.59950516338952,0.440891343905227,0.913696413055363,0.355668427667435
"4658","HTR6","HTR6",0.254854774586481,1.60823799523829,0.599661922310345,0.440831818946439,0.913696413055363,0.355727065939096
"7505","OGFOD1","OGFOD1",0.0454371978407427,5.76389823533917,0.600465213300386,0.440526986442143,0.913696413055363,0.356027481794682
"10807","TAPT1-AS1","FLJ39653",0.11349131191262,2.97907740367065,0.915188411330028,0.440512924299027,0.913696413055363,0.356041345210142
"4262","GTF3C5","GTF3C5",0.0481134352461936,5.65046071506074,0.600968715507631,0.440336084266624,0.913696413055363,0.356215723907369
"6557","MIS18BP1","MIS18BP1",0.0597125328170015,6.61403815741771,0.602721327965375,0.439672582499661,0.913696413055363,0.356870615663804
"7860","PFKP","PFKP",0.0673582141925076,6.71219649399543,0.602934186017495,0.439592104451128,0.913696413055363,0.356950116576346
"2453","CYFIP2","CYFIP2",0.038324607639551,8.69312515533866,0.603037714507736,0.439552970315374,0.913696413055363,0.356988780818941
"1680","CD40","CD40",0.23249387817976,1.69219187710969,0.865984834097867,0.439445831153008,0.913696413055363,0.357094651150423
"6912","MYO15B","MYO15B",0.190690499911563,2.60444336619186,0.604001133097308,0.439189053152558,0.913696413055363,0.357348493272643
"9394","RTRAF","C14orf166",0.0384811977733231,7.25906523895971,0.604212251429614,0.439109368605663,0.913696413055363,0.357427296918982
"10588","STBD1","STBD1",0.234216597544879,1.62880331059936,1.19376878616334,0.438771748412848,0.913696413055363,0.357761343502523
"6970","NAE1","NAE1",0.05557334556307,7.35158291428745,0.606889845750523,0.438100673957887,0.913696413055363,0.358426078718729
"5233","KLHL25","KLHL25",0.156540543615339,2.26717279173035,0.952169303507411,0.437426763117968,0.9129519695871,0.35909464901014
"8484","PRR5L","PRR5L",0.144669814022373,4.03887441327303,0.608891862980206,0.437348817813577,0.9129519695871,0.359172043067346
"4567","HNRNPH2","HNRNPH2",0.175916069198238,2.1201880584737,1.78829398465741,0.437345472730591,0.9129519695871,0.359175364801804
"4347","H4C4","HIST1H4D",0.299659556700584,1.34225418239691,1.4649302911721,0.437124422919046,0.9129519695871,0.359394928027255
"7246","NLRP1","NLRP1",0.0584646745618545,7.74779139568571,0.609587106690884,0.437088185403097,0.9129519695871,0.359430932434133
"4842","INCENP","INCENP",0.182846998064693,2.04066213960975,1.31498595215631,0.436905331607248,0.9129519695871,0.359612655511353
"5065","KCND1","KCND1",0.282564909674654,1.43664372140713,0.796579740881561,0.436657667772679,0.91293471781063,0.35985890916376
"4111","GPATCH2L","C14orf118",0.0659379467982039,4.05722613755905,0.661250164249511,0.436519867038235,0.912793719388625,0.359995985752842
"5167","KIF16B","KIF16B",0.0950735541798342,4.54442187041493,0.611173743223025,0.4364942847962,0.912793719388625,0.360021438322038
"2819","DNTTIP2","DNTTIP2",0.0579158965053019,8.10061540062793,0.611785999794681,0.436265441046222,0.912703042524212,0.36024918847404
"2756","DNAH6","DNAH6",0.144338717698918,2.53288992232357,0.671878226876695,0.436262420224815,0.912703042524212,0.360252195658397
"12205","WWP2","WWP2",0.0471851893139349,6.13861418648494,0.612506678877696,0.435996308878379,0.912581496463249,0.360517187429894
"7320","NPHP3","NPHP3",0.116814991496563,2.90094774177897,0.77446270337245,0.435862967683239,0.912581496463249,0.360650028468049
"7904","PHF12","PHF12",0.0871844393082632,5.24475169776006,0.612942967549176,0.435833504409202,0.912581496463249,0.360679386708554
"4648","HSPB1","HSPB1",0.081126192617009,4.90602779861916,0.613268647437777,0.435712035468146,0.912581496463249,0.360800443586827
"7373","NSL1","NSL1",0.0407459893069851,6.10529905330356,0.613343228751274,0.4356842261843,0.912581496463249,0.360828163280049
"8559","PSME4","PSME4",0.0884374692977787,5.49247109580865,0.613787582319577,0.435518595796775,0.912581496463249,0.360993296730928
"6663","MRFAP1","MRFAP1",0.0415727148939683,8.41450450057941,0.613849410394754,0.435495557397257,0.912581496463249,0.361016270983982
"3798","FUT1","FUT1",0.200232729671006,1.88178876661243,1.79027876263883,0.435101634427435,0.912475509768366,0.361409285308793
"9286","RPS12","RPS12",0.0511777656904441,11.2511667124803,0.614979099680784,0.435074942103972,0.912475509768366,0.36143592893287
"5027","KANK1","KANK1",0.152305209534887,4.16150770971706,0.615692914783361,0.434809490612501,0.912417158526448,0.361700985110913
"8141","PMM1","PMM1",0.0632172775586,5.07234795379422,0.616057779066778,0.434673902102728,0.912417158526448,0.361836434143234
"6007","LRIF1","LRIF1",0.0831831209847014,4.78685416390232,0.616374948137427,0.434556090577013,0.912417158526448,0.361954158787497
"11595","TSHZ3","TSHZ3",0.267526981644035,1.47177236863987,0.889324274465523,0.434310653261286,0.912291467739421,0.362199517642499
"2240","COX7B","COX7B",0.0415977690962234,7.31231829808253,0.617265073664144,0.434225718016229,0.912260767582922,0.362284458030915
"6546","MIR4691","MIR4691",0.226465117533152,1.68449995791714,2.06495340410428,0.434192220971369,0.912260767582922,0.362317961672646
"9140","RNF2","RNF2",0.0515976261445654,5.68673141148865,0.617995526327172,0.433954896617462,0.912260767582922,0.362555406819448
"605","ARG2","ARG2",0.122488299081966,2.87980005991679,0.942067983545879,0.433696848718713,0.912260767582922,0.362813733463519
"10519","SSB","SSB",0.0520369908921887,7.74216783103283,0.619390960389683,0.433438248234489,0.912260767582922,0.363072767533389
"11283","TMEM87A","TMEM87A",0.0428844465916271,6.94005598399943,0.621216626220238,0.432763733685395,0.911501542280671,0.363749140970439
"3187","EP300","EP300",0.0717599818184951,6.04256446609587,0.621390875992698,0.432699439127352,0.911501542280671,0.363813667741081
"10823","TASP1","TASP1",0.0714474799118021,4.88375378259656,0.622346455445897,0.43234711020821,0.911413562029755,0.364167439486606
"6145","MACROH2A2","H2AFY2",0.13369374876424,2.7435675296893,0.822862477834201,0.432234441207756,0.911324135509217,0.36428063071854
"6286","MATK","MATK",0.155897711549014,3.16053302759943,0.622744533721736,0.432200465599087,0.911324135509217,0.364314769597606
"6518","MIGA1","FAM73A",0.0583151244764235,5.23734488052716,0.623395979306063,0.431960649478122,0.911223592970379,0.364555814511252
"11461","TRAIP","TRAIP",0.180248132777675,2.00846718755197,1.12187041472911,0.43185354074361,0.911223592970379,0.364663515294886
"9580","SEC23IP","SEC23IP",0.0639890885528434,5.57866949302547,0.624124231169625,0.431692799816512,0.911223592970379,0.364825194860144
"2026","CKS1B","CKS1B",0.0754662793691649,4.10804411541652,0.625109018309936,0.431331001018759,0.910764517744118,0.365189326719488
"11522","TRIM58","TRIM58",0.164873778539195,2.22037896627265,1.2909550280808,0.431212863506444,0.910764517744118,0.365308292193907
"6021","LRR1","LRR1",0.0960693602306194,3.83977721852031,0.625926224507995,0.431031121444809,0.910764517744118,0.365491371640198
"12938","ZRSR2","ZRSR2",0.0906004340512473,4.52186280935858,0.626810182690645,0.430707105499669,0.910764517744118,0.365817963496646
"6844","MTPAP","MTPAP",0.0866756501870667,6.22348250986235,0.62723735934174,0.430550656778527,0.910764517744118,0.365975743942909
"11651","TTC32","TTC32",0.06155965644315,5.25547839401677,0.627406029890673,0.43048890696673,0.910764517744118,0.36603803516319
"12213","XKR8","XKR8",0.106590419222291,4.07444688124726,0.627993559493594,0.430273919642658,0.910669797101951,0.366254977176899
"4022","GMEB1","GMEB1",0.0565147306185513,4.94271872409702,0.628367388449899,0.430137214460508,0.910602167623395,0.366392981682889
"5090","KCTD12","KCTD12",0.171777032135641,2.08831557364276,0.652070181887967,0.430032823635723,0.910529756981595,0.36649839423478
"2341","CSNK1G1","CSNK1G1",0.055148226676356,5.7642360402252,0.629091898721872,0.429872457679017,0.910338784438442,0.366660379635737
"10803","TAP2","TAP2",0.100053298933419,6.11025582806201,0.629240168536087,0.429818306311383,0.910338784438442,0.36671509149532
"3621","FGD1","FGD1",0.17371102347879,2.1642918391142,2.11541171312966,0.429658190216077,0.910186082664462,0.366876905198757
"10078","SMARCA5","SMARCA5",0.0518919611389965,7.25389745631362,0.630698869461493,0.429286111419519,0.910038559804544,0.36725316190825
"5332","LAPTM5","LAPTM5",0.0349858189672923,10.2952371137638,0.631336724061531,0.429053711268573,0.909941768233971,0.367488337075352
"493","ANP32A-IT1","ANP32A-IT1",0.162768856593084,2.26599995052961,1.52542063530906,0.429008441335318,0.909941768233971,0.367534162385716
"8435","PRKDC","PRKDC",0.0469170834545989,7.65239145549762,0.631773253442805,0.428894773813503,0.909941768233971,0.36764924571193
"1082","BMS1P4","BMS1P4",0.106336465480193,3.18653315310216,1.35615802100517,0.428783843435369,0.909941768233971,0.367761587212345
"11413","TPBG","TPBG",0.259628110651094,1.68170017599659,0.634183325741099,0.428018895159492,0.909624530042337,0.368537058364472
"1859","CEP170B","KIAA0284",0.271961900510894,1.43203011735163,1.28896171399257,0.42789221955964,0.909560177674457,0.368665610298108
"6773","MSL1","MSL1",0.095351859570475,4.67288471481755,0.634656015495636,0.42784742776985,0.909560177674457,0.36871107465685
"1879","CEP85L","CEP85L",0.0506474999300117,7.29269764127511,0.635387137734593,0.427582420258701,0.909560177674457,0.368980158799056
"224","ADM2","ADM2",0.223900361554926,1.71528951908031,1.84809213427169,0.427002889512403,0.909191931264815,0.3695691861107
"10208","SNORA78","SNORA78",0.271012171000761,1.52269852304239,1.50580364451124,0.426860902981881,0.909191931264815,0.36971362124853
"5529","LOC100129550","LOC100129550",0.140928288208609,2.61732785926445,0.688194575917804,0.426470442817321,0.908682067499515,0.370111062893071
"5288","KRT2","KRT2",0.298341258310717,1.42048668604942,0.828420985074778,0.426411606676438,0.908682067499515,0.370170982576871
"10850","TBC1D5","TBC1D5",0.0493996079224035,6.25145593630373,0.639653889766447,0.426040830701356,0.908440045592851,0.370548777191783
"10852","TBC1D8","TBC1D8",0.155770709064354,2.37808091865102,0.738020517584588,0.426028552726608,0.908440045592851,0.370561293206995
"9587","SEC31B","SEC31B",0.0738364719297828,5.17342566775598,0.639748973206696,0.42600657300508,0.908440045592851,0.370583699963447
"9050","RIC8A","RIC8A",0.051129649498741,6.12190629319459,0.640624692713161,0.425691255717777,0.908440045592851,0.370905270735528
"6506","MICU3","EFHA2",0.135532110172412,2.67940837238808,0.801566886701307,0.425642576576358,0.908440045592851,0.370954936522844
"3036","EHD3","EHD3",0.12923211778214,3.06935268106961,0.640868200160906,0.425603639760043,0.908440045592851,0.370994666613048
"9713","SGK1","SGK1",0.160685380521009,5.10877146351878,0.641269347597305,0.425459363292995,0.908440045592851,0.371141914170239
"5955","LOC729513","LOC729513",0.146553932449984,2.45062238929071,1.31982577509557,0.425151360008027,0.908440045592851,0.371456427329436
"12097","WASH5P","WASH5P",0.151022149526439,2.44661288090393,0.981307799656614,0.425115230102445,0.908440045592851,0.371493335797481
"1073","BMF","BMF",0.257605741719478,1.55864579263934,1.12012169715806,0.425040455707103,0.908440045592851,0.371569731469263
"6915","MYO19","MYO19",0.0707978495251785,4.54997850789107,0.643695999860215,0.424588173802489,0.908440045592851,0.37203210655214
"1477","CBL","CBL",0.0757762718046738,6.02863736088976,0.6439524956469,0.424496247552997,0.908440045592851,0.372126144464151
"8239","POM121","POM121",0.073614859596368,4.42100527001294,0.644874832317434,0.424165937645423,0.908440045592851,0.372464210139571
"3594","FCHO2","FCHO2",0.173511052185477,2.14042179122226,0.963194745925618,0.42409104056412,0.908440045592851,0.372540902439288
"12196","WRNIP1","WRNIP1",0.096851696494544,3.27848699756388,0.921508685706593,0.423979593284004,0.908440045592851,0.372655046089885
"12221","XPO4","XPO4",0.0599270247189117,5.79404043302184,0.64578834488425,0.423839171228534,0.908386844266938,0.372798908261704
"10194","SNORA54","SNORA54",0.234191389400222,1.69229074342584,1.69000010219859,0.423824013133715,0.908386844266938,0.3728144405558
"8434","PRKD3","PRKD3",0.096210196374034,5.05868260744045,0.645875705651998,0.423807941957283,0.908386844266938,0.372830909078962
"7131","NEIL1","NEIL1",0.122732077297407,2.82426264050656,0.957136840166325,0.423741895126616,0.908386844266938,0.37289859542119
"11108","TMA7","CCDC72",0.0432510498537254,8.66841355546735,0.646786109555264,0.423482702585509,0.908386844266938,0.373164323999348
"3273","ESRP2","ESRP2",0.226280020063742,1.72571189716728,0.837832841678798,0.42341812020246,0.908386844266938,0.373230560261933
"6922","MYO5C","MYO5C",0.150949578699476,2.44469500550272,0.916335805452299,0.423410528068699,0.908386844266938,0.373238347485016
"1973","CHRAC1","CHRAC1",0.0548369687607108,6.17033342455384,0.647348875769025,0.42328184461806,0.908386844266938,0.373370358861893
"7934","PHTF2","PHTF2",0.0564205629138201,7.34767849683114,0.647863753243245,0.423098204860666,0.908386844266938,0.373558817308178
"4613","HSCB","HSCB",0.120268781712879,2.97371627554687,0.752031716718247,0.422965547894358,0.908386844266938,0.373695006073476
"3331","EXPH5","EXPH5",0.115171152269562,3.17909254218883,0.649162703999757,0.422635446832889,0.908207661381989,0.374034081068995
"8983","RFC5","RFC5",0.0675752537343095,4.34995832346704,0.650228523853203,0.422256313723965,0.907844076556347,0.374423847985543
"8026","PKD1L3","PKD1L3",0.242944145218295,1.6502500823746,1.71125379652731,0.422072320443741,0.907598908191059,0.374613127998892
"11312","TMUB2","TMUB2",0.0530734112685224,5.70402356031428,0.65113224213826,0.421935245469738,0.907454565563481,0.374754195230382
"1989","CHTF18","CHTF18",0.105587816710213,3.18900389231766,0.979710862501923,0.421801486043452,0.907454565563481,0.374891894536471
"6372","MECP2","MECP2",0.0722086556378802,5.30874617620362,0.652410926762964,0.421481590135828,0.907230905729567,0.37522139014252
"796","ATG3","ATG3",0.0555917675702426,6.65815887717678,0.652939524727862,0.421294267554979,0.906978183370518,0.375414450168613
"2772","DNAJB7","DNAJB7",0.231477606171728,1.65434520101043,1.158376811342,0.421269446659687,0.906978183370518,0.375440037735898
"7405","NUBP1","NUBP1",0.068464248702441,4.23052561490967,0.654634120728726,0.420694588211581,0.906594086849845,0.376033074683656
"6102","LUC7L2","LUC7L2",0.076612105152933,6.41218714394074,0.654660413988125,0.420685293754925,0.906594086849845,0.376042669710409
"3258","ERP27","ERP27",0.0790101774610969,4.3612595980072,0.655065520532652,0.42054213092107,0.906594086849845,0.376190489021889
"11287","TMEM91","TMEM91",0.124070159607867,2.87647337518364,1.10718356340392,0.420288820289577,0.906466465226331,0.376452162102868
"2798","DNAJC9-AS1","C10orf103",0.238371516965621,1.69588866352164,2.15315184985994,0.420223033178375,0.906466465226331,0.376520146817934
"6585","MMAA","MMAA",0.076389831608266,3.93348347169135,0.656064838945429,0.420189289839379,0.906466465226331,0.37655502147537
"1509","CCDC115","CCDC115",0.0420217885728377,6.62130678541966,0.656140956312022,0.420162432456316,0.906466465226331,0.376582781312012
"12843","ZNF749","ZNF749",0.132206825476732,2.68306009485302,1.01989834097687,0.42012886959862,0.906466465226331,0.376617474432996
"7060","NDEL1","NDEL1",0.0766783118141412,6.10857041130022,0.656722497526055,0.419957325701833,0.906466465226331,0.376794838539754
"1109","BRCA2","BRCA2",0.109837452314588,3.74768626526793,0.657211037613618,0.419785136424783,0.906466465226331,0.376972942797396
"565","APOL1","APOL1",0.0975698379569668,4.43182986127007,0.657797331715642,0.419578633262349,0.906292642243165,0.377186636046948
"11697","TUBGCP3","TUBGCP3",0.0603153600459112,4.93684890817618,0.658372769686742,0.419376102352762,0.906006024283494,0.377396320918903
"2968","ECE1","ECE1",0.0607243787302365,6.69534684429735,0.658396715848388,0.419367677457896,0.906006024283494,0.377405045598452
"2118","CNNM1","CNNM1",0.219440814908555,1.79864851988629,1.69158249052965,0.419326878944599,0.906006024283494,0.37744729833295
"10660","STXBP4","STXBP4",0.116952964146848,3.82479230944745,0.65876435413423,0.419238364492874,0.906006024283494,0.377538981927987
"2109","CNBP","CNBP",0.0339843828115803,10.4835019230151,0.659026814185628,0.419146083553083,0.906006024283494,0.377634587477902
"7023","NCAPG","NCAPG",0.174458145295548,2.0550442149194,0.797415972770739,0.418925454600976,0.906006024283494,0.377863250388643
"4795","IL18","IL18",0.269208796225361,1.50323869497744,1.64700108763789,0.418835209213387,0.906006024283494,0.377956816667633
"12099","WASHC2A","FAM21A",0.17928752750182,2.09294261486694,2.19327988749915,0.418755381892684,0.906006024283494,0.378039598316233
"12272","YTHDF1","YTHDF1",0.070519400641053,5.1152439504475,0.66054177544957,0.418614019388098,0.906006024283494,0.37818623122682
"8733","RAB3IP","RAB3IP",0.0640654810344924,4.99645025207087,0.662759767196963,0.417836874089927,0.904941196589085,0.378993236191199
"3114","ELMOD1","ELMOD1",0.297919197148488,1.4194874494159,2.38061580877439,0.417813904570863,0.904941196589085,0.379017111081617
"81","ABRACL","C6orf115",0.0549766659244814,7.21638742602324,0.663054783161187,0.417733668864778,0.904941196589085,0.379100519676457
"431","ANKAR","ANKAR",0.0767849555063521,4.13799384152655,0.663304732392973,0.417646259223925,0.904941196589085,0.379191404131661
"1310","C3orf33","C3orf33",0.106009145168083,3.2563709619694,0.757081388416185,0.41764588171759,0.904941196589085,0.379191796686338
"1340","C8orf31","C8orf31",0.268820252205267,1.53091812153484,1.95090487635871,0.417627126781189,0.904941196589085,0.379211299687885
"4186","GRASP","GRASP",0.167830217120564,2.60349077773683,0.664290632829963,0.417301747745474,0.904941196589085,0.379549796369946
"5746","LOC100652730","LOC100652730",0.302732236720292,1.40530768281278,1.10674465279925,0.417144463068434,0.904890701789137,0.379713516612785
"12733","ZNF574","ZNF574",0.0772298765263314,4.70637875100039,0.665227794822839,0.416974662179204,0.904890701789137,0.379890334498867
"11292","TMF1","TMF1",0.0578695855128486,7.22999983469108,0.665243411856127,0.416969214822692,0.904890701789137,0.379896008158544
"9082","RMC1","C18orf8",0.0545557135977615,6.13395817235476,0.666536224471966,0.416518640050003,0.90465366103611,0.380365558267479
"12122","WDR20","WDR20",0.0587566182700023,5.13407776468748,0.666590372757471,0.416499784048686,0.90465366103611,0.380385219434836
"11699","TUBGCP5","TUBGCP5",0.0672684134992767,5.22320743238605,0.66710199382673,0.41632168585154,0.90465366103611,0.380570966484432
"6522","MINDY1","FAM63A",0.148764269287491,3.63794740002868,0.667229849397598,0.416277196409795,0.90465366103611,0.3806173790355
"7997","PIM2","PIM2",0.0747552687196249,9.08850947762129,0.667637505742587,0.416135393214364,0.90465366103611,0.380765344952054
"5113","KDM3B","KDM3B",0.0746801881722948,5.14901376976992,0.668641080591437,0.415786607762119,0.904578175833972,0.38112950314471
"3812","FXYD7","FXYD7",0.101162163515276,3.45646586803159,0.669307235382998,0.415555331757628,0.904226655298845,0.381371141128705
"1471","CATSPERE","C1orf101",0.22984641281055,1.79227564689053,1.37055780536751,0.415552002847958,0.904226655298845,0.381374620166949
"9080","RLN1","RLN1",0.298355327917327,1.442830374633,1.35030093953451,0.415461960702319,0.904226655298845,0.38146873364484
"9488","SBSPON","C8orf84",0.224503364691342,1.78028610685858,1.07393708451629,0.415430839725926,0.904226655298845,0.3815012665259
"3780","FSTL3","FSTL3",0.31303942373957,1.39059035304294,1.02619976383598,0.415305381232889,0.904226655298845,0.381632441573462
"6599","MNAT1","MNAT1",0.0677694248198446,4.68593017737315,0.670301621818087,0.415210457862712,0.904226655298845,0.381731716491798
"11979","UTP23","UTP23",0.0544497636542672,5.8894872617354,0.670584852236908,0.415112305956689,0.904226655298845,0.38183439182055
"12575","ZNF292","ZNF292",0.077814103228271,8.19904514579898,0.6706049962094,0.415105326497512,0.904226655298845,0.381841693859168
"7876","PGGHG","ATHL1",0.102212865369597,5.37619702655136,0.67202660171641,0.414613212845975,0.904226655298845,0.382356861975243
"7140","NEK6","NEK6",0.100822375470745,4.64339944542046,0.673035387802778,0.414264532268315,0.904226655298845,0.38272224772881
"8145","PMS1","PMS1",0.0915750183884205,5.24725814009269,0.673204208159392,0.41420622333871,0.904226655298845,0.382783380234077
"6854","MTRNR2L4","MTRNR2L4",0.265654256926208,1.5169400219873,2.44825378493368,0.414185255551049,0.904226655298845,0.382805365478282
"2783","DNAJC19","DNAJC19",0.0430304681783125,6.20959565983484,0.673711067539422,0.414031232562383,0.904226655298845,0.382966896517074
"11570","TRPM7","TRPM7",0.0597352343024807,7.06324248654659,0.674219954796446,0.413855652640273,0.904226655298845,0.383151108620954
"3314","EXOC4","EXOC4",0.0550820919886632,6.33744155373361,0.674414200590191,0.413788661862968,0.904226655298845,0.383221413519992
"9769","SHQ1","SHQ1",0.0993032297786302,4.60721441993685,0.674906852732563,0.413618830322481,0.904226655298845,0.383399697866265
"5094","KCTD18","KCTD18",0.0710528553813135,4.4481820919255,0.675074612384953,0.413561022414417,0.904226655298845,0.383460399672384
"7012","NBPF1","NBPF1",0.120088036148525,3.21987261275389,0.675244787423821,0.413502394504026,0.904226655298845,0.383521971197591
"1016","BCR","BCR",0.0888961953755519,4.21211412906777,0.676000950240711,0.413242034641804,0.904226655298845,0.383795508825966
"3271","ESR2","ESR2",0.203351666671168,1.97912873452008,1.03051811850642,0.412873039428226,0.904226655298845,0.384183475589417
"7984","PIK3CD-AS1","C1orf200",0.243006087617699,1.64232080297509,1.15635361232905,0.412791257115234,0.904226655298845,0.384269509604729
"5711","LOC100507034","LOC100507034",0.190020840339082,2.04668801349631,1.36195870501779,0.412774686549449,0.904226655298845,0.384286943718475
"9753","SHCBP1","SHCBP1",0.203589456950805,1.82312919197273,0.677575606492596,0.412700637057996,0.904226655298845,0.384364860731117
"9931","SLC2A6","SLC2A6",0.1860588451676,2.01728378166146,1.39312009365261,0.412518156347584,0.904226655298845,0.384556931894572
"5613","LOC100287765","LOC100287765",0.165126987095887,2.33247753046446,0.978200989714138,0.412197703048674,0.904226655298845,0.384894432634597
"8039","PLA2G12A","PLA2G12A",0.0731357315916259,4.86700751153731,0.679244742095953,0.412127908388355,0.904226655298845,0.38496797502002
"2068","CLN3","CLN3",0.0598754339662823,5.6976813773549,0.679511590526157,0.412036454698281,0.904226655298845,0.385064358302023
"259","AGAP2","AGAP2",0.0986594455197262,5.58867361367002,0.680022581905874,0.411861413158401,0.904226655298845,0.385248894708739
"1704","CD82","CD82",0.0766896296348079,7.45958706948781,0.680615360946671,0.411658493609673,0.904226655298845,0.385462919509699
"5271","KPNA4","KPNA4",0.0643963226366086,6.13726568981685,0.680652956592638,0.411645628920168,0.904226655298845,0.385476491805795
"7874","PGBD4","PGBD4",0.0802891430696988,3.91055227407562,0.680801952388938,0.41159465058154,0.904226655298845,0.385530278316834
"3338","EZH1","EZH1",0.0517470403311107,6.35201979124147,0.680938851755409,0.411547819266738,0.904226655298845,0.385579695233992
"4951","ITGA10","ITGA10",0.317867746688222,1.35875324916404,1.16800013200186,0.411119632530018,0.904226655298845,0.386031783507006
"4353","HABP4","HABP4",0.121441728286594,3.78227775154726,0.682246710508224,0.411100818639475,0.904226655298845,0.386051658392959
"2076","CLPP","CLPP",0.0512614721114474,6.30250654450233,0.682404255598998,0.411047021511409,0.904226655298845,0.386108494389488
"6735","MRPS18B","MRPS18B",0.06795286986769,6.44729239615398,0.682778209767957,0.410919368775855,0.904226655298845,0.38624338768866
"12968","ZXDC","ZXDC",0.0651603401537907,5.99862388970029,0.683393263935857,0.41070954239258,0.904226655298845,0.386465206665952
"2440","CYB5D2","CYB5D2",0.0861781824495391,4.03292006931793,0.775408376536897,0.410400965684539,0.904226655298845,0.386791625988411
"4989","IVD","IVD",0.0800371432506747,4.83882549791293,0.684472772814091,0.410341651403398,0.904226655298845,0.386854398079213
"11758","UBA6","UBA6",0.0772696042056367,6.45638586054787,0.685293393415924,0.41006231545135,0.904226655298845,0.387150140352924
"8231","POLR3D","POLR3D",0.0994423437385818,3.51717219882012,0.852309777942653,0.409891094035738,0.904226655298845,0.387331517773163
"5950","LOC728989","LOC728989",0.278630758366915,2.68622230572892,0.685835702593217,0.409877870452603,0.904226655298845,0.387345528865156
"11284","TMEM87B","TMEM87B",0.0874237915073578,5.72059240271371,0.685874757840218,0.409864592108979,0.904226655298845,0.387359598433658
"503","ANXA2R","C5orf39",0.068379102259501,5.38932602619389,0.685950439788551,0.409838862916646,0.904226655298845,0.387386862064643
"7785","PDK1","PDK1",0.0622797519625782,5.93102369423279,0.686043915528054,0.409807087770827,0.904226655298845,0.387420534580164
"5276","KRAS","KRAS",0.0543893613872762,6.77305352696376,0.686361268681112,0.409699237389473,0.904226655298845,0.387534844438002
"1482","CBR3","CBR3",0.112331855522897,3.62565944196754,0.68718179197424,0.409420583022485,0.904226655298845,0.387830327603209
"5651","LOC100505666","LOC100505666",0.252436976613803,1.61768335773047,1.09803289412322,0.409292936533974,0.904226655298845,0.387965750225945
"3718","FMR1","FMR1",0.0756258301045555,5.07414192130995,0.688167334288039,0.40908625860933,0.904226655298845,0.388185108402802
"2065","CLK4","CLK4",0.0645981736282533,5.68163735997039,0.688953754564885,0.408819772341534,0.904226655298845,0.388468107953662
"5211","KLF7","KLF7",0.0726173885927899,4.46783348249213,0.689735125930587,0.40855525160732,0.904226655298845,0.388749202667502
"1270","C1QL3","C1QL3",0.204358477686448,1.90122425101724,1.08847500508587,0.408434931939138,0.904226655298845,0.38887712138522
"10265","SNORD63","SNORD63",0.16980276327814,2.24616308974609,1.12681731843732,0.408406698000829,0.904226655298845,0.388907143957933
"7813","PECAM1","PECAM1",0.158020928190073,2.34680235497209,1.2016230258795,0.408381863915741,0.904226655298845,0.388933553010711
"7076","NDUFA4","NDUFA4",0.0399273323336501,8.68833567524548,0.690563930481508,0.408274950088867,0.904226655298845,0.38904726561194
"10290","SNRNP40","SNRNP40",0.0625116232253615,5.88199979516734,0.691613019349217,0.407920556566018,0.904226655298845,0.389424408489628
"4458","HERC5","HERC5",0.104252934211745,5.36724155568165,0.691713284242893,0.407886709843888,0.904226655298845,0.389460445051853
"11067","TIRAP","TIRAP",0.108872845576313,3.46222318814127,0.692878808470325,0.407493565021771,0.904226655298845,0.389879245077629
"10471","SRC","SRC",0.250607375240576,1.63863992675595,0.887870048435685,0.407011312796356,0.904136602895057,0.390393519480547
"3293","ETV7","ETV7",0.185532384368068,2.84534742838335,0.69436647893176,0.406992570196052,0.904136602895057,0.39041351891313
"9927","SLC2A13","SLC2A13",0.123237647463847,2.97159578705532,0.982537738154198,0.406981519542453,0.904136602895057,0.390425311027745
"11076","TLCD2","TLCD2",0.116360693427592,3.13512308472445,1.22949352028595,0.406969990714779,0.904136602895057,0.390437613741552
"1555","CCDC47","CCDC47",0.0742751781225159,5.87642095384653,0.694730080064738,0.406870260655382,0.904136602895057,0.390544052848293
"12846","ZNF76","ZNF76",0.052347308617725,5.46279831589835,0.695081225212876,0.40675219265698,0.904136602895057,0.390670097257088
"7404","NUB1","NUB1",0.0463983514407985,6.60376092427173,0.695902965183451,0.406476091010231,0.904136602895057,0.390964994590699
"4594","HPGD","HPGD",0.151630151132729,4.47383831459517,0.69638729148747,0.40631348877032,0.903979572940725,0.391138759752647
"4211","GSAP","PION",0.123599261574073,4.16949054807063,0.696908061311313,0.406138758532313,0.903769654398747,0.391325563049974
"9329","RPSA","RPSA",0.0517302773339135,8.53129587904677,0.697169539511645,0.40605106841997,0.903769654398747,0.391419342436989
"3208","EPM2AIP1","EPM2AIP1",0.0631054729999346,6.55137267990107,0.698236446720868,0.405693556694442,0.903666846047221,0.391801889792027
"6993","NAPRT","NAPRT1",0.175127528549026,5.3480425905117,0.698311607314072,0.405668388520529,0.903666846047221,0.391828833128765
"9785","SILC1","LOC150622",0.264452444078579,1.59433753335283,3.31144155617903,0.405410102410365,0.903666846047221,0.392105433328235
"8234","POLR3G","POLR3G",0.177354633186946,2.17378632234515,0.876405847692147,0.40526024939845,0.903666846047221,0.392265992640086
"4694","IDE","IDE",0.0648082009599557,5.87818265661399,0.700413692447367,0.404965418956643,0.903599063459363,0.392582060729821
"12458","ZMPSTE24","ZMPSTE24",0.059081811476533,5.45204495499885,0.701081299063459,0.404742536771637,0.903491761290347,0.392821150650632
"490","ANO8","ANO8",0.231541245025967,1.74795028988612,1.62809521798378,0.404661424061559,0.903491761290347,0.392908194461193
"9826","SLC10A1","SLC10A1",0.261276627884972,1.6149383606902,1.77353778874302,0.40463638065312,0.903491761290347,0.392935072611691
"9696","SFI1","SFI1",0.0562047837641778,6.36308941391926,0.701478600268537,0.404609982526655,0.903491761290347,0.392963406531204
"6745","MRPS30","MRPS30",0.0523353621302897,6.16091968250011,0.701702315100683,0.404535371202499,0.903491761290347,0.393043499153157
"11416","TPD52","TPD52",0.0783720768218055,5.90090552269943,0.702395462138317,0.404304327769357,0.903491761290347,0.393291609850369
"3931","GEMIN6","GEMIN6",0.122910053721294,2.99229281317319,0.896726020559068,0.404270802441467,0.903491761290347,0.393327623485642
"9832","SLC12A4","SLC12A4",0.140919951275272,2.69784558397433,0.937861848282446,0.404252240577944,0.903491761290347,0.393347564327088
"4987","ITSN1","ITSN1",0.191149743517683,2.03479115690869,0.928048471528162,0.404134410430297,0.903491761290347,0.393474169543104
"7297","NOP14","NOP14",0.0612345137491133,4.97032633297989,0.702959363828885,0.404116508400356,0.903491761290347,0.393493408006403
"869","ATP6V1E1","ATP6V1E1",0.0634088839059813,6.3742031191226,0.703407690007217,0.403967275545004,0.903491761290347,0.393653814656364
"12694","ZNF518B","ZNF518B",0.0639831011345856,5.6789965629127,0.703784842838019,0.403841796741706,0.903491761290347,0.393788734538241
"3159","ENC1","ENC1",0.16618777914024,3.26159202271215,0.704695310416675,0.403539120293929,0.903491761290347,0.394114357090016
"8293","PPIL2","PPIL2",0.0668220335092659,5.24167883927255,0.705048698130306,0.403421729752532,0.903491761290347,0.394240712822671
"3154","EMP2","EMP2",0.138883648518157,2.68684582255486,1.60689010693401,0.403416254042453,0.903491761290347,0.394246607613744
"7600","PABPC1L","PABPC1L",0.131812569134682,2.78599602231959,0.985289501052821,0.403384647718142,0.903491761290347,0.394280634477666
"12264","YOD1","YOD1",0.103149315869583,4.1543780342712,0.705605887437986,0.403236741126497,0.903491761290347,0.394439903790871
"2295","CRIM1","CRIM1",0.141285525222104,3.23321416053656,0.706058243310488,0.403086649262504,0.903491761290347,0.394601585988957
"9127","RNF149","RNF149",0.0455457252096101,7.98225321907647,0.706163629225747,0.403051693969808,0.903491761290347,0.394639249228446
"9305","RPS27A","RPS27A",0.0441118593261447,11.2439580903877,0.706297271236996,0.403007372864354,0.903491761290347,0.394687008536273
"1142","BTAF1","BTAF1",0.0546035698867052,7.38908143778142,0.70656779266505,0.402917678924967,0.903491761290347,0.394783676540352
"7510","OGG1","OGG1",0.101511268306428,4.45880179430141,0.707030870804478,0.402764209072893,0.903491761290347,0.394949129212661
"6295","MBD2","MBD2",0.0771531246976991,4.68493238338597,0.708838952117421,0.402165810060464,0.903428061283878,0.39559485351359
"12849","ZNF764","ZNF764",0.0943435316777056,4.07875484332458,0.708982552878559,0.402118340219516,0.903428061283878,0.395646118703876
"10249","SNORD45A","SNORD45A",0.19303952581523,2.02533380170294,1.34851153619254,0.402087181439694,0.903428061283878,0.395679772007123
"9172","RNPC3","RNPC3",0.0612223531550259,6.00865806596236,0.709350522870086,0.401996738594876,0.903428061283878,0.395777470338401
"2358","CSTF2T","CSTF2T",0.0539327243843083,6.09375427806573,0.709542882566551,0.401933191713433,0.903428061283878,0.395846128212601
"7457","NUP50","NUP50",0.0503745031848848,7.1299012802386,0.709980207600415,0.40178877429981,0.903428061283878,0.396002201305423
"9752","SHC1","SHC1",0.0636760870832567,6.05434228091687,0.710495016573698,0.40161886701004,0.903428061283878,0.396185893358344
"6438","METTL3","METTL3",0.0766877080501707,5.76487437635452,0.710513398680918,0.401612802138449,0.903428061283878,0.396192451715955
"4793","IL17RD","IL17RD",0.160520294043434,2.35524796236877,1.47787607670257,0.401600607312292,0.903428061283878,0.396205639109606
"5375","LEMD3","LEMD3",0.0609479418665431,6.18426480166961,0.710575524701789,0.401592305682141,0.903428061283878,0.396214616659351
"10571","STAR","STAR",0.233592408423736,1.73261501003011,1.69772974356164,0.401494391659778,0.903428061283878,0.396320516856589
"10849","TBC1D4","TBC1D4",0.0776659598320001,7.16574665181039,0.71089635931275,0.401486481180457,0.903428061283878,0.396329073666931
"3103","ELF2","ELF2",0.0568238537008332,6.10869093059997,0.71109890072783,0.401419695723078,0.903428061283878,0.396401322595915
"5717","LOC100507178","LOC100507178",0.147466450758943,2.57214629271163,1.49542693479449,0.401410418121404,0.903428061283878,0.396411360114795
"10857","TBCC","TBCC",0.0425677970531773,6.75262969383507,0.711690853108256,0.401224600331414,0.903428061283878,0.396612446886288
"2609","DEDD","DEDD",0.0479663346045186,5.77636603608225,0.711916495051268,0.401150269969616,0.903428061283878,0.39669291118609
"4504","HLA-A","HLA-A",0.0579876563210242,11.0724682717292,0.711986200614515,0.401127311833019,0.903428061283878,0.396717766902535
"6217","MAP3K13","MAP3K13",0.0742908951967362,5.07313611842694,0.71234487497919,0.401009209750991,0.903428061283878,0.39684565307033
"10828","TAX1BP1","TAX1BP1",0.0619725244000359,8.38358811207107,0.712791518412824,0.400862213010126,0.903428061283878,0.397004880278878
"6701","MRPL36","MRPL36",0.0756987860063522,4.52250457163073,0.713094359498851,0.400762588607543,0.903428061283878,0.397112826860472
"9537","SCPEP1","SCPEP1",0.0649336061288305,4.55949268749919,0.718627485721352,0.400762555205525,0.903428061283878,0.397112863057244
"4950","ITGA1","ITGA1",0.197471950828216,2.68843239275936,0.713827558099954,0.400521541456364,0.903428061283878,0.397374121067771
"10221","SNORD12C","SNORD12C",0.142331786145438,2.59624310754703,1.50713790136675,0.400489473818384,0.903428061283878,0.397408894118239
"7642","PAPOLA","PAPOLA",0.0535088772521001,8.30855131056352,0.714757922747605,0.400215979443348,0.903428061283878,0.397705575256216
"9778","SIGLEC9","SIGLEC9",0.303460008741416,1.47110954924681,0.938171877491858,0.399932471788755,0.903428061283878,0.398013332685302
"4427","HEATR3","HEATR3",0.109835645743625,3.52733590359053,0.715676319507713,0.39991468280611,0.903428061283878,0.398032650518612
"4748","IFT52","IFT52",0.0747408458543856,4.71922866055873,0.715985598294508,0.399813293062767,0.903428061283878,0.398142770478448
"5952","LOC729041","LOC729041",0.165833139602498,2.4254749166728,0.716292445798166,0.399712737537278,0.903428061283878,0.398252011975044
"11709","TUT7","ZCCHC6",0.0664523455409166,6.15359518753729,0.716298993972362,0.399710592069883,0.903428061283878,0.39825434306701
"4986","ITPRIPL2","ITPRIPL2",0.237878165691426,1.7709780383652,1.21493823016021,0.399567017148038,0.903428061283878,0.398410368448551
"9251","RPL37","RPL37",0.0601140525849373,10.583694231288,0.71677408771091,0.399554975602112,0.903428061283878,0.398423456755461
"2707","DIRC3","DIRC3",0.180089226163871,2.24789425722364,0.763180655402467,0.399169449465086,0.903428061283878,0.398842704950928
"4126","GPKOW","GPKOW",0.0677690943614704,5.05692856586873,0.718250730009528,0.399071868412125,0.903428061283878,0.398948885656189
"4232","GSTM3","GSTM3",0.133704891320472,4.12385718537337,0.718294198844974,0.399057659833831,0.903428061283878,0.39896434857776
"11959","USP47","USP47",0.0609117747436078,7.2427662291052,0.71992618297964,0.398524750834362,0.903428061283878,0.399544701075937
"1817","CEBPZ","CEBPZ",0.0755189512309875,6.96938968138965,0.721020218642023,0.398168085900946,0.903428061283878,0.399933552627443
"6958","NAALAD2","NAALAD2",0.292968131009528,1.4141574156427,1.61885253096184,0.398048186810779,0.903428061283878,0.400064350038706
"1539","CCDC174","C3orf19",0.0733989942999572,5.48940417756238,0.722554630097986,0.397668639626833,0.903020350407649,0.400478656371397
"5914","LOC644961","LOC644961",0.129880749953059,3.53243229335536,0.722757283884242,0.397602744814471,0.903020350407649,0.400550626151827
"8262","POU2F2","POU2F2",0.0740674312770015,4.67149388218677,0.722848405489362,0.39757312094865,0.903020350407649,0.40058298498468
"7338","NR1H2","NR1H2",0.0727138260491344,6.30224584883606,0.723195647146143,0.39746026132156,0.903020350407649,0.400706286256544
"1015","BCORP1","BCORP1",0.354059267096193,3.12879807099504,0.723427668013263,0.397384876524147,0.903020350407649,0.400788665074946
"7169","NFATC2","NFATC2",0.0907020149317645,5.37266075928922,0.723446688607553,0.397378697558463,0.903020350407649,0.400795418003208
"1609","CCNH","CCNH",0.0863498368583683,6.5710607688894,0.723867137490934,0.397242147748668,0.903020350407649,0.400944678697369
"8904","RBM6","RBM6",0.0605583032946568,6.93606533692419,0.724085501835044,0.397171256240817,0.903020350407649,0.401022189450839
"9106","RNF111","RNF111",0.0633524704437872,5.48407848046152,0.724094226513701,0.397168424176327,0.903020350407649,0.401025286236788
"6028","LRRC25","LRRC25",0.198670066793073,2.0317643565136,1.25550653720436,0.397081352717602,0.903020350407649,0.401120507300255
"5377","LENG8","LENG8",0.0861801744734773,6.69302098925978,0.724818888656217,0.396933298815469,0.903020350407649,0.401282466511817
"2522","DCAF5","DCAF5",0.0421629504734508,6.65668278682739,0.725295069207839,0.396778906793867,0.903020350407649,0.401451423479856
"8554","PSMD9","PSMD9",0.0494254377392832,6.24154275992761,0.725299481210829,0.396777476699523,0.903020350407649,0.401452988792908
"5062","KCNAB2","KCNAB2",0.0782472414991019,6.83889292555832,0.726092256336539,0.39652063070165,0.903020350407649,0.401734211708813
"8799","RALY","RALY",0.047209912346864,7.72618661008412,0.726351075745925,0.396436829973198,0.903020350407649,0.401826005268712
"9772","SIAH1","SIAH1",0.102569376659032,3.32929458984904,0.726676458965872,0.396331513779773,0.903020350407649,0.401941393937518
"1620","CCNYL1","CCNYL1",0.129621708179827,2.87522900363339,0.727139026566982,0.396181865519304,0.903020350407649,0.402105407356643
"7686","PAXBP1","GCFC1",0.0733732157747769,5.14357610949404,0.727791313890708,0.395970979625849,0.903020350407649,0.402336641979011
"9326","RPS7","RPS7",0.0543376901638689,9.71551783441277,0.729135846142595,0.395536804865979,0.903020350407649,0.402813099001923
"6036","LRRC37A2","LRRC37A2",0.167617169958296,2.26212050309136,1.1981775293722,0.395313469451368,0.903020350407649,0.403058387759877
"7154","NEPRO","C3orf17",0.0681578257947211,5.77430022670749,0.730323686326856,0.395153805171487,0.90299987924779,0.403233831624231
"8596","PTK2B","PTK2B",0.0685865854089096,6.71091282315704,0.730352381982188,0.395144559401642,0.90299987924779,0.40324399332266
"8623","PTPRE","PTPRE",0.0706577408327352,4.98311947113393,0.732742277186632,0.394375635492177,0.902493406110427,0.404089923594298
"8800","RAMAC","FAM103A1",0.0657181247131733,5.98194132314424,0.733259335591122,0.3942095635466,0.902429270077994,0.404272843919756
"8345","PPP2R2B","PPP2R2B",0.148799954841174,3.32751275356807,0.733478171510701,0.394139307104702,0.902429270077994,0.404350251235859
"6671","MRNIP","C5orf45",0.124650886517188,3.06892153298338,1.02336750534035,0.394128081697194,0.902429270077994,0.404362620471495
"8701","RAB15","RAB15",0.130354017136541,3.09561860128794,0.733815742605455,0.394030966852562,0.902429270077994,0.404469645675166
"5944","LOC728606","LOC728606",0.299817591187327,1.43772728641215,2.12870683294334,0.393913462819308,0.902390844632683,0.404599176011824
"1617","CCNT1","CCNT1",0.0940827110230266,6.32132488149418,0.734521681197993,0.3938045423045,0.902300658303829,0.404719278836797
"2788","DNAJC27","DNAJC27",0.0975313319514427,3.74383713276198,0.734926537762597,0.393674772821512,0.902300658303829,0.404862414459052
"11063","TIPARP","TIPARP",0.154753593937045,6.58126629772172,0.735576718484582,0.393466498975497,0.902300658303829,0.405092238983315
"4441","HEG1","HEG1",0.0996928168340775,4.09136582129884,0.736369089488368,0.393212893155733,0.902300658303829,0.405372250416231
"6966","NACC2","NACC2",0.138527310403159,2.81590749444375,0.973453638058632,0.392462899691739,0.901073319788099,0.406201391710326
"11964","USP53","USP53",0.0952061846443749,5.29029298436723,0.739484429976918,0.392218094335096,0.900733817987112,0.406472374746208
"2994","EED","EED",0.0733648119441164,5.76161727807953,0.739687540768816,0.392153363196171,0.900733817987112,0.406544056029957
"681","ARL6IP1","ARL6IP1",0.0440854819448011,8.16406942896402,0.74140281620567,0.391607323916842,0.900159219708095,0.407149194532518
"11228","TMEM231","TMEM231",0.192534753166068,2.07958181493239,1.1828524291785,0.391382145336263,0.900088738069021,0.407398990529845
"5400","LIG1","LIG1",0.0721528169156703,5.04927136046911,0.742134365485307,0.391374778058707,0.900088738069021,0.40740716565521
"5121","KDM6A","KDM6A",0.104666106833894,6.69127997920571,0.742241845326241,0.391340629068,0.900088738069021,0.407445061212398
"10400","SPATA7","SPATA7",0.163095939011623,2.53059887015528,0.742450522084366,0.39127433964079,0.900088738069021,0.407518632850216
"8019","PITRM1","PITRM1",0.0580365080865561,5.75053087047081,0.743413036714571,0.390968792097978,0.900088738069021,0.40785790746489
"5551","LOC100130954","LOC100130954",0.228792541752174,1.79171415655839,2.81368683052889,0.390846600814874,0.900088738069021,0.407993660740924
"2938","DYNLL2","DYNLL2",0.14027959870095,3.05645253287499,0.744524278078926,0.390616460823738,0.900088738069021,0.408249459219474
"2642","DFFA","DFFA",0.0811124504953109,5.0123066957522,0.74464160871465,0.390579286663817,0.900088738069021,0.408290792093052
"3245","ERI2","ERI2",0.223729711818826,1.84445447598666,0.954615134049148,0.390040132730476,0.899873847041165,0.408890704443581
"12425","ZFR2","ZFR2",0.304853226206468,1.44926208757241,1.89036064730115,0.389918674134661,0.899873847041165,0.409025964916069
"448","ANKRD13C","ANKRD13C",0.0619637543745796,6.02721861752187,0.746866408960913,0.389875364452659,0.899873847041165,0.409074206259283
"1399","CAMK4","CAMK4",0.0553050141896646,8.02246021751525,0.747846572761562,0.389565824265562,0.89966042448999,0.40941914980139
"11923","USP1","USP1",0.051915505900304,6.96304007940398,0.748053510830164,0.389500517664332,0.89966042448999,0.409491960793436
"7117","NECAB1","NECAB1",0.234975298343952,2.06238524306036,0.748284383006461,0.389427676467764,0.89966042448999,0.409573186585634
"7516","OLAH","OLAH",0.315022223828167,1.43893665425378,3.17376103847578,0.388591098990511,0.898288012687794,0.410507151506635
"12592","ZNF330","ZNF330",0.0756385966333179,5.08283545675296,0.751569378507067,0.388393372391655,0.898151019614427,0.410728189573226
"7663","PARP14","PARP14",0.0788581528725998,7.13473040268754,0.752206466298214,0.38819323964165,0.898008362673167,0.410952032090088
"5376","LENG1","LENG1",0.0758503068232208,4.41994233409655,0.84289868229708,0.388059465485077,0.897981280831798,0.411101718856298
"12596","ZNF337","ZNF337",0.087613494248258,4.56138012687209,0.753076124970505,0.387920287692943,0.897981280831798,0.411257506807022
"7545","OSBPL11","OSBPL11",0.0746759519086268,4.39464369440848,0.753239407364348,0.387869070559386,0.897981280831798,0.411314850513218
"7928","PHLPP1","PHLPP1",0.193883789205998,2.04111321552671,0.939639629127767,0.387854432195787,0.897981280831798,0.41133124130327
"9211","RPL13","RPL13",0.0537079617704578,11.5448069013749,0.753854975533325,0.387676071573445,0.897981280831798,0.411531004007795
"9568","SEC11A","SEC11A",0.0435004677904894,7.07228788065637,0.753906937060227,0.387659786417514,0.897981280831798,0.411549247852153
"5084","KCNQ1","KCNQ1",0.0963871378053995,3.77116247112728,0.75530008692208,0.387223529264055,0.897981280831798,0.412038261076781
"9835","SLC12A8","SLC12A8",0.299689400290721,1.4456617919923,2.16035809006708,0.386587550811155,0.897655324265815,0.412752135566319
"1364","CABIN1","CABIN1",0.0689845851183034,5.49916593816335,0.757513278640559,0.386531932495194,0.897655324265815,0.412814621969204
"5714","LOC100507062","LOC100507062",0.113427292094869,5.82383461619201,0.757801061662944,0.386442134238989,0.897655324265815,0.412915528038394
"1472","CATSPERG","CATSPERG",0.230553129449264,1.84087830084092,1.48289878146268,0.386159660402662,0.897464936295904,0.41323309611736
"12184","WIPI1","WIPI1",0.122332375296893,3.129244029962,0.872620959068629,0.385989223682529,0.897229564385137,0.413424820096492
"9782","SIK3","SIK3",0.0770126611601258,4.7174976199799,0.761426781903477,0.385313348863763,0.896461634650215,0.414185944951575
"9996","SLC41A3","SLC41A3",0.0669622327881193,5.35522851742478,0.7616788919362,0.385235036391936,0.896461634650215,0.414274221496298
"2149","COA7","SELRC1",0.164467053280775,2.44909999873848,0.961554056105827,0.385084857210247,0.896412318784952,0.414443558913836
"7634","PAN3-AS1","PAN3-AS1",0.229140187122876,1.79487394397148,1.25914056028415,0.384867581804919,0.896228170661499,0.414688668890272
"2007","CIP2A","KIAA1524",0.109124253846831,3.39850802052488,0.762901478485265,0.384855590568253,0.896228170661499,0.414702200321058
"10784","TAF8","TAF8",0.067749733882116,4.66293966542188,0.941736154166102,0.384547499314951,0.896228170661499,0.415050008485966
"3224","ERBB2","ERBB2",0.207117973493427,2.01789710908747,1.21980057513341,0.38423901991515,0.896228170661499,0.41539853412983
"11693","TUBE1","TUBE1",0.0763071713896784,4.74712114790408,0.765440157070239,0.384069389679304,0.896138883508923,0.415590304714842
"10427","SPIN2B","SPIN2B",0.148699058830737,2.68799584958904,1.62126573730618,0.383903904658918,0.895996101100435,0.415777470682288
"10940","TERF2","TERF2",0.0984419042358112,3.51725385492438,1.03259778028358,0.383879096147254,0.895996101100435,0.415805536424072
"789","ATG12","ATG12",0.0498197616554197,7.15230305720673,0.766211039981669,0.383831111662428,0.895996101100435,0.415859826172449
"3311","EXOC3","EXOC3",0.145276337791651,4.86644379063736,0.76624480777776,0.383820678965194,0.895996101100435,0.415871630646549
"8109","PLK2","PLK2",0.188647823204532,2.78831279661701,0.766371301660441,0.383781601781504,0.895996101100435,0.415915848871756
"2286","CREBBP","CREBBP",0.0857603828151031,6.12534853800595,0.767788427646527,0.383344204952474,0.89594805955237,0.416411097625396
"9672","SETD1A","SETD1A",0.109813614727805,3.66605065160722,0.769288818777975,0.382881886215283,0.895470685458189,0.416935179232959
"316","AKAP11","AKAP11",0.0840126066344089,6.05579974222024,0.77128780645115,0.38226717316185,0.894685700637152,0.417632995014667
"1269","C1QBP","C1QBP",0.0442568342414457,6.99087935696828,0.771510256169166,0.382198854507003,0.894685700637152,0.417710618908512
"1051","BIN1","BIN1",0.0697118746482193,7.5545697186534,0.771607053391091,0.382169131642838,0.894685700637152,0.417744394461999
"7416","NUDT10","NUDT10",0.292261539273564,1.46292072601095,0.978892833244501,0.381836920630292,0.8945242203176,0.418122081047701
"10497","SRPRB","SRPRB",0.0564905097355647,5.94724545725536,0.773629743807314,0.381548793385881,0.894440277664445,0.418449915525025
"7587","P2RX5-TAX1BP3","P2RX5-TAX1BP3",0.124798156155887,2.97226417230509,0.907476383260377,0.381461476778822,0.89439720553979,0.41854931424159
"4132","GPR107","GPR107",0.080076158602516,3.93333546278436,0.774203994922429,0.381372938872725,0.894351253795348,0.418650126484563
"10185","SNORA3A","SNORA3",0.167332638619998,2.35183941141363,1.62608308346496,0.38129877492069,0.894338999646738,0.418734590073927
"1234","C17orf80","C17orf80",0.142417488090041,3.51995069512191,0.776066313606222,0.380803431961482,0.894147135354988,0.419299146224492
"3896","GBP5","GBP5",0.101286894612441,7.56577335726274,0.776117881034336,0.380787679657414,0.894147135354988,0.41931711160941
"11990","UXS1","UXS1",0.041801072530936,6.42521665390302,0.776525161440242,0.380663300386097,0.894147135354988,0.419458991344527
"11301","TMPPE","TMPPE",0.10878130961821,3.71244571991873,0.776597050224756,0.380641352309766,0.894147135354988,0.41948403238009
"4162","GPR89A","GPR89A",0.12727065605876,2.91987190823437,1.36085951791066,0.380493345698047,0.894147135354988,0.41965293403635
"18","AASS","AASS",0.186121320153089,3.35289978536207,0.777336119125922,0.380415814872095,0.894147135354988,0.419741436611295
"4941","ISM1","ISM1",0.167480184816531,3.21447345670305,0.777680644393864,0.380310743245534,0.894147135354988,0.419861406204636
"6931","MYRF","C11orf9",0.264361310043939,1.59017045924581,1.71697817421702,0.38002658733563,0.894147135354988,0.420186018306273
"9572","SEC14L2","SEC14L2",0.158190239848843,4.80752190473886,0.778657147363214,0.380013159101997,0.894147135354988,0.420201364366256
"8084","PLEKHB1","PLEKHB1",0.0884928472642466,5.71942623169103,0.778966754634127,0.379918877278774,0.894147135354988,0.420309126834002
"8557","PSME3","PSME3",0.0402166982399075,6.83946709577174,0.77990070100641,0.37963467331161,0.894147135354988,0.420634128857463
"1892","CES1","CES1",0.273871677816929,1.582845824398,1.1344343546195,0.379605732834366,0.894147135354988,0.420667237447246
"1258","C1orf174","C1orf174",0.0517844423653888,5.2212971349771,0.780474445308281,0.379460230718913,0.894147135354988,0.420833733561298
"6865","MTX3","MTX3",0.0745718959009021,5.653685971009,0.781726915768804,0.379079823357063,0.894147135354988,0.421269330418943
"10610","STK36","STK36",0.1404945679337,2.81239451428371,0.912537361172328,0.379041373296278,0.894147135354988,0.421313383135887
"5795","LOC283335","LOC283335",0.304592973617897,1.48256232981535,1.76658302344182,0.378766029992519,0.894147135354988,0.421628978054053
"1941","CHD8","CHD8",0.0614509969519113,6.42947283538067,0.783043517553479,0.378680523254515,0.894147135354988,0.421727031453278
"5149","KIAA1143","KIAA1143",0.0410615576839797,6.1756644051229,0.783250553284068,0.378617787800809,0.894147135354988,0.421798986351444
"2324","CRYZ","CRYZ",0.112063911928734,5.1148060995025,0.784040760705384,0.378378477104583,0.894147135354988,0.422073575072979
"3884","GATD1","PDDC1",0.0889084792135078,4.15472315505502,0.784115249917792,0.378355929496493,0.894147135354988,0.422099455492029
"8548","PSMD3","PSMD3",0.0578513453326436,5.94847973190945,0.784975766189142,0.378095593029828,0.894147135354988,0.422398384615729
"5237","KLHL3","KLHL3",0.0885700047086683,4.97342218494913,0.785146268669573,0.378044040291555,0.894147135354988,0.422457604021265
"10839","TBC1D2","TBC1D2",0.116241850545841,3.38584077662898,0.786332185786345,0.377685745677516,0.894147135354988,0.422869405668679
"3643","FHIT","FHIT",0.12209257735978,4.77720094848248,0.786438801179488,0.377653558226033,0.894147135354988,0.422906419054589
"58","ABHD16A","ABHD16A",0.0656168949601033,5.11386702329046,0.786621997811697,0.377598259820084,0.894147135354988,0.422970015836566
"9073","RIPOR1","FAM65A",0.115967848447417,4.22323006642499,0.787020770545995,0.377477928986583,0.894147135354988,0.4231084363515
"11010","THG1L","THG1L",0.110815259253978,3.41374424701042,1.13043443446662,0.377397662502474,0.894147135354988,0.423200794063564
"265","AGBL3","AGBL3",0.224511842876067,1.88858496201563,1.39673317757151,0.377355752239713,0.894147135354988,0.423249025434276
"11648","TTC30A","TTC30A",0.295556814253006,1.52184213829577,1.03277090850646,0.377188683854367,0.894147135354988,0.423441345132284
"1654","CD160","CD160",0.280603657750848,1.55176175223447,1.5737726907827,0.376857953514004,0.893780298160362,0.423822314594676
"4618","HSD17B11","HSD17B11",0.0601528034742619,6.87707266756505,0.789573561512862,0.376708906900698,0.893590171735738,0.423994111222022
"7946","PIAS2","PIAS2",0.0560207868118599,5.23358040053752,0.790288809525699,0.3764938394648,0.893243339315444,0.424242125727111
"165","ACVR1C","ACVR1C",0.162643337885935,3.49429445141076,0.790310321228628,0.37648737382745,0.893243339315444,0.424249584055616
"5125","KDSR","KDSR",0.0762037803553523,6.5162567437911,0.790817080681509,0.376335105926731,0.893243339315444,0.424425267199341
"12404","ZFP14","ZFP14",0.100194778414545,3.97681499897801,0.790975561496963,0.376287504557472,0.893243339315444,0.424480203130682
"11327","TNFRSF11A","TNFRSF11A",0.226110098509476,2.24039186893028,0.791151426747272,0.376234691598513,0.893243339315444,0.42454116180221
"10414","SPECC1L","SPECC1L",0.0626305896606332,5.1413002683876,0.791393916737922,0.376161888252407,0.893243339315444,0.424625208148042
"7767","PDE6A","PDE6A",0.192816846305781,2.14906554760266,2.21803396506437,0.376140166927408,0.893243339315444,0.424650287041619
"1446","CARS2","CARS2",0.0959333585217897,4.00281451680123,0.79157730937965,0.376106841126455,0.893243339315444,0.424688766985874
"4385","HBEGF","HBEGF",0.2252179983849,1.89584653141026,0.791924281015989,0.376002725418469,0.893243339315444,0.424809007120445
"6737","MRPS2","MRPS2",0.0657515854214806,5.24779649012358,0.79203441294387,0.375969686707281,0.893243339315444,0.424847169504426
"12197","WSB1","WSB1",0.060342010465389,7.40964355365051,0.792596997865871,0.375800979926985,0.893243339315444,0.425042091781189
"9186","ROPN1L","ROPN1L",0.186792998281772,2.24079864872248,0.792743688567346,0.3757570082876,0.893243339315444,0.425092910588697
"9203","RPGR","RPGR",0.107106769942537,3.80797016773416,0.792871374839606,0.375718739311717,0.893243339315444,0.425137143566598
"1498","CC2D1B","CC2D1B",0.0736032601019608,5.26673071135521,0.792951350025456,0.375694772688281,0.893243339315444,0.425164847546219
"12424","ZFR","ZFR",0.0451276755026044,7.45872065101301,0.792960495191603,0.375692032242009,0.893243339315444,0.425168015450383
"4496","HIRIP3","HIRIP3",0.084276788798024,4.44810010274588,0.793809114856081,0.375437857704602,0.893243339315444,0.425461936927153
"12806","ZNF684","ZNF684",0.142052355204584,2.68722132735788,1.26435236468652,0.375388767465393,0.893243339315444,0.425518726655485
"9829","SLC11A1","SLC11A1",0.151542988973226,2.62747306104244,1.17361217848497,0.374832143216452,0.893243339315444,0.426163173859568
"5141","KIAA0753","KIAA0753",0.129123009826834,2.96025048482056,0.912604627840991,0.374727469289537,0.893243339315444,0.426284469906994
"8782","RAD54L","RAD54L",0.283814497087358,1.54683359332505,1.8005123248372,0.374684057840876,0.893243339315444,0.426334784992747
"10872","TBRG4","TBRG4",0.0614651975435553,5.30624740552891,0.797969871841441,0.374195169136657,0.893243339315444,0.426901823545884
"305","AIP","AIP",0.0639618373670388,6.96852200486788,0.798313447471156,0.37409281442034,0.893243339315444,0.427020633655754
"6096","LTC4S","LTC4S",0.255364984490069,1.69329559137126,1.47559254893504,0.373850685647862,0.893243339315444,0.427301818513865
"8875","RBM14","RBM14",0.104880096922477,5.21267454949486,0.799142576448914,0.373845971580442,0.893243339315444,0.427307294781408
"2340","CSNK1E","CSNK1E",0.120578210418315,3.81423491371554,0.799189404140917,0.373832037227613,0.893243339315444,0.427323482531941
"5432","LINC00265","LINC00265",0.129082772690985,3.01699521530704,0.852818721175998,0.373815986885914,0.893243339315444,0.427342129206871
"5282","KRI1","KRI1",0.082964184542852,5.4078430436349,0.799356276471052,0.373782387588729,0.893243339315444,0.427381166181458
"2242","COX8A","COX8A",0.0497376629828585,7.22473606416204,0.800172330356204,0.373539720892399,0.893243339315444,0.427663210054283
"9146","RNF215","RNF215",0.341820084784794,1.36253209012202,1.38773930267868,0.373457383362787,0.893243339315444,0.427758950010182
"5195","KIZ","PLK1S1",0.0664373624968585,5.10320047100993,0.800509334268197,0.373439572426015,0.893243339315444,0.427779662884961
"6675","MROH8","C20orf132",0.287711594692858,1.58906738161339,1.58081267434274,0.373415151804214,0.893243339315444,0.427808063967401
"11415","TPCN2","TPCN2",0.113327617607896,3.51908787875703,0.80121240540988,0.373230760926073,0.893243339315444,0.428022569775716
"7316","NPC2","NPC2",0.0794837429328677,5.68394803223465,0.801238891912083,0.373222897687454,0.893243339315444,0.428031719603312
"4021","GMDS","GMDS",0.0677340321295708,4.82426450541198,0.802594859086004,0.372820654781265,0.893243339315444,0.428500035135006
"7568","OTUD3","OTUD3",0.0961444126206308,3.52118720406451,0.80307897712538,0.372677191356812,0.893243339315444,0.428667186186311
"8202","POLK","POLK",0.077202829686646,5.40991689847834,0.803355304032759,0.372595339689567,0.893243339315444,0.42876258143055
"3098","EIPR1","TSSC1",0.081167511227276,5.1579439941612,0.803894823984465,0.372435599999211,0.893243339315444,0.428948812802779
"19","AATF","AATF",0.0566172281246592,6.37976407074177,0.805122699211346,0.372072414389475,0.893243339315444,0.429372527566565
"9664","SERTAD2","SERTAD2",0.0666354200483824,5.08417321817089,0.806492924908652,0.371667714160273,0.893243339315444,0.429845163335343
"2518","DCAF16","DCAF16",0.0520398515173532,6.10351745411859,0.806763712856235,0.371587809696393,0.893243339315444,0.429938541902369
"7641","PAPLN","PAPLN",0.158224719080384,2.55607875241258,1.13256037633114,0.371506195164534,0.893243339315444,0.430033939633317
"5903","LOC641518","LOC641518",0.214915246968881,2.01236395636809,1.65124988649419,0.371064990063752,0.893243339315444,0.430550019349354
"954","BAIAP2L1","BAIAP2L1",0.217984973738082,1.89903898138524,1.21096587440192,0.370917279691422,0.893243339315444,0.430722933994582
"5560","LOC100131257","LOC100131257",0.10466245256427,4.47392831586823,0.809931852089909,0.370654749339554,0.893243339315444,0.431030430727059
"11735","TXNRD1","TXNRD1",0.0607783040865201,5.74880285149541,0.810266297123662,0.370556443617129,0.893243339315444,0.431145630371762
"4861","INPP5B","INPP5B",0.0830801555733392,5.01703485548751,0.810836089843304,0.370389045178243,0.893243339315444,0.431341866722813
"6427","METTL16","METTL16",0.0660921225694163,6.06433484068811,0.8113162147323,0.37024807284404,0.893243339315444,0.43150719332094
"6568","MLANA","MLANA",0.185630913117242,2.24240668562632,2.22801568836437,0.369838190983141,0.89280067949838,0.431988243861454
"3517","FASTKD1","FASTKD1",0.103128165406938,4.56399345556097,0.812821768867422,0.36980650807733,0.89280067949838,0.432025450134116
"5357","LCOR","C10orf12",0.0764431818812476,4.23125317967479,0.864220393083557,0.369567850419947,0.89280067949838,0.432305816111307
"12026","VILL","VILL",0.073336266504741,4.84348454693203,0.813697652327683,0.369549961028486,0.89280067949838,0.432326839184698
"4250","GTF2H2B","GTF2H2B",0.169356005806217,3.86506589598237,0.813754747230741,0.369533246582949,0.89280067949838,0.432346482416723
"294","AHR","AHR",0.0856043450376738,6.40968097808928,0.813804032845785,0.369518819150599,0.89280067949838,0.432363438608441
"4917","IREB2","IREB2",0.0770980506601943,6.39124319135138,0.814489785690726,0.369318160227037,0.89280067949838,0.432599336561096
"10076","SMARCA2","SMARCA2",0.0585115145590309,6.41049216071627,0.814516919893412,0.369310223612418,0.89280067949838,0.432608669611407
"2479","CYTH3","CYTH3",0.144167132676067,2.9389236941493,0.814895582341686,0.369199491844844,0.89280067949838,0.43273890539567
"5518","LOC100128573","LOC100128573",0.281527020862569,1.61499610441048,2.22162957442899,0.369137287772597,0.89280067949838,0.432812083073225
"7816","PEG10","PEG10",0.286641936142914,1.54979797919753,0.887387414003394,0.368852435278985,0.89280067949838,0.433147344848319
"12225","XPOT","XPOT",0.0562966663751455,6.58305330041718,0.817557211318475,0.368422471894512,0.892633098698781,0.433653887915631
"3385","FAM120B","FAM120B",0.0436813249436385,7.29729907748646,0.818424604879817,0.368169747169776,0.892426406956933,0.433951900723422
"8024","PJVK","DFNB59",0.289094905594829,1.53598493359993,2.11154876769169,0.368168533139518,0.892426406956933,0.433953332800651
"10089","SMC1B","SMC1B",0.279979440637971,1.55363527097816,1.76142388514458,0.368087133389234,0.892426406956933,0.434049363199133
"10415","SPEF2","SPEF2",0.14017615105524,4.02092883983273,0.818811925887707,0.368056975612272,0.892426406956933,0.434084946873493
"11691","TUBB4B","TUBB4B",0.0824057088534232,5.56495340803994,0.819382616956319,0.367890902872239,0.892426406956933,0.434280951177394
"7969","PIGT","PIGT",0.0635351057343284,6.65536285434387,0.819633257188052,0.367817999125898,0.892426406956933,0.434367022434012
"2582","DDX27","DDX27",0.0748257724866239,6.01490300467783,0.820732876253555,0.367498392598157,0.892426406956933,0.434744556137004
"2660","DHCR7","DHCR7",0.103769700133125,4.27153403198744,0.820785506331406,0.367483105343219,0.892426406956933,0.434762622361752
"5328","LANCL2","LANCL2",0.0947012173062161,4.36582438452107,0.821399612247976,0.367304794369943,0.892426406956933,0.434973402842234
"5766","LOC150381","LOC150381",0.154312381272533,2.71666435907825,1.5765346237323,0.367206270572746,0.892425430524584,0.435089911207479
"12376","ZDHHC20","ZDHHC20",0.0568787546016169,6.40523216751751,0.822965980163774,0.366850535643303,0.891761357857395,0.435510842469646
"9526","SCMH1","SCMH1",0.0883530717740724,4.03214122632863,1.02801813218488,0.366572133666439,0.891552360340216,0.435840552616795
"2395","CTTN","CTTN",0.321306408906135,1.47202738410243,1.30311335076772,0.366547124008584,0.891552360340216,0.435870183693299
"7096","NDUFB4","NDUFB4",0.0364026665535151,7.06788449876637,0.826513306335674,0.365824693824692,0.890736440125326,0.436726982211611
"7322","NPHP4","NPHP4",0.167933516942701,2.56323170735228,0.826551224725629,0.365813750048545,0.890736440125326,0.436739974480217
"2331","CSF1R","CSF1R",0.237714049762425,1.85453017151069,1.03123047832121,0.365805233505698,0.890736440125326,0.436750085446844
"2550","DCUN1D3","DCUN1D3",0.310075778863427,1.4727682136525,1.60698573672277,0.365729704945756,0.890736440125326,0.436839764381374
"2807","DNM1L","DNM1L",0.0576438780697088,6.04625886437971,0.827159757826493,0.365638181668173,0.890736440125326,0.436948459486409
"3654","FIP1L1","FIP1L1",0.0406889741045444,6.44882733427487,0.827321130499955,0.365591643718244,0.890736440125326,0.437003739438563
"475","ANKRD49","ANKRD49",0.0639869493470183,6.04001387707575,0.828389930818541,0.365283623913908,0.890736440125326,0.437369797274103
"5474","LIPT2","LIPT2",0.102983097523591,3.72292258390008,0.977115359017973,0.365210018712328,0.890736440125326,0.437457317085717
"12880","ZNF800","ZNF800",0.0634267642380551,7.54999464514391,0.828727710917239,0.36518635396836,0.890736440125326,0.43748545925101
"6385","MED19","MED19",0.0753893363418087,4.35236875681413,0.829448631778379,0.364978872954765,0.890736440125326,0.437732274241388
"7689","PAXX","C9orf142",0.06855658107164,6.26575679278889,0.830041636254291,0.364808329994166,0.890736440125326,0.437935253596918
"5680","LOC100506207","LOC100506207",0.349354008245169,1.38343702647637,1.86097069708164,0.364728609724765,0.890736440125326,0.438030168799561
"6222","MAP3K3","MAP3K3",0.0841870880742739,5.2488953074172,0.830474967525532,0.364683778212549,0.890736440125326,0.438083554452772
"7121","NECTIN2","PVRL2",0.286794462925291,1.54219541748226,0.983402324019264,0.364538846064886,0.890736440125326,0.438256185500448
"4430","HEATR5B","HEATR5B",0.0699804983870203,6.63880930082255,0.831430125195056,0.364409448745094,0.890736440125326,0.438410370764203
"3692","FLJ42393","FLJ42393",0.285648195609156,1.63916306356291,1.2094838826982,0.364258310530071,0.890736440125326,0.438590531044097
"4468","HEXIM1","HEXIM1",0.0683096962480903,5.57822481864194,0.833286929306498,0.363876984354261,0.890736440125326,0.439045413180049
"3595","FCHSD1","FCHSD1",0.0731793447521829,4.85312413908712,0.833419549212836,0.363838995402152,0.890736440125326,0.439090756123583
"9384","RTKN2","RTKN2",0.141530171430214,5.43980089539282,0.833472449247962,0.363823843742485,0.890736440125326,0.439108842198154
"9590","SEC61B","SEC61B",0.0455852864354044,6.97497043141785,0.834732948523961,0.36346307159737,0.890736440125326,0.439539707545501
"7081","NDUFA9","NDUFA9",0.050641589352867,6.78349206188336,0.835883024587185,0.36313434020732,0.890537201419577,0.439932679598934
"7680","PATL1","PATL1",0.0906522564466905,5.35050007023028,0.836133548589231,0.36306278692213,0.890530068962147,0.440018262964276
"9466","SARDH","SARDH",0.14833461472581,3.6398463718297,0.837141053770535,0.362775227639348,0.890061001445752,0.440362376702495
"11028","TIA1","TIA1",0.0700727867677379,6.65976323883902,0.837546244987322,0.362659668799467,0.890046137596573,0.440500739406485
"12371","ZDHHC15","ZDHHC15",0.191250783881997,2.14315754719278,1.19160379747616,0.362612048842326,0.890046137596573,0.440557769300637
"5228","KLHL2","KLHL2",0.103452232355158,3.64774647122439,0.838101169288785,0.362501490098658,0.889994669010198,0.440690203878382
"10842","TBC1D22B","TBC1D22B",0.0846145462984993,4.22743919049152,0.839937009352255,0.361978877886307,0.889506123851965,0.44131677058577
"11672","TTLL3","TTLL3",0.128547076487151,3.06950775502476,1.75482710501976,0.361618476016199,0.889209715967986,0.441749388409906
"10845","TBC1D25","TBC1D25",0.0798766919019579,4.97611142554296,0.84250151111372,0.361250594338493,0.889020106407042,0.442191429722688
"599","ARFGEF1","ARFGEF1",0.0814115476835522,6.22432942775572,0.842616669507616,0.361217938877521,0.889020106407042,0.442230689803541
"7345","NR3C2","NR3C2",0.10478168756864,4.83403251566632,0.842699095055386,0.361194567995099,0.889020106407042,0.442258789663885
"10760","TACO1","TACO1",0.0683220049759282,5.08911499481186,0.842905170766532,0.361136146653312,0.889020106407042,0.442329040217832
"6724","MRPL57","MRP63",0.0392739241579001,6.46355546412344,0.843018602243468,0.361103995067635,0.889020106407042,0.442367706737308
"12332","ZC2HC1C","ZC2HC1C",0.311395282253951,1.51215691244179,1.97395416916495,0.36094670933815,0.889020106407042,0.442556913187938
"7679","PATJ","INADL",0.0654791055112582,6.79401063337067,0.84368215624717,0.360915993905829,0.889020106407042,0.442593871858097
"9658","SERPIND1","SERPIND1",0.268465515453964,1.70892855831047,1.1374001383597,0.360824886808592,0.889020106407042,0.442703515944665
"10355","SORL1","SORL1",0.0609027090832319,8.93694970728188,0.845105078194724,0.360513304689751,0.889020106407042,0.443078703075703
"12620","ZNF395","ZNF395",0.105685546551268,4.66398225054016,0.845435941858746,0.360419759429572,0.889020106407042,0.443191407548708
"8488","PRRC2B","PRRC2B",0.068897836822478,6.30030285210786,0.846045550219484,0.360247493030612,0.889003372091712,0.443399032767297
"8443","PRMT2","PRMT2",0.0892021395069411,7.74848300888259,0.846513312058256,0.360115388109367,0.888846447858222,0.443558320372126
"12173","WDSUB1","WDSUB1",0.143361138572466,3.49855054293228,0.846677624902766,0.360068999015347,0.888846447858222,0.443614268620772
"4506","HLA-C","HLA-C",0.055576117096722,10.7951144090075,0.847150429534392,0.359935562369634,0.888846447858222,0.443775242044243
"11391","TOR1A","TOR1A",0.0840528202830675,5.31085831314291,0.847515451780988,0.359832591538917,0.888846447858222,0.443899503345995
"12551","ZNF26","ZNF26",0.0717249387770525,5.10852819921147,0.847720045225341,0.359774894747316,0.888846447858222,0.443969145195885
"1023","BECN1","BECN1",0.0512664174423189,6.81390735814353,0.848254191535877,0.359624322394622,0.888846447858222,0.444150943399994
"4314","H2AC8","HIST1H2AE",0.178437413855271,2.50225149593286,0.849387878435991,0.359305033857061,0.888367486988308,0.444536698294849
"8874","RBM12B-AS1","C8orf39",0.167462186071406,2.448472272009,1.76946198661781,0.359191446137732,0.88825593418696,0.444674014263685
"2703","DIP2C","DIP2C",0.137110836347834,3.19655461467005,0.849906914583876,0.359158985486123,0.88825593418696,0.44471326385904
"1465","CASZ1","CASZ1",0.131025900520141,2.92252548186377,0.850091602513083,0.359107037206458,0.88825593418696,0.444776084180562
"5504","LOC100009676","LOC100009676",0.147279395869725,2.70355103687776,1.59960128041231,0.359048349473809,0.88825593418696,0.444847065360887
"12572","ZNF286A","ZNF286A",0.0877188279889371,3.90937713966508,0.972405046064203,0.358997662203137,0.88825593418696,0.444908379543082
"12048","VPS26C","DSCR3",0.052076302698538,6.05870361909237,0.851388208475241,0.358742627033046,0.88825593418696,0.445217015893541
"10628","STRADB","STRADB",0.103985107472273,4.73115661943968,0.851525552550516,0.358704056692966,0.88825593418696,0.44526371172825
"11497","TRIM2","TRIM2",0.128759532502307,3.93704565738165,0.852934308917847,0.358308768098715,0.88825593418696,0.445742564174675
"11982","UTP4","CIRH1A",0.0700692822478672,5.89588795290343,0.853126420854826,0.358254909541544,0.88825593418696,0.445807849298542
"8671","PYROXD1","PYROXD1",0.0827685093882503,5.89453237817331,0.85341341423235,0.358174471930687,0.88825593418696,0.445905370733544
"11023","THTPA","THTPA",0.0982845780525599,3.87809551129629,0.975227763391947,0.357672655914551,0.88825593418696,0.446514260408336
"7350","NRBF2","NRBF2",0.0760615761918411,5.53968393069292,0.855501864439383,0.357589882227349,0.88825593418696,0.446614777781587
"9175","RNPS1","RNPS1",0.0497520332977921,7.34508571405455,0.855580340333375,0.357567941434057,0.88825593418696,0.446641425788902
"6178","MAMDC4","MAMDC4",0.267236036494072,1.7047058783235,1.76978328527671,0.357175324424122,0.88825593418696,0.44711855212562
"308","AK1","AK1",0.0902813127975903,4.00503624493768,0.857429519146046,0.357051476375808,0.88825593418696,0.447269166816797
"3012","EFCAB14","KIAA0494",0.0440636497161653,7.63396932813013,0.857851563963027,0.35693374674589,0.88825593418696,0.447412389190139
"182","ADAM9","ADAM9",0.148272196560659,2.7326824689752,0.858338788534611,0.35679790213047,0.88825593418696,0.447577707815643
"12339","ZC3H14","ZC3H14",0.055873056913804,5.81697580059524,0.858628706700412,0.356717103156488,0.88825593418696,0.447676067481337
"11877","UNC119","UNC119",0.0715570054330599,5.21749374472735,0.859123526454846,0.356579257562973,0.88825593418696,0.447843923605832
"3307","EXO1","EXO1",0.28645031200122,1.56329044050876,1.05378013718967,0.356543234836729,0.88825593418696,0.447887799577803
"453","ANKRD19P","ANKRD19P",0.178125686340739,2.36348179938576,1.32680973126333,0.355397525784207,0.886137248125797,0.449285600002879
"12191","WNT7A","WNT7A",0.139619550003017,4.9383835927689,0.863395245984571,0.355392316607634,0.886137248125797,0.449291965644328
"5114","KDM4A","KDM4A",0.0782008693811654,4.91193557039592,0.864161204137489,0.355180066035102,0.886137248125797,0.449551416355965
"5047","KATNBL1","C15orf29",0.0977632760747894,4.99305084459,0.864260653709294,0.35515252096597,0.886137248125797,0.449585098244569
"2362","CTBP2","CTBP2",0.218594289393593,1.97848022837303,1.98834028427191,0.355106409438015,0.886137248125797,0.449641488896805
"9841","SLC15A4","SLC15A4",0.112960538170266,3.34038832490927,1.01708522249811,0.355054613794643,0.886137248125797,0.449704839493098
"12876","ZNF793","ZNF793",0.102822019804419,3.69044872498866,1.15402807880656,0.354640844751041,0.886137248125797,0.45021124722226
"6555","MIS12","MIS12",0.0800554272268507,5.103940801424,0.866952587685075,0.354408043351479,0.886137248125797,0.450496430285202
"9125","RNF145","RNF145",0.0828856446089572,6.17628538255462,0.867043109962583,0.354383046162148,0.886137248125797,0.450527063123438
"10181","SNORA2B","SNORA2B",0.342990249434163,1.35956632215037,2.27648622181182,0.354380948952694,0.886137248125797,0.450529633249741
"5439","LINC00471","LINC00471",0.314229299281297,1.52534333442589,2.06318793444714,0.354241339368082,0.886137248125797,0.450700758753416
"7601","PABPC1P2","PABPC1P2",0.197366457773311,2.14786118526417,2.53583149482455,0.354163519277993,0.886137248125797,0.450796175478557
"12075","VSIG10","VSIG10",0.292465426378048,1.6384107927102,1.96688772313313,0.35401722038482,0.886137248125797,0.450975612165716
"7414","NUDCD3","NUDCD3",0.0774506693508542,5.79318411442207,0.868876809380716,0.353877205320303,0.886137248125797,0.451147411147281
"8978","REXO4","REXO4",0.0897337158012344,4.31789177557237,0.869446865756326,0.353720153999802,0.886137248125797,0.451340194577266
"10302","SNRPF","SNRPF",0.0523031606760339,6.39378192051549,0.870654149840504,0.353387863344702,0.886137248125797,0.451748369863025
"11224","TMEM222","TMEM222",0.0609441800782226,5.49946137710596,0.87109941315668,0.353265418723146,0.886137248125797,0.451898873724996
"11050","TIMM22","TIMM22",0.0707774246784913,5.29890262342289,0.871393897999422,0.353184469423241,0.886137248125797,0.451998401901038
"10507","SRSF2","SRSF2",0.0560247180896569,8.66333664328887,0.871396859256786,0.353183655549766,0.886137248125797,0.451999402684474
"1514","CCDC122","CCDC122",0.194588147972284,2.24738919580294,0.871452149118448,0.353168460131717,0.886137248125797,0.452018088226892
"4161","GPR82","GPR82",0.113631736997088,3.66546003806486,0.871537663750727,0.353144959760138,0.886137248125797,0.452046987810039
"12823","ZNF709","ZNF709",0.118986038694057,3.20783314709972,0.921859108739598,0.352840270278236,0.886137248125797,0.452421853921311
"4500","HK1","HK1",0.0581074669562288,7.07370144036056,0.873303220215433,0.352660247230287,0.886137248125797,0.45264349236408
"12024","VGLL4","VGLL4",0.0966953812970262,3.86253557401802,1.28319275055543,0.352462179673766,0.886137248125797,0.452887477368162
"10859","TBCD","TBCD",0.0951774256071603,6.20874305515536,0.874309714333308,0.352384337075549,0.886137248125797,0.452983403531367
"7855","PFKFB2","PFKFB2",0.264926899464985,1.72661096185397,1.15911035219438,0.351976486799503,0.88594248781734,0.45348634786933
"3039","EHMT1","EHMT1",0.0589846852882018,5.67854899093405,0.876218501186445,0.351861898721755,0.88594248781734,0.453627758088839
"8906","RBM8A","RBM8A",0.0742177599824721,7.0532535578086,0.876942568515948,0.3516639996082,0.885834659197929,0.453872088810597
"1765","CDK17","CDK17",0.0781427734670536,6.61694390474607,0.876989715547679,0.351651118895869,0.885834659197929,0.453887996394955
"8544","PSMD12","PSMD12",0.106131080429529,6.38424516451031,0.877090034826595,0.351623713527919,0.885834659197929,0.45392184376026
"11390","TOPORS","TOPORS",0.0695346929685474,6.88828418255332,0.878225835678376,0.351313638996955,0.885829317533042,0.454304989330849
"9356","RRP1B","RRP1B",0.046639361542526,6.49864227043627,0.878525510867324,0.351231890256021,0.885829317533042,0.454406059014655
"11762","UBAC2","UBAC2",0.0554044774658304,6.366300459377,0.88096706993905,0.350566829841138,0.885322850599392,0.45522917865425
"5656","LOC100505715","LOC100505715",0.214999882410984,2.1872467748611,0.881045184903267,0.350545580610117,0.885322850599392,0.455255503744612
"8255","POP7","POP7",0.0775972113737528,4.55521317598545,0.881892080975635,0.350315317383591,0.885204638180235,0.455540872931422
"619","ARHGAP26","ARHGAP26",0.110069836238209,3.9315097419692,0.882271874042874,0.350212122760096,0.885116280648105,0.45566882468121
"10742","SYNPO2","SYNPO2",0.23162763513325,1.91352613959036,1.66677610763173,0.350083611786865,0.885037177871347,0.455828219075353
"1526","CCDC142","CCDC142",0.104150469508218,3.74349002149521,0.883048514873204,0.350001229720105,0.885037177871347,0.455930429764816
"12460","ZMYM2","ZMYM2",0.0858738468824021,7.28380892965958,0.883934062139504,0.349760976784503,0.885010562088037,0.456228646865777
"9159","RNF40","RNF40",0.0833956911187679,5.25939872859191,0.884195425450958,0.349690111103282,0.885003864873756,0.456316648943261
"6364","MDN1","MDN1",0.0867955957404568,5.58874498019666,0.884264373988272,0.34967141978537,0.885003864873756,0.456339863077502
"3487","FAM91A1","FAM91A1",0.0972599867740266,5.70991648257784,0.885838748809274,0.349244994709673,0.884295052036856,0.456869809367098
"6766","MSANTD3","C9orf30",0.134403201363724,3.04916581297735,1.51846857841103,0.348947851911329,0.88398759672831,0.457239470803974
"2159","COG7","COG7",0.0989148308443185,4.22291063268929,0.888003483395062,0.348659834733512,0.883430475780831,0.457598080035269
"7240","NLGN3","NLGN3",0.238947000357024,1.92090516381566,1.23971328709246,0.348555937892272,0.883352107135444,0.457727514356589
"3263","ERVK13-1","ERVK13-1",0.0995522543132303,3.8707350762755,0.888962989654443,0.348400896680305,0.883291935242055,0.457920735918085
"3468","FAM53A","FAM53A",0.343000787364515,1.42625579644695,1.60881944357685,0.348289958091685,0.883291935242055,0.458059046955025
"9914","SLC26A2","SLC26A2",0.101048436875419,4.6157424037876,0.8893875711796,0.348286400869656,0.883291935242055,0.458063482597659
"10731","SYNE1","SYNE1",0.0605358945532169,7.46347820360126,0.890074983277848,0.348101137713377,0.883291935242055,0.458294557290735
"4379","HAUS7","HAUS7",0.105005691521422,3.78035957148981,1.03330013777586,0.347880544713876,0.883180881912548,0.4585698585754
"11760","UBA7","UBA7",0.0731047705948231,6.54954437251919,0.891806912193129,0.347634968067133,0.883180881912548,0.458876545011683
"754","ASNSD1","ASNSD1",0.0812542315227179,6.26714822875053,0.89225521766996,0.347514440790739,0.883115541699952,0.459027143806458
"3125","ELOVL7","ELOVL7",0.31571677187986,1.51075270862301,3.12529203141375,0.347494937285157,0.883115541699952,0.459051518340446
"1264","C1orf50","C1orf50",0.08898299117284,4.255780868957,0.894556801337811,0.346896559780735,0.882582677002447,0.459800007092652
"11845","UCHL3","UCHL3",0.0702611252565656,5.2853494470799,0.894884070336678,0.346808823793414,0.882544250944977,0.459909861380259
"234","ADPRM","C17orf48",0.0903654690500784,6.67939951836452,0.895445731500141,0.346658321601061,0.88249576258449,0.460098370015784
"4407","HDAC11","HDAC11",0.164822809325641,2.70029732588884,0.895855286155479,0.346548634148075,0.882389682198817,0.460235808498097
"5705","LOC100506866","LOC100506866",0.127918125129544,3.22998785655938,1.30717699831627,0.346019830884649,0.881721742459141,0.460899010464524
"12199","WTAP","WTAP",0.0915696557872224,8.32678308600932,0.897899206891823,0.346001938840613,0.881721742459141,0.460921467607743
"3003","EEF1E1","EEF1E1",0.076980551691611,4.53256830275589,0.898268971828352,0.345903162592766,0.881721742459141,0.461045467212849
"12558","ZNF271P","ZNF271",0.0774268613142929,5.37968853702812,0.898572309865726,0.345822159958335,0.881721742459141,0.461147180989018
"6538","MIR3671","MIR3671",0.230784723117798,1.92926410846349,2.40369848874067,0.345812483065769,0.881721742459141,0.461159333708913
"3212","EPPK1","EPPK1",0.207952185762596,2.1121014322746,0.976714946862533,0.345783310322602,0.881721742459141,0.461195972339478
"11824","UBQLN1","UBQLN1",0.0690929285188215,6.13511372312157,0.899432985593185,0.345592468580274,0.881721742459141,0.461435730572971
"5186","KIF9","KIF9",0.223629026203348,2.04105423510031,1.40727312262166,0.345193864358655,0.881188508918701,0.46193693224669
"10183","SNORA32","SNORA32",0.270291570379346,1.67141207521756,2.90111624000942,0.345167167649608,0.881188508918701,0.46197052114552
"10464","SPTSSA","SPTSSA",0.112375866033666,3.43194107222757,0.956656936207582,0.344942335289742,0.881188508918701,0.462253500748848
"9733","SH3BGR","SH3BGR",0.311056284798335,1.51742369363426,1.50625053955357,0.344672391339441,0.880723839441909,0.462593502693412
"11382","TONSL","TONSL",0.206852767373434,2.15032563104577,1.4239735662151,0.344544400913668,0.880656425517448,0.462754803279566
"4044","GNB4","GNB4",0.146781212656957,2.86439832492906,1.11233947751756,0.344247384306121,0.880656425517448,0.463129350956975
"564","APOBR","APOBR",0.154058597488856,2.86348947165232,0.952410657701133,0.344205016831213,0.880656425517448,0.463182804065883
"8532","PSMB8","PSMB8",0.0507841734974517,8.06317882744789,0.905483301424985,0.343983676016721,0.880656425517448,0.463462166684501
"542","APBB1","APBB1",0.0745967928389916,5.94589884025921,0.905571961019637,0.343960177415461,0.880656425517448,0.463491835712904
"7755","PDCL","PDCL",0.0774658103902536,5.71073966004627,0.905733250597722,0.343917434371979,0.880656425517448,0.463545807720801
"5967","LOC79015","LOC79015",0.204875452776102,2.16758555343013,1.07783098685636,0.343871491113874,0.880656425517448,0.463603828147609
"3542","FBXL22","FBXL22",0.285356559133747,1.66199366413154,1.76045527771436,0.343711671375577,0.880656425517448,0.463805720327286
"2337","CSKMT","METTL12",0.146802631350359,2.81839106434961,1.42284365529151,0.343696391296569,0.880656425517448,0.46382502779357
"11142","TMEM11","TMEM11",0.068272151616003,5.39865760998196,0.908615356076375,0.343154874535704,0.880656425517448,0.464509827550165
"8948","RECQL5","RECQL5",0.13873771253155,3.48395051368379,0.90924400141503,0.342988851573153,0.880656425517448,0.464719995930837
"2459","CYP24A1","CYP24A1",0.27334116838795,2.52472770622695,0.909943750231282,0.342804179325884,0.880656425517448,0.464953891978988
"7581","OXNAD1","OXNAD1",0.0811981782425238,7.56017686961222,0.910339977799359,0.342699670193842,0.880656425517448,0.465086313524798
"5916","LOC645431","LOC645431",0.270642931816092,1.73434219182201,1.9636402899914,0.342542611268352,0.880656425517448,0.465285395886507
"1195","C12orf4","C12orf4",0.0979477299101898,4.53702743875525,0.91202024911165,0.342256963802963,0.880656425517448,0.465647706640482
"10641","STX10","STX10",0.0637745077116801,4.97969763596019,0.998097694671627,0.342178751802941,0.880656425517448,0.465746962244483
"9510","SCARNA17","SCARNA17",0.101976706250431,4.28816022651264,0.912868664969833,0.342033725269108,0.880656425517448,0.465931069452191
"1640","CCT4","CCT4",0.0546498622856318,6.98565150664612,0.913920780187522,0.34175716415669,0.880656425517448,0.466282372674971
"11179","TMEM163","TMEM163",0.221026634084658,2.0325389080783,1.57003759490096,0.341312583929295,0.880656425517448,0.466847699326681
"9550","SDE2","C1orf55",0.0793703923081719,5.9941305340302,0.916361006903259,0.341116893122292,0.880656425517448,0.467096772506629
"11197","TMEM183A","TMEM183A",0.129558332999824,3.04448359887369,1.07165208034271,0.341085231004483,0.880656425517448,0.467137085142938
"7303","NOP58","NOP58",0.0614495746655404,8.17509423671597,0.916859269366056,0.340986359023841,0.880656425517448,0.4672629943775
"89","ACACA","ACACA",0.0901042686079717,4.205140856442,0.917421940068947,0.34083903309881,0.880656425517448,0.467450675382101
"3145","EMG1","EMG1",0.0628590160809803,5.38357545193861,0.918151302423042,0.340648190681349,0.880656425517448,0.467693913429979
"10412","SPDYE7P","SPDYE7P",0.110093972540376,5.39097966872757,0.918408861398267,0.3405808334443,0.880656425517448,0.467779796078621
"8268","PPA1","PPA1",0.0719207181763601,7.65563569031499,0.919021303101173,0.340420739482506,0.880656425517448,0.467983989220717
"7910","PHF20L1","PHF20L1",0.0594838977658356,6.1687586467641,0.919141178348209,0.340389415744095,0.880656425517448,0.468023952569235
"9181","ROBO3","ROBO3",0.222405513302986,2.64280201123006,0.920698414284823,0.339982861710653,0.880656425517448,0.468542974875654
"10802","TAP1","TAP1",0.0740046829003799,7.46889964706091,0.922854400137476,0.339421078838821,0.879816056528785,0.469261190482917
"10095","SMCHD1","SMCHD1",0.104750313784547,9.40140253230428,0.924895780334349,0.338890320890333,0.879460718725802,0.469940834951195
"7282","NOL11","NOL11",0.0616497355745594,6.52285256514208,0.925149748968819,0.338824368042028,0.879460718725802,0.470025363023679
"1481","CBR1","CBR1",0.116034914025944,4.40684998951602,0.925349597217647,0.338772481916277,0.879460718725802,0.470091874130236
"3111","ELMO1","ELMO1",0.0612532404225228,7.29237712278001,0.925585587632975,0.33871122618018,0.879460718725802,0.470170408943476
"4584","HOTAIRM1","HOTAIRM1",0.106495540023202,3.7535056845449,0.926299325093218,0.338526053757543,0.879394973046979,0.470407901372609
"7469","NUTM2D","FAM22D",0.178017282226998,2.48553438949335,1.03967379437924,0.338448585142623,0.879390504209557,0.470507297096449
"12092","WARS2","WARS2",0.0984780284409655,3.94825255611721,0.928264086207284,0.338017024475672,0.87895266757324,0.471061425610968
"875","ATP7A","ATP7A",0.0981200416144488,4.34841164097009,0.928316354488972,0.33800349702689,0.87895266757324,0.471078806433514
"7902","PHF10","PHF10",0.103807605056088,3.68057160751499,0.929243531160277,0.337763658338173,0.878647920908811,0.471387080141708
"3555","FBXO27","FBXO27",0.174888730411037,2.48958085802182,2.203061940564,0.337450099593739,0.878358776490686,0.471790439346551
"7007","NBAS","NBAS",0.0743993776609626,5.69326430792429,0.930572573556141,0.337420268964,0.878358776490686,0.47182883272845
"5585","LOC100133612","LOC100133612",0.339897030273364,1.46943108953812,3.93223902889535,0.33705832764647,0.878295564633354,0.472294938347973
"1442","CARMN","MIR143HG",0.144725797368166,2.88323507134879,2.04481980556187,0.336747493244721,0.878128153081516,0.472695628490017
"10625","STOX1","STOX1",0.369278884115072,1.37745336455021,0.93336900971699,0.336699288184285,0.878128153081516,0.472757801752582
"9499","SCAND1","SCAND1",0.0554171412931401,6.75560239849753,0.933667191482734,0.336622533806831,0.878128153081516,0.472856815334635
"10892","TCF12","TCF12",0.0596319684855799,6.13529188991073,0.934248077904212,0.33647307704434,0.878128153081516,0.47304968020332
"9147","RNF216","RNF216",0.0519611618950428,7.06075722921607,0.934321350715549,0.336454231005625,0.878128153081516,0.473074005952992
"1283","C21orf62-AS1","C21orf49",0.184411673656263,2.3793208070797,1.10639969633867,0.336355812220352,0.878128153081516,0.473201063318128
"141","ACSL5","ACSL5",0.0797160033650205,6.34552418645535,0.934716530268931,0.336352614007226,0.878128153081516,0.473205192793123
"3969","GIMAP5","GIMAP5",0.265611527579866,1.80305194066207,2.17104483314165,0.336274062711583,0.878128153081516,0.473306629133904
"9648","SERINC3","SERINC3",0.0705050424746967,7.47464386389329,0.936526577099212,0.335887706951596,0.878128153081516,0.47380589047445
"12790","ZNF662","ZNF662",0.233372532857073,2.02087596382521,1.81246129158364,0.335881433610775,0.878128153081516,0.473814001824428
"71","ABI2","ABI2",0.0851923019831443,5.58247788059891,0.937097943250655,0.335741133328104,0.878128153081516,0.473995447899827
"7253","NMD3","NMD3",0.0758009562488427,6.10238614738547,0.937456790462375,0.335649121844358,0.878128153081516,0.474114484718144
"2137","CNPY4","CNPY4",0.0980737151286169,4.45109854314473,0.93751995353894,0.33563292982562,0.878128153081516,0.474135435984077
"6054","LRRC70","LRRC70",0.27206648069325,1.7112317588881,1.36525519417815,0.335336124874507,0.878128153081516,0.474519658654183
"10307","SNU13","NHP2L1",0.0519847843414894,7.70574668787053,0.938983215977491,0.335258114402064,0.878128153081516,0.474620701925601
"3429","FAM200B","FAM200B",0.0843241331020676,5.69956347971087,0.939230305308066,0.335194878240583,0.878128153081516,0.474702625987006
"10966","TFE3","TFE3",0.0926851567614881,4.52393560846756,0.939403134759627,0.335150656575514,0.878128153081516,0.474759925466605
"7736","PCSK5","PCSK5",0.163716992178355,3.67563704669245,0.939672126746464,0.33508184561559,0.878128153081516,0.474849101148766
"4207","GRPEL1","GRPEL1",0.0702316592294926,6.26056400932965,0.940715813743741,0.334815040400311,0.878128153081516,0.475195041072608
"9268","RPLP2","RPLP2",0.0745815216507026,10.731962317638,0.94113931396728,0.334706859924545,0.878128153081516,0.475335386546179
"1658","CD200R1","CD200R1",0.158476934342748,4.97396613922192,0.941180931849615,0.334696231447993,0.878128153081516,0.475349177605042
"9233","RPL24","RPL24",0.0531699296001691,9.39831126850258,0.943623378665994,0.334073271577135,0.878128153081516,0.476158269859961
"11527","TRIM66","TRIM66",0.123960381190535,3.41635360236983,0.944651093357574,0.33381161543488,0.878128153081516,0.476498555519245
"9032","RHNO1","C12orf32",0.0651244930466833,6.29399348420294,0.94488661033345,0.333751691807566,0.878128153081516,0.476576524156722
"8157","PNMA2","PNMA2",0.199058588070218,2.26520559736433,2.58545246444797,0.333670210332569,0.878128153081516,0.476682564893567
"11725","TXNDC11","TXNDC11",0.106867260568309,6.28369766068767,0.94522711333434,0.333665081803932,0.878128153081516,0.476689240073836
"286","AGTRAP","AGTRAP",0.105507983159964,5.14890262601089,0.947033515498499,0.333206114341484,0.877937369768618,0.477287037876284
"7037","NCK1","NCK1",0.055992133771605,6.22111236005982,0.94799855527438,0.332961267952308,0.877937369768618,0.477606283289218
"2138","CNST","CNST",0.0464428595307653,7.29577895791744,0.9482546808743,0.332896325467458,0.877937369768618,0.477690998589245
"9207","RPL10","RPL10",0.064214012522739,12.0515322797425,0.949328931577717,0.332624127568204,0.877870191420481,0.478046251539576
"11839","UBXN2A","UBXN2A",0.0887046392534659,4.83123466717505,0.949751120013873,0.332517233973203,0.877848204382247,0.478185840810499
"9578","SEC23A","SEC23A",0.070795458266624,6.1607409032171,0.950774819938448,0.332258236393545,0.877342988140334,0.478524244468206
"8810","RANGRF","RANGRF",0.133500670162807,3.14326943112869,2.18348420729174,0.33225495335486,0.877342988140334,0.478528535746714
"3624","FGD4","FGD4",0.323499059984017,1.53476725359973,2.3700687277777,0.332162293811749,0.877342988140334,0.478649669051731
"7791","PDLIM7","PDLIM7",0.167150567729544,2.66792191724224,1.12951495146768,0.332131774497645,0.877342988140334,0.478689574179139
"386","ALOX5","ALOX5",0.211070797606443,3.23555086000828,0.954844858553303,0.331231196182806,0.876057555164026,0.479868767019943
"7830","PET117","PET117",0.125049607330047,3.25832776034222,1.56374416017159,0.331192197786519,0.876057555164026,0.479919902859904
"1910","CFH","CFH",0.210224859820879,4.01266977552269,0.955435149458512,0.331082596500666,0.876057555164026,0.480063647524508
"3413","FAM169A","FAM169A",0.112798914230589,5.05363633714844,0.955667683688303,0.331024083041185,0.876057555164026,0.480140408787975
"10231","SNORD22","SNORD22",0.139842836465362,2.91726157951233,1.67249824773189,0.330909273655828,0.876057555164026,0.480291061667232
"5653","LOC100505681","LOC100505681",0.239829596823676,1.93139329116728,2.92509196260715,0.330870473702408,0.876057555164026,0.480341986784705
"5563","LOC100131551","LOC100131551",0.276132534664393,1.78089240849185,2.61967400820391,0.330786641621406,0.876057555164026,0.480452037170432
"5562","LOC100131434","LOC100131434",0.201507530773832,2.21486987614613,2.05504413615143,0.330712379324882,0.876057555164026,0.480549548140844
"9763","SHMT1","SHMT1",0.117188375819807,4.31968052900538,0.95773137406927,0.330505398433014,0.876057555164026,0.480821442409744
"7533","ORC2","ORC2",0.091188421122005,5.32227301999913,0.957749858200667,0.330500757605882,0.876057555164026,0.480827540645279
"11881","UNC45B","UNC45B",0.258407844259569,1.92646363207584,1.14446523474771,0.330410446464948,0.876057555164026,0.480946230206493
"5601","LOC100271836","LOC100271836",0.142042101715342,3.00717813976071,1.06734030679011,0.330108642904256,0.876057555164026,0.481343104823013
"9012","RGS12","RGS12",0.170322497978969,2.61784077746371,0.960032892666781,0.329928227662813,0.876057555164026,0.481580525940697
"6426","METTL15","METTL15",0.104463421134075,5.17168301001372,0.960257358924555,0.329872008995701,0.876057555164026,0.481654534574248
"11890","UPF2","UPF2",0.0702237874811792,5.29816556773364,0.960299287194037,0.329861509284433,0.876057555164026,0.481668358236497
"1318","C4orf46","C4orf46",0.116984107387406,3.36996326630493,0.968536801832059,0.329707613477252,0.876057555164026,0.481871024185382
"10747","SYT15","SYT15",0.168859205286823,2.62551375268837,1.19090812193339,0.329660110569943,0.876057555164026,0.481933600043441
"6389","MED23","MED23",0.0953379366426234,5.89687950579714,0.961509803864216,0.329558564395496,0.876057555164026,0.48206739765945
"9344","RREB1","RREB1",0.0798000220850009,5.34469722373982,0.962092560866499,0.329412856526939,0.875891163706494,0.482259454924169
"10843","TBC1D23","TBC1D23",0.0826559629082684,5.4669020097586,0.962237588697536,0.329376608393019,0.875891163706494,0.48230724671622
"12194","WRAP73","WRAP73",0.0820679307529653,4.75600047214709,0.962391846384701,0.329338059240116,0.875891163706494,0.482358078085946
"5647","LOC100505576","LOC100505576",0.163536677283204,2.66523304960252,1.39781790610172,0.329114081410205,0.875891163706494,0.482653535670015
"1086","BNIP3","BNIP3",0.069097801687351,5.33057532182057,0.963619172663344,0.3290315650763,0.875891163706494,0.482762436758584
"8780","RAD52","RAD52",0.130588313886385,3.60801419478269,0.963686626019343,0.329014731394002,0.875891163706494,0.482784656396846
"1155","BTF3","BTF3",0.0420843050984517,9.39787549263355,0.964476467847449,0.328817704267212,0.875891163706494,0.483044807133934
"1851","CEP126","KIAA1377",0.15941374910745,2.90525282583641,0.966781534820985,0.328243607434824,0.875148955440167,0.483803723068841
"8127","PLXNA1","PLXNA1",0.171831489502511,2.59467443897443,1.17796209399748,0.328209381123919,0.875148955440167,0.48384900977858
"4169","GPS2","GPS2",0.0649478744752515,6.25437528311457,0.967392322632849,0.328091711024808,0.875148955440167,0.48400474157878
"2982","EDA","EDA",0.223926392830222,2.33239479061784,0.967549095114679,0.328052738598274,0.875148955440167,0.484056332382664
"11414","TPCN1","TPCN1",0.0840451153805632,4.93930477234344,0.968792333764848,0.327743898955812,0.875040461237651,0.484465384075671
"3873","GAS2","GAS2",0.285976384922956,1.67669226597303,1.60181376657684,0.327580115572751,0.874783211059139,0.484682468203201
"7639","PANX1","PANX1",0.107715433680759,3.90814719517866,0.969616891599993,0.327539281216695,0.874783211059139,0.484736608366405
"5085","KCNQ1OT1","KCNQ1OT1",0.143280325839157,4.14522643898478,0.971510230296407,0.327070088671145,0.873780943231211,0.485359171310812
"3449","FAM221A","C7orf46",0.13299883009517,3.07916394044755,1.10678312066427,0.327066949776437,0.873780943231211,0.485363339259026
"11453","TRAF3IP2","TRAF3IP2",0.0671789445293865,4.85783588876676,0.972373818593734,0.326856380148269,0.873780943231211,0.485643033304325
"8089","PLEKHG2","PLEKHG2",0.0876637458156042,4.36830116799375,0.973212586529309,0.326648992952347,0.873735543416659,0.485918676387112
"1914","CFLAR","CFLAR",0.0499306438941858,8.21588567553027,0.975440362017475,0.32609902595877,0.872624311832327,0.486650498407668
"4185","GRAPL","GRAPL",0.403487422748806,1.32134153369406,2.22262321015567,0.325813998673832,0.872504612668451,0.487030260063751
"12929","ZNRF2","ZNRF2",0.120874566773507,3.76741827592034,0.977219483133142,0.325660707810162,0.872351096927779,0.487234637537761
"3892","GBP1P1","GBP1P1",0.341448487071039,1.50037443526448,1.2783202154744,0.325626106596949,0.872351096927779,0.487280783461945
"4005","GLO1","GLO1",0.0538730104049298,6.72365892019783,0.977880947234999,0.325497945498126,0.872351096927779,0.487451748298993
"12749","ZNF592","ZNF592",0.0695937756010594,5.53935484472095,0.978811726452679,0.325269098843935,0.872022322649797,0.487757193524218
"6111","LY86-AS1","LY86-AS1",0.280550651023701,1.72663639367839,2.53989860265839,0.325177642269449,0.871957328061504,0.487879322157923
"2992","EDRF1","C10orf137",0.0611697314379221,5.60861819554357,0.979241860891154,0.325163416286799,0.871957328061504,0.487898322236986
"205","ADCY9","ADCY9",0.218782703177355,2.11925902189036,1.0040943434842,0.325145754496546,0.871957328061504,0.487921912302739
"11440","TPT1","TPT1",0.0629510489211103,11.3721638720646,0.980066007679755,0.324961054542976,0.871957328061504,0.488168684592111
"9867","SLC22A23","SLC22A23",0.159775787943152,2.94592541743038,0.981594248498759,0.324586254472697,0.87153221743211,0.488669875554324
"6911","MYO15A","MYO15A",0.290927043217421,1.62389919976511,2.16621753696347,0.324432535515045,0.87153221743211,0.488875599324885
"1767","CDK2","CDK2",0.138797964785597,3.05134813229764,1.24667558695899,0.324312788808076,0.87153221743211,0.489035925211496
"1467","CATSPER2","CATSPER2",0.266301033852643,1.77170647095845,1.4744473788028,0.323563259435279,0.870687858256353,0.490040798340357
"1009","BCL9L","BCL9L",0.114068559044743,4.80621520570993,0.986023988725346,0.323503123253038,0.870687858256353,0.490121522089524
"8734","RAB40B","RAB40B",0.178160164936839,2.53436051201405,1.16371690658417,0.323093748484012,0.870219979941707,0.490671445031452
"5812","LOC284801","LOC284801",0.16665502186793,3.12581658996513,0.988561363112284,0.322884875007666,0.870219979941707,0.490952298292088
"774","ATAT1","ATAT1",0.148447299372656,2.97884687631805,1.59202961305908,0.322845764739371,0.870219979941707,0.491004906524319
"8880","RBM19","RBM19",0.0783374110679582,5.67118164421381,0.988831861590847,0.322819059304939,0.870219979941707,0.491040832355757
"4489","HINT3","HINT3",0.0940694104124754,4.98993525134999,0.989655632845119,0.32261873557961,0.870219979941707,0.491310415240391
"9008","RGP1","RGP1",0.158140324416803,2.86801865042789,0.989778875771659,0.322588779774802,0.870219979941707,0.4913507422373
"7914","PHF5A","PHF5A",0.0973386203885237,5.38176047468655,0.990315171038728,0.322458469396945,0.870219979941707,0.491526211798267
"8360","PPP4R1L","PPP4R1L",0.192583307230369,2.93034773980993,0.991243805306879,0.322232993512569,0.870219979941707,0.491829994125204
"9410","RWDD2A","RWDD2A",0.134621076883143,3.26154376953029,0.991326032276906,0.322213038631365,0.870219979941707,0.491856889456588
"12260","YJU2","CCDC94",0.0796360046814092,5.40605555599313,0.992836767422819,0.321846705768041,0.869857773735165,0.492350931692954
"4854","INO80C","INO80C",0.113938254980619,3.65560449357253,1.49702188762422,0.321792195398518,0.869857773735165,0.492424493290005
"1107","BRAT1","BRAT1",0.0855340624967689,4.91384364895577,0.993294763852606,0.32173575751688,0.869857773735165,0.492500669190422
"4070","GOLGA1","GOLGA1",0.0858307573298273,4.29162015902263,1.03509528872833,0.321463927443362,0.869857773735165,0.49286775366118
"5919","LOC646214","LOC646214",0.126352000906591,3.87107015104521,0.995099236563683,0.321299125187033,0.869827535695195,0.493090456916461
"1542","CCDC186","C10orf118",0.0850453793263958,6.69930915664877,0.995995834025522,0.32108246707739,0.869603934320455,0.493383408726345
"7261","NMI","NMI",0.104001446853138,6.05529924520284,0.996725328654623,0.320906332059063,0.869308382919653,0.493621713408769
"2750","DNA2","DNA2",0.204806912199868,2.26144855691103,0.997390575176082,0.320745821779881,0.869055043013868,0.49383899228666
"4953","ITGA3","ITGA3",0.178915495523591,2.50648695998478,0.997919965069818,0.320618167282548,0.869055043013868,0.494011872727282
"9468","SARNP","SARNP",0.0768126834917644,5.67023406540615,0.998408761668527,0.320500361307785,0.869055043013868,0.494171476554247
"7691","PBLD","PBLD",0.187847758497103,2.41812039504128,1.51073259528656,0.320441702825349,0.869055043013868,0.494250969091047
"1033","BEX2","BEX2",0.0723869737830649,5.77405666898336,0.998902889064027,0.3203813291069,0.869055043013868,0.494332801271058
"3230","ERCC3","ERCC3",0.0668784312328167,5.69955950792909,0.999278018359773,0.320291002094622,0.869055043013868,0.494455261759356
"2261","CPQ","CPQ",0.0917470556816643,5.14771960847732,0.99991818727266,0.320136934710335,0.869055043013868,0.494664217716092
"7186","NFRKB","NFRKB",0.0922150282772389,5.96874608017927,1.00179521945279,0.319685763487424,0.868811481969534,0.495276703661127
"12259","YJEFN3","YJEFN3",0.352045418779214,1.43566678182766,3.58666730570247,0.319682524873818,0.868811481969534,0.495281103353897
"12829","ZNF716","ZNF716",0.250205124099067,1.89694845110211,2.60777540274915,0.319621699008622,0.868811481969534,0.49536374425225
"3107","ELK4","ELK4",0.074669864479878,6.33704589284231,1.00235822325209,0.319550602468653,0.868811481969534,0.495460359312218
"7994","PILRA","PILRA",0.334685725858774,1.49073205415808,1.98447045706044,0.319335773465409,0.868811481969534,0.495752427065398
"7294","NOMO3","NOMO3",0.350814954866402,1.50000465459798,2.39278156792953,0.319063499694008,0.868669628862615,0.496122875493608
"3260","ERP44","ERP44",0.0555881477456579,7.36902581707001,1.00439571147898,0.319062094750286,0.868669628862615,0.496124787842245
"11744","TYW3","TYW3",0.0785760979725132,4.80659058223924,1.00461887784888,0.319008648770907,0.868669628862615,0.496197542452026
"9838","SLC14A2","SLC14A2",0.242786812529192,1.97301322185891,2.97073783480185,0.31894593711143,0.868669628862615,0.496282925732756
"9839","SLC15A1","SLC15A1",0.355702141589825,1.45795589595331,3.69072944500711,0.31888945448551,0.868669628862615,0.496359842420502
"12890","ZNF826P","ZNF826P",0.306066381740711,1.60915185190726,2.29857268583428,0.31882983298063,0.868669628862615,0.496441048340275
"3251","ERMAP","ERMAP",0.172780506805137,2.75663381742904,1.08710942558023,0.318513699163267,0.868669628862615,0.496871884072526
"11211","TMEM201","TMEM201",0.133969243936685,3.13083825736116,1.15569304859021,0.318477298972284,0.868669628862615,0.496921518689492
"10739","SYNJ2","SYNJ2",0.080817027658453,4.97091106487999,1.00735491748467,0.318354362226252,0.868669628862615,0.497089194872511
"3604","FDFT1","FDFT1",0.0783487097353379,7.50225749646357,1.01138184080017,0.317394616254252,0.867402645179358,0.498400444156156
"9243","RPL32","RPL32",0.0683546259054829,10.8559387902387,1.01183228485239,0.317287499792104,0.867342986531548,0.498547037506425
"5290","KRT73","KRT73",0.292190238550986,1.92871964808384,1.01187017508069,0.317278491609904,0.867342986531548,0.498559367835735
"2305","CRNKL1","CRNKL1",0.0720381970042462,5.65816982809622,1.01390299655115,0.316795696993445,0.866985651583195,0.499220726024128
"10858","TBCCD1","TBCCD1",0.0715162924541866,4.79775533748927,1.26932442583653,0.316765181308009,0.866985651583195,0.499262561921075
"12675","ZNF491","ZNF491",0.330734220256506,1.52223594449124,2.61416351851044,0.316755805410839,0.866985651583195,0.499275416745111
"10098","SMCR8","SMCR8",0.103938717445209,4.57076137968376,1.01594780421147,0.316311037927559,0.866985651583195,0.49988565276531
"12645","ZNF436","ZNF436",0.176895860455106,2.82727415767872,1.01657074896904,0.316163583263096,0.866985651583195,0.500088154956298
"8586","PTGDR2","PTGDR2",0.313842813455552,2.83882366575354,1.0169878574905,0.316064902147972,0.866985651583195,0.500223728297592
"12964","ZWILCH","ZWILCH",0.0931140930173513,4.42273478135192,1.01828921588718,0.315757283982309,0.8668354942282,0.500646622223666
"10575","STARD4","STARD4",0.119214043572961,4.60327968960347,1.01851606180355,0.315703702205932,0.8668354942282,0.500720325177217
"1458","CASP8","CASP8",0.0918979888868784,8.01801607032526,1.01984995730547,0.315388875005412,0.866668052413729,0.501153629995616
"5517","LOC100128568","LOC100128568",0.358581191918829,1.4597988224772,2.53881972986905,0.315188499759179,0.866668052413729,0.501429636938334
"1561","CCDC6","CCDC6",0.0700314447016886,5.51728381666722,1.02174130490905,0.314943189581279,0.866668052413729,0.501767778516677
"2786","DNAJC24","DNAJC24",0.13289377157051,4.04981262169355,1.02216492648938,0.314843479815543,0.866668052413729,0.501905296198512
"10180","SNORA29","SNORA29",0.264695965808082,1.83061131621847,2.19876881760808,0.314818996947154,0.866668052413729,0.501939069132552
"8924","RCBTB2","RCBTB2",0.106514382490386,6.5293298254429,1.02249069349935,0.314766830942282,0.866668052413729,0.502011038376799
"5839","LOC340544","LOC340544",0.228811695192045,2.09755077715263,1.24024506400071,0.314606334145425,0.866668052413729,0.502232537730809
"8686","R3HCC1","R3HCC1",0.0769043826354909,5.12539037478647,1.02388548134,0.314438933924699,0.866668052413729,0.502463684827965
"5905","LOC642361","LOC642361",0.164878633705562,2.69410778139123,2.35306047430125,0.314298708226104,0.866668052413729,0.502657403937646
"1129","BRMS1L","BRMS1L",0.131271030548144,3.28978496486704,1.02452526153049,0.314288680826827,0.866668052413729,0.502671259908193
"2791","DNAJC30","DNAJC30",0.092015428467171,4.24919604941054,1.22571248749015,0.314262588662516,0.866668052413729,0.502707316419532
"5164","KIF13B","KIF13B",0.0976815025137582,4.01180274535961,1.02565305884781,0.314024047478356,0.866668052413729,0.503037093050152
"6788","MSTO2P","MSTO2P",0.233329998278116,2.0643353306265,2.90520930763678,0.313953780577721,0.866668052413729,0.503134282874284
"11323","TNFAIP8L3","TNFAIP8L3",0.334210640750603,1.53721503132346,3.15916854532657,0.313856225578177,0.866668052413729,0.503269252364766
"11575","TRRAP","TRRAP",0.0716855089041588,5.57321928218906,1.02749289923275,0.313592967837296,0.866668052413729,0.503633684711134
"11100","TM6SF1","TM6SF1",0.346261433265615,1.41409419372887,1.42096274441625,0.313572411285837,0.866668052413729,0.503662154384895
"756","ASPHD2","ASPHD2",0.156244349828771,2.817570913148,1.44000894243913,0.313555771251866,0.866668052413729,0.503685201267925
"11998","VAMP8","VAMP8",0.0802345400757902,7.11813835076927,1.02851888172231,0.313352916953063,0.866668052413729,0.503966258166108
"8702","RAB18","RAB18",0.0855214777765916,7.30793143887701,1.02945564950022,0.313133951767794,0.866528744941038,0.504269841147049
"4907","IQCK","IQCK",0.197389643935331,2.31937186404057,1.27395918475457,0.313109797062615,0.866528744941038,0.504303343294403
"6257","MAPKBP1","MAPKBP1",0.103083298366603,4.00052361532039,1.02988096212969,0.313034603596516,0.866528744941038,0.504407651845352
"5989","LPCAT2","LPCAT2",0.306586629677051,1.62298638160341,2.40779984396563,0.312807722189917,0.866528744941038,0.504722534182928
"6951","NAA35","NAA35",0.07023082549302,5.36757467787855,1.03088956069414,0.312799172845408,0.866528744941038,0.504734404042975
"1752","CDH23","CDH23",0.138423013068077,3.79924833618609,1.0323666715179,0.312454801980681,0.866528744941038,0.50521279646405
"7713","PCED1B","FAM113B",0.107893223392187,6.33266523757614,1.03241470291681,0.312443612433399,0.866528744941038,0.505228349579655
"2885","DSTYK","DSTYK",0.0869092781141476,5.62697872793937,1.03287809980365,0.312335685183263,0.866528744941038,0.505378393634656
"1423","CAPRIN1","CAPRIN1",0.0558191785886035,7.33946412223226,1.03296106954696,0.312316366345095,0.866528744941038,0.505405256797259
"650","ARHGEF7","ARHGEF7",0.0727637328005077,5.69466116384356,1.03685706484123,0.311410987392139,0.865159818854754,0.506666068455132
"8080","PLEKHA5","PLEKHA5",0.143270714275251,4.2243119216146,1.03742531935949,0.311279221764005,0.865086834606776,0.506849867992096
"4356","HACD3","PTPLAD1",0.0719283276586579,5.41595912145594,1.03976857999845,0.310736647219166,0.864134303188476,0.507607524516177
"2944","DYRK2","DYRK2",0.094931457281181,6.54657731932514,1.04038248440907,0.310594705652341,0.863924767673203,0.507805951458621
"9350","RRN3P2","RRN3P2",0.15524321687205,2.83378198361168,1.41071234519175,0.310514651118289,0.863887319098769,0.507917903539856
"4388","HCAR1","HCAR1",0.30830928139239,1.63044718036255,3.63486224941316,0.310499256829996,0.863887319098769,0.507939434956058
"2633","DEPDC5","DEPDC5",0.0987689498120521,3.98778455667785,1.16410919229732,0.31008740532646,0.863068849882034,0.508515872938102
"7123","NEDD1","NEDD1",0.0789659786281899,6.2886530156882,1.04296169528462,0.309999295472913,0.863008768276846,0.50863929317403
"12500","ZNF174","ZNF174",0.109335309526381,3.68610658880821,1.21261884987419,0.309837296404023,0.862742916129941,0.508866305597034
"3323","EXOSC2","EXOSC2",0.0854709754586999,4.34356083380815,1.04409424340609,0.30973832186203,0.862742916129941,0.509005058951863
"8677","QPRT","QPRT",0.281165637330626,1.80182619357863,2.19538081685881,0.309722460888238,0.862742916129941,0.509027298724222
"5631","LOC100294145","LOC100294145",0.168080800122503,3.62347049066608,1.04533713419232,0.309452254629133,0.862411192116807,0.509406348746175
"11956","USP44","USP44",0.220424965645269,2.17418189685731,1.04544557928503,0.309427311095732,0.862411192116807,0.509441356652465
"10263","SNORD59A","SNORD59A",0.206890031297743,2.23065619867635,3.05795308019154,0.309265742225241,0.862411192116807,0.509668184705956
"8429","PRKCI","PRKCI",0.100585035847544,5.12093370718217,1.04693339860619,0.309085363640837,0.862411192116807,0.509921559933523
"6402","MED9","MED9",0.101301475716925,4.43283792097378,1.04693794593856,0.309084319283661,0.862411192116807,0.509923027357665
"1163","BTN2A3P","BTN2A3P",0.351886382003946,1.44509829485234,2.29100594205137,0.308837407218048,0.862411192116807,0.510270102233718
"2171","COL9A2","COL9A2",0.207069001094119,2.35748777460851,1.04898813124515,0.308613938437205,0.862411192116807,0.510584463076296
"2152","COCH","COCH",0.382372911368046,1.38836111927805,2.32390930091174,0.308515354555932,0.862411192116807,0.510723216613008
"6190","MAN2B1","MAN2B1",0.0609138058761799,6.55904586193064,1.05356178088835,0.307567976474217,0.86204036258303,0.51205888462007
"2414","CWC27","CWC27",0.0739872284698207,5.92139004558774,1.0544383213013,0.307368049734962,0.861786407869388,0.51234127849196
"10632","STRIP1","FAM40A",0.0723452063149332,5.3998366394959,1.05455955897029,0.307340410534569,0.861786407869388,0.512380332947848
"2211","COQ6","COQ6",0.0851789121293375,4.36134408593666,1.20128591937845,0.307226282598744,0.861761419276434,0.51254163402024
"7344","NR3C1","NR3C1",0.113729554132944,8.29684717835852,1.05525037858615,0.30718298293921,0.861761419276434,0.512602846649313
"12788","ZNF655","ZNF655",0.0477326499125842,7.47264324201194,1.05670184775486,0.306852559207691,0.861271798053088,0.513070250267801
"12080","VTI1A","VTI1A",0.063354367170874,5.65336330640028,1.05675457355127,0.306840565079189,0.861271798053088,0.513087226126315
"3066","EIF3A","EIF3A",0.0717891775613497,8.46533508068584,1.05737955739728,0.306698439843557,0.861271798053088,0.513288433241699
"10920","TDRP","C8orf42",0.365282151647454,1.42155160730175,1.54891626272938,0.306673397881409,0.861271798053088,0.513323894882792
"8251","PON2","PON2",0.166368733053066,3.14125288855824,1.0580389984418,0.30654857245746,0.861271798053088,0.513500701964708
"214","ADGRG1","GPR56",0.373676170310811,1.87089029563046,1.05916881592666,0.306292028526588,0.861271798053088,0.513864305876956
"3170","ENOPH1","ENOPH1",0.0535077267734094,6.28086374793628,1.05921647065116,0.30628121391573,0.861271798053088,0.513879640290852
"428","ANGPT2","ANGPT2",0.156977474359439,2.89854447279304,1.19120642852124,0.306009049565725,0.861271798053088,0.514265729994419
"8164","PNPLA2","PNPLA2",0.0731831224176001,6.28278451969236,1.06177726632327,0.305700810720471,0.861252402025905,0.514703409520689
"7590","P2RY14","P2RY14",0.229528311522469,2.24349419669276,1.06391337835795,0.305217764256525,0.861125939320765,0.515390193213658
"5918","LOC645676","LOC645676",0.0969034815513412,3.88875002471285,1.66132952424137,0.304135389289678,0.859783919210067,0.516933042272841
"9227","RPL23A","RPL23A",0.0527749865580401,11.4369513748059,1.0687455630223,0.30412872837776,0.859783919210067,0.516942553921503
"4730","IFITM3","IFITM3",0.241397555551864,5.24816095341043,1.06968662470801,0.303917232053836,0.859729230578808,0.51724467480086
"8812","RAP1B","RAP1B",0.068693129746777,9.11781862018826,1.07005712783761,0.303834017140796,0.859681287757371,0.517363604306374
"10137","SNAP23","SNAP23",0.0607940233840184,6.77833738898324,1.0708443298144,0.303657310683256,0.859556249507718,0.517616258584965
"6338","MCM9","MCM9",0.0840386662904258,5.20943483175941,1.07166237062675,0.303473824098783,0.859556249507718,0.517878762709693
"8979","RFC1","RFC1",0.0680708043010642,6.78948176491494,1.0722561566473,0.303340728681914,0.859556249507718,0.51806927431089
"12195","WRN","WRN",0.11622265119776,4.64960713502767,1.07303222158747,0.303166891010956,0.859556249507718,0.518318229940993
"10907","TCP11L2","TCP11L2",0.086456342577849,5.51277740592211,1.07308496414777,0.303155081464022,0.859556249507718,0.518335147754632
"12141","WDR48","WDR48",0.087339129370684,6.64354849675159,1.07371459051831,0.303014148725694,0.859556249507718,0.518537092388671
"201","ADCY1","ADCY1",0.337332532229384,1.5588262414517,3.06598665292887,0.302973807902539,0.859556249507718,0.518594914649744
"6831","MTMR11","MTMR11",0.327187892625721,1.54199283294493,2.23105589648938,0.302880109306088,0.859556249507718,0.518729246648165
"9840","SLC15A2","SLC15A2",0.22359831942384,2.14054721168212,2.24914789086817,0.302811926730385,0.859556249507718,0.518827023454705
"6515","MIER2","MIER2",0.130399434574311,3.3060292779029,1.32929163411574,0.302736254383916,0.859556249507718,0.518935566700973
"1657","CD200","CD200",0.232192592013507,2.58274381046554,1.07550707426395,0.302613395832083,0.859556249507718,0.519111850909048
"1419","CAPN3","CAPN3",0.167465276926557,2.74353014965704,1.61221379549104,0.302296617227865,0.859556249507718,0.519566712655103
"8957","RELL1","RELL1",0.127600177733741,5.8959230847118,1.07708849486621,0.302260405996718,0.859556249507718,0.519618738642015
"12283","YY2","YY2",0.247868065061385,2.01284218718006,1.22994645270603,0.30218570918592,0.859556249507718,0.519726077946861
"3898","GBP7","GBP7",0.393769351071275,1.3900776397154,1.69779652323502,0.301855775732554,0.859556249507718,0.520200509905657
"8437","PRKN","PARK2",0.171534873477802,2.68734069507839,1.53573176781971,0.301704019802423,0.859556249507718,0.520418903393522
"2939","DYNLRB1","DYNLRB1",0.0596798945030188,6.63646841545065,1.08080783112694,0.301432327599747,0.859257654570758,0.520810172906253
"4691","ID1","ID1",0.309252173884115,2.08507046032536,1.08201116115157,0.301165050543503,0.858877083814987,0.521195428343759
"6301","MBLAC1","MBLAC1",0.314361153117681,1.64062290187015,2.32676709670582,0.30106802609569,0.858877083814987,0.521335364804554
"3351","FAAH2","FAAH2",0.099280008662538,5.73944528662904,1.08251037494643,0.301054258664293,0.858877083814987,0.521355224954687
"949","BAG4","BAG4",0.0784434654534446,5.46388878924164,1.0826948110226,0.301013339713433,0.858877083814987,0.52141425777638
"5148","KIAA1109","KIAA1109",0.100921970633138,7.40942669024538,1.08312204816358,0.300918580829794,0.858877083814987,0.521550995035897
"9256","RPL4","RPL4",0.0547647028507322,11.3796866501115,1.08442767206974,0.30062924152458,0.858877083814987,0.521968778855149
"10367","SP110","SP110",0.0787949220249589,7.35891305584389,1.08471788073845,0.300564977670032,0.858877083814987,0.522061625514785
"1537","CCDC17","CCDC17",0.290817202898656,1.72399232955686,2.09392060992837,0.300322731069844,0.85873634343599,0.522411795324853
"2856","DPP8","DPP8",0.0712974263484994,6.7961488186838,1.08843181340754,0.299744142492567,0.857383870185602,0.523249294994791
"368","ALG2","ALG2",0.0672418717181746,5.67781407453362,1.08851077092704,0.299726723419781,0.857383870185602,0.523274533943414
"9969","SLC37A1","SLC37A1",0.105890731165919,3.96955337032504,1.26966334885104,0.299244450890327,0.857383870185602,0.523973894288486
"5811","LOC284757","LOC284757",0.26635566209132,1.82434832813569,2.14701882418958,0.299002342054102,0.857383870185602,0.524325409878951
"10296","SNRPB2","SNRPB2",0.0688537051667984,7.04869405893109,1.09350335255097,0.298627965652341,0.856905319461237,0.524869524274124
"6175","MALAT1","MALAT1",0.0838506396258201,14.255309376372,1.09373444556097,0.298577234209429,0.856905319461237,0.524943309250456
"9556","SDHAF2","SDHAF2",0.0547105409777272,6.37347924179732,1.09411270467538,0.298494219847687,0.856905319461237,0.525064074291928
"10459","SPTB","SPTB",0.221834763168048,2.17918386244458,1.64363901519504,0.298260989394868,0.856905319461237,0.525403545828196
"11509","TRIM35","TRIM35",0.089493207386958,5.17022754025477,1.09594230263062,0.298093112056542,0.856905319461237,0.525648058956956
"8340","PPP2CA","PPP2CA",0.0659228473459064,8.16686640307398,1.09770470992978,0.297707397276996,0.856760714607824,0.526210374098094
"7354","NRDE2","C14orf102",0.0999325321633624,4.26017699588573,1.23387949914686,0.297587886285218,0.856760714607824,0.526384751306805
"5880","LOC440300","LOC440300",0.194780791556781,2.40292968271292,2.45589391103232,0.297165933655382,0.856315783498728,0.527000978469586
"12816","ZNF70","ZNF70",0.262295803979995,1.91771794078428,1.79408412652143,0.296834820544271,0.855722719925184,0.527485154999392
"3977","GINS3","GINS3",0.234653654508319,2.12356583393304,1.5103374311253,0.296774304895192,0.855722719925184,0.527573703545662
"12443","ZHX3","ZHX3",0.123154887906996,3.57248902938292,1.16870464102388,0.29677394177721,0.855722719925184,0.527574234926681
"11597","TSKS","TSKS",0.369571225764666,1.54687642608865,1.10262517835829,0.29663394766227,0.855722719925184,0.527779148524316
"9970","SLC37A2","SLC37A2",0.193023159761944,2.45690147492734,2.30646578553892,0.296199528389064,0.855722719925184,0.528415637300936
"2458","CYP20A1","CYP20A1",0.0459321149580951,6.80606668151121,1.10563194893871,0.295980464291119,0.855722719925184,0.52873695289564
"3691","FLJ42351","FLJ42351",0.370692453845251,1.4962070901987,1.78754472532856,0.295840405043597,0.855722719925184,0.528942511579444
"8034","PKN2","PKN2",0.0915951427003108,6.00310966559688,1.10694505502246,0.295695663591281,0.855722719925184,0.529155044402483
"7163","NEXN","NEXN",0.222630751982948,2.17112272375427,1.62732518184056,0.29565461700571,0.855722719925184,0.529215334576439
"5139","KIAA0556","KIAA0556",0.135555924332148,3.53344321459229,1.10775436896335,0.295520307894543,0.855722719925184,0.529412669424031
"11099","TM2D3","TM2D3",0.0759665970954637,5.72693822294223,1.10889997015175,0.295272318705544,0.855722719925184,0.529777265520292
"11747","U2AF1L4","U2AF1L4",0.0813038774621071,5.30223213881198,1.10931692164602,0.295182127883826,0.855722719925184,0.529909940874747
"1976","CHRNA6","CHRNA6",0.404811814740637,1.38838291301171,1.37393285413864,0.295059749993407,0.855722719925184,0.530090029903566
"5762","LOC147804","LOC147804",0.111345496344692,4.07813696567333,1.11117537177009,0.294780560502134,0.855722719925184,0.530501159703828
"5257","KMT2B /// KMT2D","MLL2",0.110666275836141,5.30981423579729,1.1112783181672,0.294758336914057,0.855722719925184,0.530533902519329
"7451","NUP210L","NUP210L",0.354737344375937,1.4944661822087,3.18492924883196,0.294530450681748,0.855722719925184,0.530869798060565
"7698","PCAT1","PCAT1",0.288135461961703,1.78269166066349,2.00583910746767,0.294508601849456,0.855722719925184,0.530902016051084
"1882","CEP97","CEP97",0.094177838091507,4.64484038849663,1.11303013674806,0.29438049514909,0.855722719925184,0.531090968552412
"9577","SEC22C","SEC22C",0.0623231835021031,6.17098025796627,1.11461330090932,0.294039569390489,0.855722719925184,0.531594221929345
"3063","EIF2S1","EIF2S1",0.0786259987206089,6.55754607137206,1.11483569253301,0.293991719546837,0.855722719925184,0.531664901580223
"2935","DYNC2H1","DYNC2H1",0.186884531073769,3.46527211127934,1.1151843292953,0.293916727060741,0.855722719925184,0.531775697141199
"959","BAP1","BAP1",0.0943257679580461,4.74177696576383,1.11551074476015,0.293846536877085,0.855722719925184,0.531879423288989
"2849","DPH7","WDR85",0.0804050154777537,5.41771376418224,1.11619328009591,0.293699839210179,0.855722719925184,0.532096291237333
"2472","CYP51A1","CYP51A1",0.120542722587072,5.02906645035359,1.11637078736767,0.293661703021737,0.855722719925184,0.532152686949458
"5571","LOC100132247","LOC100132247",0.144030662551447,3.49528336660375,1.11836759102127,0.293233145169128,0.855722719925184,0.53278694143037
"4966","ITGB3BP","ITGB3BP",0.146989407778138,4.54908312451199,1.11892746319013,0.293113129655424,0.855722719925184,0.532964727418992
"5189","KIFBP","KIAA1279",0.105353332518265,3.9423220123986,1.12017062603813,0.292846869526432,0.855722719925184,0.533359414131029
"4045","GNB5","GNB5",0.0717202993424464,6.03578895766893,1.12096435194165,0.292677033291693,0.855722719925184,0.533611355823889
"2882","DST","DST",0.230688630702793,3.13834354114229,1.12292029051667,0.292259057908681,0.854706212409674,0.534232019982043
"2975","ECI2","ECI2",0.0980135990723229,4.98747912668278,1.12486124871407,0.291845046429323,0.854265746238178,0.534847673697553
"12313","ZBTB39","ZBTB39",0.105475219525693,4.40006310928772,1.12543523968063,0.291722757908978,0.854132843482496,0.535029689326134
"7863","PFN2","PFN2",0.170649760453757,3.90154204858776,1.12898590615643,0.290967759624232,0.852659757308598,0.536155129890347
"8836","RASGEF1A","RASGEF1A",0.193345640615546,2.48161165870515,1.29187819037606,0.290945040230724,0.852659757308598,0.53618904186905
"945","BAD","BAD",0.0836031380596263,4.77933343289403,1.12948046892593,0.290862798283768,0.852659757308598,0.536311822009218
"12955","ZSWIM1","ZSWIM1",0.0964803614027372,4.20223724373646,1.41529828775546,0.290832960442122,0.852659757308598,0.536356375918356
"2576","DDX19A","DDX19A",0.0670022782548734,5.1602609811256,1.15862530726214,0.290652974320515,0.852659757308598,0.536625228446874
"11940","USP3","USP3",0.0702530107314825,7.89758522039751,1.13389750481964,0.289927532330978,0.851748778785308,0.537710540865569
"7078","NDUFA6","NDUFA6",0.087657979242086,6.8387602231673,1.13420010026741,0.28986360270509,0.851748778785308,0.537806314264601
"2578","DDX20","DDX20",0.104639322331248,5.6472092745778,1.13452517991855,0.289794943079796,0.851748778785308,0.537909197235105
"8746","RAB8A","RAB8A",0.060837326341499,6.63882255063327,1.13467502811572,0.289763300912154,0.851748778785308,0.537956619626068
"3522","FAU","FAU",0.0598436466063632,9.8897311579697,1.13498163133256,0.289698572007679,0.851748778785308,0.538053645530493
"9357","RRP36","RRP36",0.0993428701683805,4.25800418746015,1.13509063400057,0.289675564272878,0.851748778785308,0.538088138379396
"12777","ZNF628","ZNF628",0.304838388660792,1.71177509946034,2.19972449272547,0.289253923615545,0.851677519533469,0.538720741302667
"4973","ITM2B","ITM2B",0.057063807017295,10.5825526479077,1.1375102783206,0.289165444054842,0.851677519533469,0.538853607480468
"4582","HOOK3","HOOK3",0.074592141399109,6.08331133917266,1.1388908989053,0.28887489431678,0.851572066141055,0.539290200396945
"2441","CYB5R1","CYB5R1",0.0888767442498833,5.26770538898679,1.1397898139172,0.288685921075882,0.851551262873446,0.539574395711069
"8829","RASA1","RASA1",0.0951975338227141,5.97955583604176,1.14051827702315,0.288532897692478,0.85148709776263,0.539804662675383
"6927","MYOM1","MYOM1",0.287530486548422,1.78741740182228,1.53776879192714,0.288488687786558,0.85148709776263,0.5398712117221
"6715","MRPL47","MRPL47",0.0942595158970292,5.84366182433041,1.14494164509396,0.287605949913261,0.850105260474991,0.541202133630712
"1810","CEACAM22P","CEACAM22P",0.255391800129912,1.98228833784284,3.14163163520423,0.287601627524845,0.850105260474991,0.541208660629005
"9007","RGMB","RGMB",0.11477879284895,5.04215288041996,1.14540108650875,0.287509890664573,0.850105260474991,0.541347210497269
"8855","RB1CC1","RB1CC1",0.106694731109361,7.2692645277066,1.1456452923682,0.287458849314988,0.850105260474991,0.541424317216261
"9686","SF1","SF1",0.105319600151006,7.92979361802315,1.14594429632082,0.287396370520749,0.850105260474991,0.541518720797354
"1452","CASP10","CASP10",0.123683611305794,4.51571671431645,1.14596237612195,0.287392593190611,0.850105260474991,0.541524428887587
"5720","LOC100507218","LOC100507218",0.328360137369358,1.63748544968364,1.99696892219825,0.287335006529441,0.850105260474991,0.541611459923763
"3871","GARS1","GARS",0.0600575770672014,6.67308448594589,1.14651511984568,0.287277141798752,0.850105260474991,0.541698928778687
"8959","RELT","RELT",0.148796425588651,3.12217600043173,1.14667318495923,0.287244137765923,0.850105260474991,0.54174882586645
"8200","POLH","POLH",0.109512033662258,5.2860286716226,1.14708369040052,0.2871584469173,0.850105260474991,0.541878404193481
"1376","CACNB3","CACNB3",0.216530840996875,2.29443543876854,1.64420087579701,0.287098910187228,0.850105260474991,0.541968456059996
"9067","RIOK3","RIOK3",0.0772879574272235,7.5274465994307,1.1474794170033,0.287075872204315,0.850105260474991,0.542003307011885
"9701","SFSWAP","SFSWAP",0.0796550239210012,6.0031728055638,1.14835534938125,0.286893203446958,0.850105260474991,0.542279740148722
"11858","UFM1","UFM1",0.0728195566151764,7.38051733083422,1.1489029017023,0.286779091682062,0.850105260474991,0.542452515131543
"7647","PAQR3","PAQR3",0.136204872939287,3.32128496755823,1.42637923320489,0.286712190878033,0.850105260474991,0.542553840647868
"7903","PHF11","PHF11",0.0706646936899125,6.69078052690767,1.1502835329369,0.286491622460241,0.850105260474991,0.54288807307699
"647","ARHGEF40","ARHGEF40",0.323095427097053,1.6622819819028,2.33730192636611,0.286487659147556,0.850105260474991,0.542894081129583
"9646","SERGEF","SERGEF",0.0906748366425298,5.05442245272034,1.15043250857943,0.286460625530549,0.850105260474991,0.542935064062998
"12076","VSIG2","VSIG2",0.314884739376056,1.65075305931679,1.15052637714368,0.286441096785037,0.850105260474991,0.542964672025717
"1361","CAAP1","C9orf82",0.0748640811477427,4.9970075818838,1.15087643413519,0.286368284791185,0.850105260474991,0.543075081695437
"9246","RPL35","RPL35",0.0657502117849355,9.29171147720589,1.1520186694883,0.286130864796353,0.850105260474991,0.543435292534648
"9298","RPS20","RPS20",0.0558699532081701,10.2915139979775,1.1527139364235,0.285986473538506,0.850105260474991,0.543654507453154
"4563","HNRNPD","HNRNPD",0.090115547958423,7.08515661311149,1.1531734767784,0.285891088769026,0.850105260474991,0.543799381398758
"7336","NR1D1","NR1D1",0.125441896793826,5.33220825801715,1.15537929720608,0.285433804873291,0.850105260474991,0.544494593237765
"12011","VBP1","VBP1",0.0881783101556495,6.74947497251503,1.15559113850438,0.285389937972326,0.850105260474991,0.544561342924698
"10657","STXBP1","STXBP1",0.211713679388283,2.75891459958726,1.15698919807165,0.285100652686559,0.850059932728736,0.545001788450461
"4212","GSDMA","GSDMA",0.248151143997173,2.07692643640299,1.58067260473485,0.284709520229033,0.849821256831816,0.545598010500366
"5061","KCNAB1","KCNAB1",0.160473558787824,3.80434546205205,1.16179528396919,0.284109048143044,0.848859208097584,0.546514934893672
"11088","TLR1","TLR1",0.15452057268732,4.40948610183783,1.16193099341841,0.284081112498447,0.848859208097584,0.546557639949645
"12860","ZNF777","ZNF777",0.262632993847345,1.89428021097963,1.84902309746846,0.283833224529118,0.848621438537968,0.546936768902826
"4978","ITPKB","ITPKB",0.0936232798561058,6.50276548442544,1.16546862894845,0.283354135119157,0.847906386874966,0.547670445114145
"4054","GNL1","GNL1",0.0781296234296519,5.3382032793688,1.16585043806306,0.283275816737787,0.847906386874966,0.547790499625792
"7464","NUP93","NUP93",0.0635937580803705,5.59066640151669,1.16682405590549,0.283076229458632,0.84772574440601,0.548096597778577
"943","BACH1","BACH1",0.100480220992006,5.64562051272304,1.16841083666681,0.282751332518878,0.84772574440601,0.54859533970319
"5230","KLHL21","KLHL21",0.0975620683061103,5.79157768726591,1.16908231423951,0.282613989826048,0.847586116489176,0.54880634371225
"9560","SDHAP2","SDHAP2",0.145095016683888,3.44812515906845,1.17084535661779,0.282253787093541,0.847022526015384,0.549360222289466
"166","ACVR2A","ACVR2A",0.12468875081789,5.24137177133475,1.17112871511274,0.282195949682291,0.847022526015384,0.549449223902913
"8854","RB1","RB1",0.0986406264672871,6.29143935225866,1.17381997312629,0.281647382092982,0.846353881659721,0.550294281168755
"6615","MON1A","MON1A",0.179279001030722,3.04963614107274,1.1740996025062,0.281590462656155,0.846353881659721,0.550382058641953
"6202","MAP1B","MAP1B",0.216650762664078,2.71526378139307,1.17446600866658,0.281515901811322,0.846353881659721,0.550497068401067
"10634","STRN","STRN",0.111828731779752,4.62179180795345,1.17466074351884,0.281476285041978,0.846353881659721,0.550558189477867
"3744","FOXL2NB","C3orf72",0.309630289384629,1.70287332981653,3.87951419574729,0.281441983149589,0.846353881659721,0.550611117668134
"8783","RAD54L2","RAD54L2",0.0955574425524923,4.95604423034491,1.17615168061768,0.28117320570678,0.846353881659721,0.551026067607148
"6622","MORF4L1","MORF4L1",0.0876451622851458,8.60215959804281,1.17702048726902,0.280996786218582,0.846353881659721,0.55129864712523
"5317","LAMB1","LAMB1",0.18968858294298,2.6075218267289,1.17746386161947,0.28090680937741,0.846353881659721,0.551437733069014
"8312","PPP1CC","PPP1CC",0.0686456424410118,8.27542980000426,1.17820439060457,0.280756611149944,0.846353881659721,0.551670008344743
"1085","BNIP2","BNIP2",0.0811919063764792,8.41993301267164,1.17993860134229,0.280405270398518,0.846353881659721,0.55221382778283
"9633","SEPTIN10","SEPT10",0.213067029811921,3.01382528335405,1.18090779487301,0.280209162355756,0.846353881659721,0.552517668138433
"4432","HEATR8-TTC4","HEATR8-TTC4",0.380164282819751,1.47288150347645,3.74447582751359,0.280121377679947,0.846353881659721,0.552653746391847
"11484","TRDMT1","TRDMT1",0.104367849397535,4.95509100223804,1.18291522188765,0.279803533719444,0.846262630858209,0.553146804979415
"6880","MXD1","MXD1",0.129572442021081,4.80756113330981,1.18369134004977,0.279646909299886,0.84625460704002,0.553389976197782
"10573","STARD3","STARD3",0.0703541251319242,5.69467002849533,1.18404037602881,0.279576508645511,0.84625460704002,0.553499322891422
"10748","SYT2","SYT2",0.301280418565469,1.77292506179161,1.7128168687021,0.279550295935513,0.84625460704002,0.55354004365538
"1018","BCYRN1","BCYRN1",0.223006951643882,2.23356536098132,2.66579716909248,0.279240788280835,0.84625460704002,0.554021144675337
"8343","PPP2R1B","PPP2R1B",0.0748714694348128,5.67948194091378,1.18637712098775,0.279105769010095,0.84625460704002,0.554231186716827
"1887","CERS3","CERS3",0.396813266409161,1.44468192952457,1.26520529870209,0.27899023220605,0.84625460704002,0.554411001648526
"2318","CRY2","CRY2",0.120355220750059,5.17495848365932,1.1885688506983,0.278665162037197,0.84625460704002,0.554917322211412
"11895","UPK3BL1","UPK3BL",0.166942955487424,2.90302474579465,1.19747548016883,0.278230981488578,0.84625460704002,0.555594512229022
"5922","LOC646719","LOC646719",0.111917762920652,4.56171872641678,1.19219185968454,0.277938766782851,0.84625460704002,0.556050873785184
"3157","EMX2OS","EMX2OS",0.239492531228484,2.10079779821786,2.83117440185191,0.277833146211459,0.84625460704002,0.556215943054827
"10204","SNORA70G","SNORA70G",0.171900581314651,2.99493765805687,1.19292478463032,0.277792112760928,0.84625460704002,0.556280089170879
"12947","ZSCAN25","ZNF498",0.0950102545603757,5.16012321719741,1.19382719929739,0.277611680317904,0.84625460704002,0.556562265195223
"10371","SP3","SP3",0.0803402585399659,7.39089735208901,1.19402817192896,0.277571517378429,0.84625460704002,0.556625100465073
"10168","SNORA1","SNORA1",0.360595780151235,1.52588392362333,2.54691821525215,0.277363219872887,0.84625460704002,0.556951129655271
"4569","HNRNPK","HNRNPK",0.0408197899164046,10.282570260797,1.1954739625224,0.277282804662388,0.84625460704002,0.557077061802552
"5612","LOC100287722","LOC100287722",0.215187055355104,2.2908069696638,2.4488172139702,0.27724461734128,0.84625460704002,0.557136876853004
"9116","RNF130","RNF130",0.13522524989193,4.24469847367659,1.19608834265015,0.277160233777113,0.84625460704002,0.557269081022899
"11969","USP9X","USP9X",0.0938738164951656,7.74811001227802,1.19667119727693,0.27704401614133,0.84625460704002,0.557451225705722
"1531","CCDC152","CCDC152",0.171835436379284,3.51851169238652,1.19805442338841,0.276768457733832,0.84625460704002,0.557883406313201
"5040","KAT6B","KAT6B",0.0712355424592356,6.78487469881339,1.19828696957681,0.276722165495938,0.84625460704002,0.55795605239852
"10234","SNORD27","SNORD27",0.201483211919563,2.40907589354409,1.55407119516548,0.276630840521948,0.84625460704002,0.558099403684924
"6986","NAP1L3","NAP1L3",0.14625613684755,4.19815976557033,1.1993046782612,0.276519689402428,0.84625460704002,0.55827393960563
"9054","RIF1","RIF1",0.0798288329521674,7.18746602962707,1.19995621730328,0.276390162865834,0.84625460704002,0.558477418204902
"8264","POU5F1B","POU5F1B",0.388350361469863,1.41861882593681,3.08066049449066,0.276334465497583,0.84625460704002,0.558564944826763
"3211","EPOR","EPOR",0.124109590016703,3.50576230572536,1.69112414805628,0.275951328779356,0.84625460704002,0.559167510349751
"8626","PTPRN2","PTPRN2",0.183408345496174,3.54543724626728,1.20217021481869,0.275950595002344,0.84625460704002,0.559168665175612
"10662","STYX","STYX",0.0892396733807267,7.15672760439311,1.20338757946215,0.275709278092022,0.84625460704002,0.559548618891076
"6565","MKRN2","MKRN2",0.0773828559920956,5.70043442424598,1.20346683321014,0.275693577017078,0.84625460704002,0.559573351770664
"5977","LONP2","LONP2",0.0543517246524073,6.87428582821021,1.20525166814283,0.27534028187038,0.84625460704002,0.560130247327057
"2653","DGKE","DGKE",0.104343816504033,5.20656729460989,1.20563899738175,0.275263688917593,0.84625460704002,0.560251074268843
"3475","FAM76B","FAM76B",0.126394655383561,5.35874011694705,1.20696006122741,0.2750026570661,0.84625460704002,0.560663110011299
"4741","IFT172","IFT172",0.199747559381225,2.49416629792413,1.28433297845825,0.274865724080083,0.84625460704002,0.560879413561335
"8562","PSMG2","PSMG2",0.0592382913968992,6.81775007812293,1.20870086070199,0.27465916918946,0.84625460704002,0.561205897964611
"6857","MTRNR2L8","MTRNR2L8",0.10917263886732,12.1627945001896,1.2104751146745,0.274309641180424,0.84625460704002,0.561758927948246
"4336","H3C1","HIST1H3A",0.161658629965391,3.62574485949302,1.21146037520579,0.274115788954056,0.84625460704002,0.562065948560699
"9484","SBF2","SBF2",0.158219729442755,3.57529653646606,1.21159446789455,0.27408941937408,0.84625460704002,0.562107729130851
"4657","HTR2B","HTR2B",0.276776031994998,1.90983496719872,1.40534397879208,0.273771662153155,0.84625460704002,0.562611507288345
"5667","LOC100505876","LOC100505876",0.0672848107723974,5.46865677686377,1.21418699833117,0.273580226184935,0.846101422823624,0.562915295727911
"571","APOM","APOM",0.200431329470087,2.44315198303346,1.5458272285302,0.273461872276512,0.846101422823624,0.56310321709735
"8068","PLCXD2","PLCXD2",0.204309778163374,3.6141926208988,1.2162481792896,0.273176251103567,0.846101422823624,0.563557059247422
"11250","TMEM273","C10orf128",0.246833522102615,2.54379218910991,1.21694174477189,0.273040488077125,0.846101422823624,0.563772948399896
"11832","UBR7","UBR7",0.0774856864685306,5.77182814535974,1.21779527302931,0.272873530409662,0.845875342892364,0.56403859021709
"814","ATP10D","ATP10D",0.255736083958058,2.06753258667278,1.28120140359607,0.272850708851953,0.845875342892364,0.56407491360489
"5181","KIF3B","KIF3B",0.10248364864928,4.3428978338463,1.2183905335685,0.27275716886757,0.845875342892364,0.564223826042234
"5264","KNL1","CASC5",0.217515653659238,2.76406201563408,1.21841681805023,0.272752032228187,0.845875342892364,0.564232004874544
"12325","ZBTB6","ZBTB6",0.132641141967989,4.27459728662057,1.21922400824226,0.272594346995531,0.845875342892364,0.564483154715957
"7219","NIPAL4","NIPAL4",0.421238822491301,1.391277849577,2.75274078921384,0.272573223952312,0.845875342892364,0.564516809032921
"1715","CDAN1","CDAN1",0.153228678563596,3.02566856088261,1.6409137603484,0.272511861444288,0.845875342892364,0.564614589726091
"6617","MON2","MON2",0.0753395423053163,6.7463152511394,1.22007218280348,0.272428780024795,0.845875342892364,0.564747014432813
"5577","LOC100132724","LOC100132724",0.288655840008224,1.84531888422889,1.63030607168837,0.27237858252748,0.845875342892364,0.56482704454125
"926","B3GLCT","B3GALTL",0.122196907056784,4.3349838903213,1.22063120963936,0.272319725553892,0.845875342892364,0.564920899280915
"11113","TMC5","TMC5",0.255287412740039,2.0148501260766,3.72479784729086,0.272068763885594,0.845875342892364,0.56532131654743
"5927","LOC648987","LOC648987",0.10604516224529,4.01354588486747,1.22260127684515,0.271935847624305,0.845875342892364,0.565533538277762
"5326","LAMTOR5","HBXIP",0.0662294610734617,7.08556477579264,1.22353399220393,0.271754342467917,0.845875342892364,0.565823507426447
"1140","BST1","BST1",0.341212340090104,1.59071385792372,1.24893006584013,0.271601172109813,0.845875342892364,0.566068360165742
"12674","ZNF490","ZNF490",0.112935864456282,3.74417000472728,1.33127344510474,0.271502025436661,0.845875342892364,0.566226926175745
"3540","FBXL2","FBXL2",0.315028677474275,1.68842452479758,1.8724514317513,0.271380750401018,0.845875342892364,0.566420960991336
"4775","IKZF2","IKZF2",0.170074464340975,5.1258651331679,1.22619911218256,0.27123655926485,0.845875342892364,0.566651773444738
"2909","DUSP14","DUSP14",0.111540970616838,3.90504867048268,1.2694174410109,0.271022929550857,0.845875342892364,0.566993964637962
"5053","KBTBD6","KBTBD6",0.152422286187897,3.4864291613211,1.22809713520412,0.270868570689146,0.845875342892364,0.567241383922661
"2571","DDX11","DDX11",0.250894070335951,3.02965890641215,1.22895381658165,0.270702684500035,0.845875342892364,0.567507437403595
"4808","IL24","IL24",0.202292810577016,2.5052921490157,1.7554925073782,0.270594934159371,0.845875342892364,0.567680338142036
"8893","RBM4","RBM4",0.0704182998339993,6.30642645226157,1.2309503094949,0.270316586305619,0.845831421645635,0.568127305688596
"8412","PRINS","PRINS",0.340307900707459,1.63667266526831,4.21473011361336,0.270101996113296,0.84556785607572,0.568472206268727
"2036","CLCN5","CLCN5",0.277400905868566,1.89725898769408,1.61258096385823,0.269922976551899,0.845211386629927,0.568760145584317
"10162","SNHG6","SNHG6",0.0856187436187882,6.96627349059008,1.23343726689863,0.269836612561481,0.845144948034787,0.568899123772201
"10548","ST6GALNAC3","ST6GALNAC3",0.308716180310131,1.67729419782678,1.47559246001849,0.269740092273637,0.845144948034787,0.569054498266591
"6471","MGAT2","MGAT2",0.0671813525043726,5.95221390808109,1.23421038015273,0.269687624298693,0.845144948034787,0.56913898243886
"4612","HSBP1L1","HSBP1L1",0.126395658971927,3.55520816869987,1.64840273849149,0.269648586202041,0.845144948034787,0.569201852424815
"6813","MTFR1","MTFR1",0.241867935445184,2.10606163477962,2.11056193100813,0.269351514621584,0.844645201640273,0.569680577979742
"701","ARMCX6","ARMCX6",0.080990077962361,4.94129566980901,1.23599332533059,0.269344425787028,0.844645201640273,0.569692007959069
"4106","GPAT3 /// LPCAT1","AGPAT9",0.177807418096458,3.12417547845782,1.23599655372513,0.269343804855692,0.844645201640273,0.569693009158047
"9245","RPL34","RPL34",0.0644179106414479,11.335274900159,1.23625044810428,0.269294977901494,0.844645201640273,0.569771745697312
"2551","DCUN1D4","DCUN1D4",0.109557052795946,5.05104391349559,1.23897562508312,0.268771597644606,0.844327670944235,0.570616627128428
"10826","TATDN2","TATDN2",0.0933371774445465,4.82033163668043,1.24072838222617,0.268435653606021,0.843812874783354,0.571159801707195
"2497","DAPK3","DAPK3",0.104358863299813,4.05214396583802,1.31026193466969,0.26828467543877,0.843608780118137,0.571404133747946
"10113","SMIM26","LINC00493",0.0586084643133656,6.30335451432466,1.24162072530296,0.268264825588436,0.843608780118137,0.571436267522945
"10651","STX3","STX3",0.173470555995734,3.00484656572222,1.24415395771841,0.267780617489174,0.843183968613364,0.572220861312567
"12573","ZNF286B","ZNF286B",0.248199188407947,2.09318783148876,2.07196285969282,0.267583000222039,0.843183968613364,0.572541481129471
"10147","SND1","SND1",0.0717858185120013,7.00321963381775,1.24625525377041,0.267379808032399,0.842959861246779,0.572871392852709
"5330","LAPTM4A","LAPTM4A",0.10613003495086,7.0020212049494,1.24692087696348,0.267253002445321,0.842959861246779,0.57307740702429
"3163","ENG","ENG",0.164481254901784,3.19056017853514,1.24701355948692,0.267235351838177,0.842959861246779,0.573106090759778
"5678","LOC100506136","LOC100506136",0.373936494973401,1.52835821358592,1.77932402700546,0.267199111065036,0.842959861246779,0.57316499103254
"8929","RCE1","RCE1",0.109238825329336,4.34677554105552,1.24733688629787,0.267173788485764,0.842959861246779,0.573206151265263
"9652","SERPINA1","SERPINA1",0.309182501274981,2.45959724789806,1.24802490484305,0.267042845217858,0.842959861246779,0.573419053433579
"9215","RPL13P5","RPL13P5",0.292918039730845,1.9164193898806,2.25240034061672,0.266887402141101,0.842959861246779,0.573671925686937
"5106","KDELR3","KDELR3",0.348141082579244,1.5665917440821,2.02496623848166,0.266363100546907,0.842400902826677,0.574525938431184
"11546","TRMT10B","RG9MTD3",0.103483077193631,4.54800574873803,1.25168711103791,0.26634721748453,0.842400902826677,0.574551835907222
"2319","CRYBB2P1","CRYBB2P1",0.115417498926134,4.12514928454206,1.25223625389024,0.266243106223179,0.842400902826677,0.574721628503415
"1408","CAND1","CAND1",0.105367008417193,6.85457960612414,1.25363757164727,0.265977664741356,0.842002987967207,0.575154831364601
"8752","RABEP2","RABEP2",0.140315865541002,3.33874548747733,2.0573415014351,0.265948949399233,0.842002987967207,0.575201720970463
"11647","TTC3","TTC3",0.0808712771966142,8.28604544247149,1.25747802928968,0.265251902791385,0.841314440647607,0.576341491992749
"5259","KMT2E","MLL5",0.0816695668442965,9.3979793233096,1.25774217454766,0.265202076938527,0.841314440647607,0.576423079062854
"389","ALPK2","ALPK2",0.342962977108989,1.71078018242059,1.55206951206409,0.26516284554803,0.841314440647607,0.576487329075324
"12202","WWC3","WWC3",0.129299141020787,4.67127763390289,1.25817303794974,0.265120828261025,0.841314440647607,0.576556152148068
"2844","DPH1","DPH1",0.0945987405983406,4.76010934747382,1.25869965502791,0.265021565726039,0.841314440647607,0.576718784573608
"642","ARHGEF26-AS1","ARHGEF26-AS1",0.303498576327542,1.76914769309422,3.56780479979373,0.264867455843817,0.841314440647607,0.576971400010495
"6839","MTMR8","MTMR8",0.152904667403114,3.20324575040946,1.33972884147856,0.264684825053134,0.841314440647607,0.577270957016009
"1081","BMS1","BMS1",0.0638863323804371,6.0395526788883,1.26097332323167,0.264593536905799,0.841314440647607,0.577420768313402
"12023","VEZT","VEZT",0.0665363386192323,5.91606238512673,1.26134381599041,0.264523872399976,0.841314440647607,0.577535128227123
"8634","PTTG1IP","PTTG1IP",0.0806006319812501,6.07940224788097,1.26415136824605,0.263996712460637,0.841314440647607,0.578401481346435
"11026","THUMPD3","THUMPD3",0.115989189510168,5.09900755979392,1.2679299255093,0.263289317066745,0.840465627536143,0.579566761984271
"9240","RPL3","RPL3",0.0699738224722104,12.1343332331652,1.26814534205139,0.263249060158044,0.840465627536143,0.579633170641636
"12429","ZFYVE16","ZFYVE16",0.123186825104693,3.98174311808792,1.26872751076205,0.263140303556838,0.840406883094623,0.579812628646307
"12691","ZNF516","ZNF516",0.246571177122799,2.86606944637975,1.2696184148069,0.26297398059528,0.840406883094623,0.580087219734217
"10034","SLC7A6","SLC7A6",0.0902757848351637,6.86991147332171,1.27010750749272,0.262882728037735,0.840406883094623,0.580237947040529
"8561","PSMG1","PSMG1",0.121974461477697,4.19395647324651,1.27188635854142,0.26255117407624,0.840406883094623,0.580786035294683
"12914","ZNF883","ZNF883",0.247011291600415,2.36402942942137,1.27364873003328,0.262223209819089,0.839748630210575,0.581328870806694
"586","ARAP2","ARAP2",0.0967897140054014,7.57679275900314,1.27392974318695,0.262170962953616,0.839748630210575,0.581415410766994
"6602","MOAP1","MOAP1",0.0683548389700157,7.43112141822963,1.27451041250379,0.262063044484006,0.839748630210575,0.581594217925035
"8699","RAB12","RAB12",0.196694035477885,3.99959405752955,1.27459401416188,0.262047511557226,0.839748630210575,0.581619960067843
"5168","KIF18A","KIF18A",0.211433068192329,2.59868289714761,1.2750761099457,0.261957962229139,0.839748630210575,0.58176839660666
"12787","ZNF654","ZNF654",0.115786362940939,5.46452155118101,1.27555310203052,0.261869398743661,0.839748630210575,0.581915248933488
"9061","RIN3","RIN3",0.116331837032065,5.21020380327177,1.27628568318782,0.261733453063238,0.839631079769877,0.582140765123743
"8500","PRTFDC1","PRTFDC1",0.39925571100671,1.43048286027449,1.58658904494749,0.26168694723235,0.839631079769877,0.582217939134434
"7731","PCNX2","PCNXL2",0.111513883232316,4.71686245673801,1.27774833772471,0.261462292109946,0.839176228486474,0.582590935895784
"9278","RPP40","RPP40",0.193914989129338,2.84170367175805,1.27792658984772,0.261429270138417,0.839176228486474,0.582645789563622
"3117","ELOA","TCEB3",0.0952546834011699,6.05990848958623,1.27796945537215,0.261421329896939,0.839176228486474,0.582658980341482
"9182","ROCK1","ROCK1",0.0743952009082381,7.70402783763534,1.27902833199851,0.261225283831132,0.839176228486474,0.582984790272458
"10187","SNORA4","SNORA4",0.192789248027788,2.58808135298411,1.92012306776618,0.261132018131031,0.839176228486474,0.583139874844582
"2877","DSC1","DSC1",0.29711997698635,2.28142931318994,1.2821167258071,0.260654535228595,0.838911645293156,0.583934714214353
"10545","ST6GAL2","ST6GAL2",0.352936946374677,1.58951111000946,4.15262460641453,0.260596366937342,0.838911645293156,0.584031643228434
"9418","RYK","RYK",0.101486921308159,4.4996271751748,1.28359806970287,0.260381331716663,0.838911645293156,0.584390156137147
"5983","LOXL4","LOXL4",0.336725142977875,1.65671488078895,2.11097756119536,0.26031203535028,0.838911645293156,0.584505752115959
"2030","CLASRP","CLASRP",0.108220166057272,4.08696258172664,1.68656700158035,0.26027074279239,0.838911645293156,0.584574648479135
"7130","NEFM","NEFM",0.311551744713048,1.6649408525198,1.65521910371682,0.260194419653646,0.838911645293156,0.584702021915928
"6219","MAP3K2","MAP3K2",0.121975882791967,6.94985196627509,1.2846253658116,0.260192078920062,0.838911645293156,0.584705928887695
"9598","SEL1L","SEL1L",0.0795757880302116,6.49020734398713,1.28467197933496,0.260183495673802,0.838911645293156,0.58472025568038
"8608","PTPN11","PTPN11",0.0652730793594622,6.19349908586821,1.28580764922557,0.259974487180504,0.838911645293156,0.585069269799888
"8717","RAB2A","RAB2A",0.0587886852383693,7.3372810642197,1.28750107749577,0.259663219780735,0.838911645293156,0.585589562028391
"5480","LMAN1","LMAN1",0.0719966118900624,6.39489926516707,1.28859076456059,0.259463172481747,0.838797261393219,0.585924276054359
"12534","ZNF232","ZNF232",0.18635536645915,2.72649625679424,1.65395622516302,0.259364679756542,0.838797261393219,0.586089166383179
"9294","RPS18","RPS18",0.0734497232650088,11.4701509921893,1.29069455990732,0.259077498938325,0.838785224289217,0.586570304155304
"7332","NPTN","NPTN",0.143260579116302,3.81956824181188,1.29281958890304,0.258688661671204,0.83857271560733,0.587222606001438
"5684","LOC100506321","LOC100506321",0.270057582861142,1.97655269327145,2.46629201957405,0.258620068401854,0.838559896870095,0.58733777776181
"10805","TAPBPL","TAPBPL",0.127614907071664,5.52590680634901,1.29338008286352,0.258586224477446,0.838559896870095,0.587394614771875
"2805","DNHD1","DNHD1",0.126049823756413,4.80462511554104,1.29408456934439,0.258457542912473,0.838524419555964,0.587610788714079
"1802","CDS1","CDS1",0.438316169654893,1.32697683050251,1.96031495206154,0.258227067688047,0.838202220239859,0.587998236386291
"12525","ZNF221","ZNF221",0.337270845749529,1.66098494515561,3.16510761937258,0.258169112741046,0.838202220239859,0.588095717795879
"378","ALKBH4","ALKBH4",0.108486067487428,4.12721086857605,1.29571138766856,0.258160694355231,0.838202220239859,0.588109879513665
"11634","TTC16","TTC16",0.243731655675288,2.50923734206226,1.29668008982274,0.257984136213168,0.838202220239859,0.588406998559649
"6763","MS4A6A","MS4A6A",0.387647491287834,2.96858216659299,1.2967893543437,0.257964230867854,0.838202220239859,0.588440508818373
"9872","SLC24A4","SLC24A4",0.244054235329599,2.15621891097982,3.37244328671028,0.257878097032244,0.838202220239859,0.588585543251706
"12505","ZNF182","ZNF182",0.121423304097402,3.74140359183683,1.29947616535966,0.257475363238433,0.837989936601152,0.589264320492635
"1397","CAMK2G","CAMK2G",0.0919837153611701,5.93102036726883,1.29997838408066,0.257384112728005,0.837989936601152,0.589418263832185
"6411","MEIOC","C17orf104",0.425820747834245,1.38263511661883,1.97986808587943,0.257042878732643,0.837694779458989,0.589994423580485
"6990","NAPB","NAPB",0.132277106945492,4.12158719308957,1.30389331466811,0.256674175163316,0.837483419113103,0.590617824933027
"9742","SH3D21","SH3D21",0.44486904187716,1.38244814477139,2.87226873749846,0.256667750005958,0.837483419113103,0.590628696479843
"12528","ZNF224","ZNF224",0.226957174550806,2.33098440265963,3.0244827305054,0.256607188295359,0.837483419113103,0.590731181970121
"4725","IFIT3","IFIT3",0.343028956253368,4.08940831550513,1.30476892387399,0.256515726467044,0.837483419113103,0.590886004008351
"10598","STK11IP","STK11IP",0.105315172772956,4.16337666642684,1.30497084036674,0.256479205365102,0.837483419113103,0.590947840537677
"12040","VPS13B","VPS13B",0.0956000142052117,7.23967517483811,1.30503899818468,0.256466878970542,0.837483419113103,0.59096871323874
"4438","HECTD3","HECTD3",0.102360057644344,5.48209835910364,1.30569336504567,0.256348573884554,0.837483419113103,0.591169094278943
"6949","NAA25","NAA25",0.12031829759282,5.62919439823058,1.30654482718954,0.256194737403699,0.837483419113103,0.591429795512517
"4875","INTS12","INTS12",0.0849321195113108,5.03191610359761,1.30860083088666,0.255823747719663,0.837483419113103,0.59205914310639
"9798","SIRT1","SIRT1",0.118129307431826,4.59211358207907,1.30865141544328,0.255814628597234,0.837483419113103,0.592074624292847
"2521","DCAF4L1","DCAF4L1",0.32211311452637,1.6839757114753,1.5743275442703,0.255745623753384,0.837483419113103,0.592191789076282
"12072","VRK2","VRK2",0.0939578398276342,4.95683432154375,1.31014841748109,0.255544940524367,0.837483419113103,0.592532713120407
"10879","TCAF2","FAM115C",0.104428757042756,6.04303780278494,1.31349484502531,0.254943357307956,0.836887695940311,0.593556299335194
"12324","ZBTB5","ZBTB5",0.121112394770234,3.76972035399001,1.31807297957238,0.25412321195624,0.835040635437768,0.594955664095253
"1171","BUD13","BUD13",0.116978576602664,4.06264521465712,1.31993238793101,0.253791050100706,0.834160449190893,0.595523697294157
"928","B3GNT2 /// B4GAT1","B3GNT1",0.186118122148576,3.01778845854165,1.32018624935132,0.253745742701819,0.834160449190893,0.595601235528458
"5107","KDF1","C1orf172",0.18728546717229,2.7106846707806,1.48367818793149,0.25360566896245,0.834160449190893,0.595841042700428
"10773","TAF1C","TAF1C",0.0919448949407031,4.68761376889633,1.32452937697715,0.252972171431182,0.833369217871186,0.596927251387858
"7437","NUFIP1","NUFIP1",0.101435597747627,4.05734527028665,1.32549374177668,0.25280080360442,0.833369217871186,0.597221549850053
"2393","CTSW","CTSW",0.225403724069817,5.26036976545044,1.32554243370355,0.252792154875087,0.833369217871186,0.597236408029394
"9177","RNU12","RNU12",0.223903212467848,2.77614770988311,1.32719988634969,0.252497975466863,0.833076357001938,0.597742099712031
"10715","SVIP","SVIP",0.0702283704329487,6.26255716385201,1.32768812090906,0.252411400577002,0.833002569240765,0.597891033358703
"9043","RHOT2","RHOT2",0.0756216411931347,6.99454828441684,1.33057496220673,0.251900253889293,0.832760445765184,0.598771394777935
"3401","FAM153A","FAM153A",0.377044561402,1.55860138211568,1.89997178619688,0.251898741489046,0.832760445765184,0.598774002274527
"6240","MAP9","MAP9",0.15619313818918,3.77422764816811,1.33070003393747,0.251878137716864,0.832760445765184,0.598809526352505
"1024","BEGAIN","BEGAIN",0.428107321317029,1.34010259207823,1.96584225650723,0.250759414977224,0.831145092105143,0.60074275204276
"2000","CIB1","CIB1",0.0760683304697473,7.78542905634196,1.33823081143725,0.250550927063215,0.831008215403857,0.601103985985988
"7716","PCGF3","PCGF3",0.114495422697502,5.12742374289086,1.3383134098753,0.250536418352408,0.831008215403857,0.601129135505737
"5426","LINC00167","LINC00167",0.27328082647884,1.99286424667155,2.6812737987626,0.250228011651525,0.830474127388064,0.601664075039316
"7136","NEK2","NEK2",0.349690159719414,1.63138486865875,4.27547731869361,0.250214421274306,0.830474127388064,0.601687663070412
"12924","ZNHIT6","ZNHIT6",0.0884491760606945,5.59195584418951,1.34326581296694,0.249668416221489,0.829436200676409,0.602636393685044
"7390","NT5C3A","NT5C3",0.0872642736692852,6.84842502007221,1.34452417018671,0.249448460994136,0.828917747048393,0.60301917115481
"10126","SMTNL1","SMTNL1",0.330099075143558,1.75426607105249,3.70273431814487,0.249121208687047,0.828042387982848,0.60358929765954
"7718","PCGF6","PCGF6",0.140497607770292,3.79127169669706,1.34742941788911,0.24894155520918,0.827877735732145,0.60390260161692
"2411","CWC15","CWC15",0.0643804199516987,6.65369725989139,1.3482330304188,0.248801567283099,0.827828348900653,0.604146888208479
"3185","EOGT","C3orf64",0.10113884959111,4.37623785682343,1.34828433658132,0.248792633156703,0.827828348900653,0.604162483413533
"10310","SNX1","SNX1",0.0873653598786883,6.38236141341064,1.34882780049914,0.24869802227906,0.827828348900653,0.604327668355743
"2351","CSRP2","CSRP2",0.427473243498036,1.37571134859376,2.34404741411644,0.248598426512529,0.827828348900653,0.604501624524176
"3985","GJC1","GJC1",0.243093923346898,2.21036222670206,3.36887100741284,0.24837256603595,0.827828348900653,0.604896375794903
"6114","LYAR","LYAR",0.120529661226613,5.98955434342819,1.35091079794024,0.24833580948366,0.827828348900653,0.604960651610047
"6797","MTA2","MTA2",0.0785173591970413,5.99278824842439,1.35171333647255,0.248196430634838,0.827828348900653,0.605204468472826
"12249","YEATS4","YEATS4",0.103813185103399,6.0484089892027,1.35183891229201,0.248174630355035,0.827828348900653,0.605242616310089
"2024","CKB","CKB",0.422630258465986,1.42919562489502,2.34839248849632,0.248142680167185,0.827828348900653,0.605298531306419
"287","AHCTF1","AHCTF1",0.114067723387716,6.22230759913142,1.35252217302261,0.248056056184149,0.827828348900653,0.605450165381474
"6634","MPC2","BRP44",0.0816068015218869,6.5798989137118,1.35262985502547,0.248037375287264,0.827828348900653,0.605482872972116
"258","AGAP1","AGAP1",0.336986751548429,1.69346193723771,1.59974452354395,0.248021860693793,0.827828348900653,0.605510038688815
"11830","UBR4","UBR4",0.0900601098544919,6.4787410813379,1.35354364921575,0.247878918601147,0.827828348900653,0.605760407175333
"8398","PRELID3B","SLMO2",0.10744516416592,7.15191887262392,1.35422452409248,0.24776093296993,0.827828348900653,0.605967172266504
"10993","THAP2","THAP2",0.187050276566926,2.77499906145995,1.60407698633238,0.247724751461567,0.827828348900653,0.606030598637642
"1551","CCDC34","CCDC34",0.294950916365497,1.93393602610927,2.03670658059211,0.247653462207687,0.827828348900653,0.606155596180684
"2064","CLK3","CLK3",0.0848567007677573,6.12475297787615,1.35680750343095,0.247313973292294,0.827828348900653,0.606751345214532
"1618","CCNT2","CCNT2",0.088099794969807,6.24694609496554,1.35887313001877,0.246957255718712,0.827828348900653,0.607378209541681
"8905","RBM7","RBM7",0.104440306404361,5.89987616260914,1.36035761722272,0.246701290143215,0.827418778962753,0.607828579328204
"3614","FEM1C","FEM1C",0.133681170662973,5.07108891375801,1.36198302015995,0.246421403810921,0.826907623289983,0.608321572671315
"1103","BPNT1","BPNT1",0.147429370563453,3.99667596706637,1.36224816796822,0.246375783999715,0.826907623289983,0.608401980728905
"2812","DNMBP","DNMBP",0.269809733552484,2.01408880842209,1.77513918251213,0.246252512968884,0.826907623289983,0.608619328899586
"1284","C21orf91","C21orf91",0.0792954344008112,6.0418693401366,1.36308704482944,0.246231520549292,0.826907623289983,0.60865635301154
"9717","SGPL1","SGPL1",0.0720736346439091,5.85155330153152,1.36320068914818,0.246211984940639,0.826907623289983,0.608690810596819
"8736","RAB42","RAB42",0.355846681212091,1.60767862131932,3.94840019580385,0.246084735283801,0.826907623289983,0.608915324889722
"6214","MAP3K1","MAP3K1",0.0930253291719879,8.64012273518058,1.36398135689984,0.246077838994358,0.826907623289983,0.60892749574792
"10041","SLC9A5","SLC9A5",0.376251984254692,1.57901385796631,2.59106282616934,0.245852914066961,0.826907623289983,0.609324639699624
"11607","TSPAN31","TSPAN31",0.137369348694193,4.59352472709793,1.36582512658947,0.245761374191801,0.826907623289983,0.60948637325402
"10991","THAP11","THAP11",0.0781939417117657,5.7841392914353,1.36694602773671,0.24556922888635,0.826828343198188,0.609826053500323
"10578","STARD9","STARD9",0.201608842259415,2.59789133991582,1.42244272518746,0.245355173342285,0.826322083013879,0.610204780437006
"11492","TRIM11","TRIM11",0.0876748330139702,5.0383749787486,1.37022458797149,0.245008283153246,0.825817720963461,0.610819232913271
"8427","PRKCE","PRKCE",0.178519675563837,2.84117369857817,1.70231990264711,0.244982186933049,0.825817720963461,0.610865492769871
"6453","MFNG","MFNG",0.0812526393395343,7.87194035088898,1.37090179615423,0.24489261377013,0.825817720963461,0.611024313475733
"1329","C6orf120","C6orf120",0.0714961633361635,5.34473624776727,1.37240291024704,0.244636459287742,0.825648373392872,0.611478817587916
"12172","WDR97","KIAA1875",0.307754632777094,1.80487480286136,2.41722296334148,0.244451596034799,0.825421799937389,0.611807122863867
"9593","SEC63","SEC63",0.084926266957979,6.58777376716518,1.37454565303642,0.244271389272074,0.825242899225683,0.612127397573888
"9208","RPL10A","RPL10A",0.0750951871485686,10.2147025459125,1.3745685884233,0.244267485298676,0.825242899225683,0.612134338573644
"9380","RTCA","RTCD1",0.0825714623163389,5.70880084051199,1.37509674622018,0.244177605647788,0.825242899225683,0.612294169177246
"11749","U2SURP","U2SURP",0.0797095441500372,7.67841179007881,1.37568079867297,0.244078261684795,0.825242899225683,0.612470898381831
"2201","COPS7B","COPS7B",0.117834492682107,5.06016426466457,1.37652753034796,0.243934326209046,0.825242899225683,0.612727081874762
"9552","SDF2L1","SDF2L1",0.1004813985394,4.84956005074293,1.37742761919165,0.243781435603194,0.825242899225683,0.612999369767959
"8551","PSMD6","PSMD6",0.0768010876973903,7.14789950154236,1.37765997665418,0.243741986209099,0.825242899225683,0.613069654203294
"11955","USP42","USP42",0.146447426194883,5.45443079270676,1.3791839135565,0.243483449333636,0.825242899225683,0.613530554397453
"5507","LOC100128126","LOC100128126",0.308144948777412,1.82973596367711,4.10735645143066,0.243429605604117,0.825242899225683,0.61362660454223
"2045","CLEC12A","CLEC12A",0.454775004928159,1.383796185426,1.76797599441092,0.243219534092901,0.825127357684937,0.614001547787173
"6953","NAA40","NAA40",0.113246961387854,4.03200320890916,1.38664964268526,0.243173327714263,0.825127357684937,0.614084062054577
"5391","LGALS8","LGALS8",0.0754192202480861,6.71072450575945,1.38135939165956,0.243114964887335,0.825127357684937,0.614188307434079
"1758","CDK10","CDK10",0.10928244848385,5.46421502985492,1.38349758287714,0.242753467115868,0.824624438045078,0.614834558583556
"2568","DDTL","DDTL",0.241154970269249,2.28017489335991,2.37841069315489,0.242058278425657,0.823423167870508,0.616080059839446
"256","AFTPH","AFTPH",0.0739668826631182,6.45915907562614,1.38837735523111,0.241930940615195,0.823423167870508,0.616308586044252
"9868","SLC22A5","SLC22A5",0.147201039977423,3.27769575998583,1.64311121931158,0.241799473379855,0.823423167870508,0.616544649333278
"11728","TXNDC16","TXNDC16",0.124933216847514,3.98087198993744,1.39135547877263,0.241430642702572,0.822932140772586,0.617207609499358
"8889","RBM33","RBM33",0.0892426277855935,6.30371790758479,1.39154231452087,0.241399298544918,0.822932140772586,0.617263996204344
"11713","TWF1","TWF1",0.101278585957061,6.32539382959939,1.39232793468062,0.241267555322811,0.822932140772586,0.617501076316027
"2977","ECPAS","KIAA0368",0.0739580369515597,5.69803596056213,1.39262509156165,0.241217747223647,0.822932140772586,0.61759074280984
"5747","LOC100652768","LOC100652768",0.259821441566312,2.08363640718741,2.83960602695704,0.241061681482335,0.822932140772586,0.617871818421188
"12143","WDR53","WDR53",0.085604217060102,4.5539259469816,1.3935852900598,0.241056889730441,0.822932140772586,0.617880451282606
"2638","DESI1","PPPDE2",0.106020218715017,4.73576737390298,1.39401914714603,0.240984251097932,0.822932140772586,0.61801133868967
"7758","PDE1B","PDE1B",0.242583487426483,2.26508743966275,1.48527563491546,0.240871574542509,0.822932140772586,0.618214448435565
"2258","CPNE8","CPNE8",0.196411914362493,4.22019840297672,1.39471854670009,0.240867210758044,0.822932140772586,0.618222316465175
"8015","PITPNB","PITPNB",0.0703190465222105,6.76317148958088,1.39570065618888,0.240702978863103,0.822932140772586,0.618518535002067
"2162","COL10A1","COL10A1",0.286043607460266,1.99289632095033,1.81211984356632,0.240698549881845,0.822932140772586,0.618526526177857
"10958","TFAM","TFAM",0.0781284838925002,5.47023475745674,1.39585349819615,0.240677432484634,0.822932140772586,0.618564630152391
"5701","LOC100506801","LOC100506801",0.140203943402178,3.51740873268508,1.65528298249681,0.240536202600239,0.822932140772586,0.618819549617517
"3089","EIF4G2","EIF4G2",0.0591304305377893,9.57301089681908,1.39714757287479,0.240461271618752,0.822932140772586,0.61895486056525
"3491","FAM98B","FAM98B",0.159589519193907,3.04466109221573,1.78020252301354,0.240459444887522,0.822932140772586,0.618958159817147
"9004","RGL1","RGL1",0.207900991903588,2.84519730498879,1.39717022765661,0.240457489519465,0.822932140772586,0.618961691427271
"8516","PSMA2","PSMA2",0.0685390010602769,7.91376903382527,1.39793988338561,0.240329042993072,0.822932140772586,0.619193742931159
"8820","RAPGEF6","RAPGEF6",0.0719215439153042,7.82271241138642,1.39877362367981,0.240189996888046,0.822932140772586,0.619445083472601
"1359","CA5BP1","CA5BP1",0.17436024478341,2.92541976617134,1.92751907264436,0.23999921578348,0.822932140772586,0.619790177377826
"9444","SAMD1","SAMD1",0.316301539253612,1.77742886309886,3.34961298491245,0.239975978889202,0.822932140772586,0.619832228113286
"2088","CLUH","KIAA0664",0.143925109120515,3.58506045094958,1.40213028709741,0.239631194800958,0.822932140772586,0.620456646850043
"9458","SAP25","SAP25",0.229270116893701,2.32147768506103,2.60900374158196,0.239540185431928,0.822932140772586,0.620621618586156
"3653","FILIP1L","FILIP1L",0.291124491917196,1.93885734560465,1.40286622481974,0.239508893315561,0.822932140772586,0.620678355960623
"7225","NISCH","NISCH",0.0851198317101984,5.62931486923749,1.40412785323335,0.23929940891926,0.822932140772586,0.621058374112935
"978","BBX","BBX",0.063357908140978,7.68300686538445,1.40517421780121,0.239125838650961,0.822932140772586,0.621373493824676
"9591","SEC61G","SEC61G",0.0791854082320345,6.63679906940754,1.40576752376455,0.239027490294272,0.822932140772586,0.621552148438713
"4007","GLRX","GLRX",0.118351062579608,6.78913917187026,1.40589551197811,0.239006281074015,0.822932140772586,0.621590685662987
"10390","SPATA21","SPATA21",0.378031106244339,1.54146640436798,3.90814270622705,0.239002424636025,0.822932140772586,0.621597693191171
"6181","MAML3","MAML3",0.243479790954039,2.24584292439296,2.04956365240386,0.23898587955937,0.822932140772586,0.621627758510484
"7728","PCNP","PCNP",0.0780048716067332,7.4479243546258,1.40649478392705,0.238907005152612,0.822932140772586,0.621771115823495
"1128","BRMS1","BRMS1",0.0789671581692692,5.8358476418732,1.40891735471612,0.238506196772287,0.822932140772586,0.622500332812344
"2928","DXO","DOM3Z",0.106644376453123,4.36352935760435,1.58992901877687,0.2384864833433,0.822932140772586,0.622536230358742
"5049","KBTBD12","KBTBD12",0.254649834768729,2.15597615090755,3.81269705664528,0.238431093899812,0.822932140772586,0.622637108711391
"12920","ZNFX1","ZNFX1",0.0749946006427025,7.75652241926107,1.40942278995961,0.238422678095212,0.822932140772586,0.622652438096262
"4600","HPS5","HPS5",0.106365861186941,4.4925443116493,1.40942354931347,0.238422552645814,0.822932140772586,0.622652666606387
"9655","SERPINB8","SERPINB8",0.1313213844863,5.01543060645005,1.40973617360235,0.238370912305721,0.822932140772586,0.622746741364042
"398","AMER1","FAM123B",0.282309018132262,2.01318624900013,1.8065808807618,0.238370101920024,0.822932140772586,0.622748217830409
"12152","WDR63","WDR63",0.382618777326272,1.58931415737092,1.70790941367163,0.238308280918444,0.822932140772586,0.622860866194459
"7310","NOTCH4","NOTCH4",0.343223758936397,1.68027461462638,3.20602984081333,0.238302780686923,0.822932140772586,0.622870889966005
"7730","PCNX1","PCNX",0.096508339535573,7.13376129261725,1.4109644383501,0.238168156537101,0.822932140772586,0.623116304837665
"9201","RPF1","RPF1",0.0856991849642659,6.56974820034145,1.41164791901361,0.23805542284423,0.822932140772586,0.623321920954854
"4698","IDH3B","IDH3B",0.0602810305730182,7.11543282227507,1.41225722198396,0.237954979385005,0.822932140772586,0.623505202834946
"7308","NOTCH2","NOTCH2",0.0987247931457213,5.88655767573951,1.41365359817692,0.237724983577367,0.822932140772586,0.623925173931814
"6485","MGP","MGP",0.373421327516413,1.60214424958834,2.7625730888773,0.237421600897884,0.822932140772586,0.624479770958563
"4723","IFIT1","IFIT1",0.370181054889386,3.2597176360402,1.41643113021619,0.237268310781286,0.822932140772586,0.624760261663947
"6042","LRRC4","LRRC4",0.404948263764442,1.47540715101355,2.81125593960108,0.236960812687235,0.822932140772586,0.62532346935217
"9315","RPS6","RPS6",0.059732416081973,11.679739944058,1.41851566376929,0.236926286625305,0.822932140772586,0.625386752265869
"10462","SPTLC1","SPTLC1",0.0740282343112858,5.87476891220338,1.41975018791245,0.236724015117964,0.822932140772586,0.625757681639295
"798","ATG4B","ATG4B",0.0795291311403214,5.74167977063147,1.42002727236304,0.236678645167864,0.822932140772586,0.625840925442874
"5655","LOC100505696","LOC100505696",0.121784269137755,4.39567961614308,1.42042829499836,0.236613000430029,0.822932140772586,0.625961397240151
"8087","PLEKHF2","PLEKHF2",0.107266162012657,6.50033588590867,1.42175881567793,0.236395363164159,0.822932140772586,0.626361046284727
"3606","FDPSP2","FDPSL2A",0.17344485651265,2.92306289442904,1.44287115334729,0.23620048275427,0.822932140772586,0.626719219096335
"8602","PTP4A2","PTP4A2",0.0661927303213937,8.77313112438156,1.42337023563897,0.236132107418587,0.822932140772586,0.626844956899783
"6075","LSM14A","LSM14A",0.0558773435401404,7.88152377247413,1.42411277991083,0.236010920007232,0.822932140772586,0.627067902160547
"10022","SLC66A1","PQLC2",0.205220210177658,2.67849961292885,2.53937567011864,0.235949646423208,0.822932140772586,0.627180669122324
"8333","PPP1R3B","PPP1R3B",0.132885196479943,4.3659992597847,1.42489800883653,0.235882849272632,0.822932140772586,0.627303634939051
"10242","SNORD35B","SNORD35B",0.214394713145779,2.45929448049756,2.22308632312618,0.235816580080824,0.822932140772586,0.627425663259293
"3194","EPB41L4A-AS1","EPB41L4A-AS1",0.0971337671742906,5.76620992655079,1.42603103981677,0.235698202385466,0.822932140772586,0.627643729724508
"7577","OVGP1","OVGP1",0.20221801016642,2.6414511860006,1.48209340886332,0.235569717982464,0.822932140772586,0.627880537986668
"11360","TNRC6A","TNRC6A",0.106392591233521,5.64353249279343,1.42686769997514,0.235561968075675,0.822932140772586,0.627894825888984
"9916","SLC27A1","SLC27A1",0.20071600558483,2.66733762493324,1.70789596659499,0.235543999452523,0.822932140772586,0.627927955054921
"409","AMPD3","AMPD3",0.137752204141644,4.31566234082812,1.42929240629896,0.235167695853635,0.822932140772586,0.628622335980494
"7381","NSUN2","NSUN2",0.0840206980476757,5.66095404650309,1.43015913748799,0.235026956463585,0.822932140772586,0.62888232337937
"3088","EIF4G1","EIF4G1",0.0774966203627043,6.1614695715264,1.43172458235744,0.234773021994585,0.822932140772586,0.629351809775489
"486","ANKZF1","ANKZF1",0.0964246932597686,5.93805465589653,1.43222810189315,0.234691416441651,0.822932140772586,0.629502793913103
"5779","LOC220729","LOC220729",0.133248862942317,3.85363658995487,1.43366514280609,0.234458706029678,0.822932140772586,0.629933636201101
"9465","SARAF","TMEM66",0.0911276012991814,11.6364843559902,1.43452672439227,0.234319319553032,0.822932140772586,0.630191902485524
"7720","PCIF1","PCIF1",0.096665001574807,6.82642487001234,1.43466777198647,0.23429651058222,0.822932140772586,0.630234179376455
"7672","PARPBP","PARPBP",0.187060645689981,2.73186408749429,1.72790371747086,0.234057296542436,0.822932140772586,0.630677815554597
"9290","RPS15A","RPS15A",0.07554091393001,10.599655160774,1.43741705865132,0.233852463239452,0.822932140772586,0.631058051174902
"4167","GPRIN3","GPRIN3",0.0978000858060745,7.26068512790765,1.43779059512956,0.233792211609151,0.822932140772586,0.631169960716987
"4067","GNRHR","GNRHR",0.414022249152595,1.43845413655002,2.51699522859895,0.233727715737531,0.822932140772586,0.631289785347721
"9281","RPRD1B","RPRD1B",0.112249516938106,4.99807278452445,1.43921442081599,0.233562722135687,0.822932140772586,0.631596471759427
"1277","C20orf197","C20orf197",0.265504932462268,2.26680127821393,1.44114066389898,0.23325269303451,0.822932140772586,0.632173333376636
"6916","MYO1C","MYO1C",0.160284197238453,4.08746291437503,1.44303662914779,0.232948029215515,0.822932140772586,0.632740959413861
"9814","SKIV2L","SKIV2L",0.0954385192840475,5.52557713334586,1.44359444272753,0.232858486594186,0.822932140772586,0.63290792945613
"6660","MRC2","MRC2",0.219330560223099,2.51252606896633,1.4684915360404,0.232700772629557,0.822932140772586,0.633202174735634
"9291","RPS15AP10","RPS15AP10",0.229296545110605,2.35915413401166,2.83566007098969,0.232349049403941,0.82244589847676,0.633859099985059
"9559","SDHAP1","SDHAP1",0.154239213142477,3.15933130375646,1.63457410782358,0.232338875228825,0.82244589847676,0.633878117428282
"5850","LOC388796","LOC388796",0.140007469276636,5.58413428133457,1.44765300461314,0.232208255826703,0.822396315271587,0.63412234361449
"6395","MED29","MED29",0.0768895986551953,6.01928759381369,1.44844760367246,0.23208121167062,0.822395164085782,0.634360016795489
"1647","CCT8","CCT8",0.0740255523443003,7.76982297436913,1.44969015350134,0.231882717507687,0.822395164085782,0.634731618635587
"8853","RAVER2","RAVER2",0.189473150877067,2.86672924880571,1.44978785125123,0.231867119350339,0.822395164085782,0.634760833497258
"5928","LOC650623","LOC650623",0.222051926744463,2.67989622879321,1.44992150382728,0.231845782822108,0.822395164085782,0.634800799331448
"2933","DYNC1LI1","DYNC1LI1",0.0824135902088242,5.8506754887044,1.4503383888616,0.231779246002441,0.822395164085782,0.634925454266047
"2131","CNOT8","CNOT8",0.0753283371721988,7.81783509947057,1.45130813242461,0.231624560688606,0.822395164085782,0.635215391378152
"9514","SCARNA3","SCARNA3",0.432501968145836,1.42625316220559,3.50635048325969,0.231311397946532,0.82216993942276,0.635802966696204
"801","ATG5","ATG5",0.082663948722418,6.56719410443649,1.45471883881767,0.231081515479712,0.82216993942276,0.63623479292949
"1661","CD244","CD244",0.271967973306555,2.10323394374136,1.81922707460568,0.230975536817446,0.82216993942276,0.636434014860202
"9971","SLC37A3","SLC37A3",0.101095964758948,4.96463717621383,1.45540629406373,0.23097224892814,0.82216993942276,0.636440196996914
"10679","SULT2B1","SULT2B1",0.409881580726187,1.52535884112908,3.05884612906589,0.230832085643169,0.82216993942276,0.636703824418921
"11077","TLCD4","TMEM56",0.325443824382765,1.7860492796728,3.38875299301401,0.230763857934595,0.82216993942276,0.6368322090721
"2598","DDX54","DDX54",0.0743478910172241,5.3903745595092,1.45984635230804,0.230268049399772,0.821912084967347,0.637766317928086
"1567","CCDC71","CCDC71",0.136579624092883,3.59521864648674,1.74892082192725,0.230154669396591,0.821912084967347,0.63798020967897
"4365","HAPLN3","HAPLN3",0.0888622801318112,6.34066121290422,1.46153389525049,0.230001090834322,0.821758235029924,0.638270104233698
"7666","PARP2","PARP2",0.117068976490531,4.27661358816676,1.46163176017306,0.22998562082626,0.821758235029924,0.638299316117295
"11663","TTF1","TTF1",0.0911747129073527,5.1302980537079,1.46239988399033,0.22986424369259,0.821758235029924,0.638528579729936
"51","ABHD10","ABHD10",0.0975039999624656,5.23313739256868,1.46323174492556,0.229732883192476,0.821758235029924,0.638776836903692
"497","ANTXR2","ANTXR2",0.126454321237073,6.70806440683614,1.46703078560994,0.229134134370548,0.820921603200529,0.639910208652087
"10562","STAG3L2","STAG3L2",0.114638513888698,4.10026033580513,1.68330669168199,0.229074355798517,0.820921603200529,0.640023526081482
"12793","ZNF668","ZNF668",0.149381744744189,3.31676029252071,1.47806270764629,0.228940845083754,0.820921603200529,0.640276718413208
"1724","CDC27","CDC27",0.086929492405391,6.50659345677664,1.46950824347993,0.228744699876368,0.820886581326726,0.640648959954908
"5076","KCNJ5","KCNJ5",0.233102986000894,2.37788116254605,3.96844788725621,0.228438618732378,0.820241959815981,0.641230474486604
"4188","GRB2","GRB2",0.0587214617110565,8.05148537395777,1.47349503326372,0.22811970554015,0.819806102897047,0.641837197679473
"5835","LOC339290","LOC339290",0.0877317050695908,5.68400176368854,1.47488957748324,0.227901579762781,0.819792943043397,0.642252664376972
"7598","PAAF1","PAAF1",0.157785359540115,3.50860528614698,1.47599822924686,0.227728352893649,0.819733607682937,0.642582894994472
"10552","ST7-OT4","ST7-OT4",0.455702787109704,1.37776893313299,2.55976623987008,0.227634066294863,0.819639637431121,0.642762743609244
"11726","TXNDC12","TXNDC12",0.0557182988311139,6.76430453530935,1.47742471941354,0.227505699829995,0.819639637431121,0.643007718243327
"10870","TBPL1","TBPL1",0.103121141237336,5.57847915763728,1.48130099523393,0.226902011666433,0.818348567514218,0.644161653732699
"2972","ECHDC2","ECHDC2",0.099540590075026,5.12689351016696,1.48402595641102,0.226478796266323,0.817731540206793,0.644972451909833
"10871","TBRG1","TBRG1",0.0721128614980233,6.4411814439761,1.48544595405107,0.226258636572344,0.817391615776391,0.645394834248178
"2651","DGKB","DGKB",0.246462805661644,2.2650542721194,4.56163758339046,0.22622641495291,0.817391615776391,0.645456686773447
"7615","PAFAH1B2","PAFAH1B2",0.128013176407816,7.21264582843772,1.48595275020095,0.226180124837236,0.817391615776391,0.645545560563306
"3880","GATAD2A","GATAD2A",0.064606629534516,6.00483424015576,1.48595347802354,0.226180012108428,0.817391615776391,0.645545777016947
"6291","MAX","MAX",0.0514167962006239,7.34564732869208,1.49091122925531,0.225413715038639,0.816162401028125,0.647019663336975
"12584","ZNF319","ZNF319",0.126750341491832,3.83974798736553,1.49437257486458,0.224880582783054,0.816119976898984,0.648048041915306
"11198","TMEM184B","TMEM184B",0.133029883435695,4.71301714899035,1.49437987512672,0.224879459985105,0.816119976898984,0.648050210293584
"7661","PARP11","PARP11",0.126093239271927,4.9941196517923,1.49446223170194,0.224866793817199,0.816119976898984,0.64807467229536
"6150","MADD","MADD",0.0877087964944574,6.11289124472794,1.49484730266588,0.22480758269168,0.816119976898984,0.648189044234578
"9","AAK1","AAK1",0.0782731853264395,7.72491939521291,1.49643621765794,0.224563460763313,0.816119976898984,0.64866090737919
"7027","NCBP1","NCBP1",0.0824700159413322,6.33990536753699,1.49997665431901,0.224020663888068,0.816119976898984,0.6497119200647
"5618","LOC100288198","LOC100288198",0.273226248825385,2.10654323312891,2.46895779694562,0.223472624910053,0.815088137093,0.650775669752
"7981","PIK3CA","PIK3CA",0.131795547937006,5.52452001459219,1.50400148707018,0.223405537781735,0.815088137093,0.65090606578513
"12090","WAPL","WAPAL",0.0767529915537297,7.81830142771585,1.50993543265171,0.222502374082037,0.814481743500639,0.652665350771914
"7842","PEX26","PEX26",0.0982485078733794,4.60034502103562,1.5101379894216,0.222471622671857,0.814481743500639,0.652725377505479
"2413","CWC25","CWC25",0.117625684061496,4.9898249286241,1.51044634993642,0.222424818436426,0.814481743500639,0.652816755270614
"4190","GREB1L","GREB1L",0.383974638088682,1.63589146526336,4.57097542020612,0.22216724462148,0.814391690489667,0.653319971177168
"4404","HCST","HCST",0.104997121385293,7.27404727201513,1.51235414212803,0.22213551136501,0.814391690489667,0.65338200805637
"5187","KIF9-AS1","FLJ39534",0.278578700935421,2.02621217967849,3.06313814841671,0.222024369213338,0.814391690489667,0.65359935512573
"2195","COPS2","COPS2",0.114305110508529,6.89844984674681,1.51341849747153,0.221974305672117,0.814391690489667,0.653697293795454
"1489","CBX3","CBX3",0.0842241505529309,7.08300020277859,1.51503622780735,0.221729558325272,0.814391690489667,0.654176408094878
"3715","FMNL3","FMNL3",0.123006161560712,4.90073135750487,1.51571715934863,0.221626637699749,0.814391690489667,0.654378042180259
"6363","MDM4","MDM4",0.0931436394658232,8.59854722496044,1.51666524420322,0.221483434186769,0.814391690489667,0.654658751203083
"512","AP1B1","AP1B1",0.0899024247044412,5.63786765399546,1.51683207434796,0.221458246933112,0.814391690489667,0.654708142288889
"9142","RNF207","RNF207",0.210160302131679,2.61677549249293,1.70041219432591,0.221226784528617,0.814177326436807,0.655162292969651
"12736","ZNF577","ZNF577",0.179150402514004,3.08094539367926,1.51916908206923,0.221105781018977,0.813962910658113,0.655399902234405
"438","ANKK1","ANKK1",0.414941565396467,1.51239700376265,2.8697284239418,0.22100707023784,0.813962910658113,0.655593832576591
"12951","ZSCAN31","ZNF323",0.327223395469571,1.73826448968069,2.16662766124823,0.220878836389716,0.813820262562848,0.65584589426655
"12258","YIPF6","YIPF6",0.0964128508961164,4.75369608131116,1.52307281376847,0.220518538304712,0.812954531806489,0.656554894880876
"8731","RAB3GAP1","RAB3GAP1",0.074489579778184,6.0194471213009,1.52329263993998,0.220485525862257,0.812954531806489,0.656619915241387
"5826","LOC286367","LOC286367",0.473756258933201,1.38081457841334,2.3681427249796,0.220267515102181,0.812597094071537,0.657049547570689
"45","ABCF1","ABCF1",0.0844579449400246,5.60860534114818,1.52570623312047,0.220123457492687,0.812597094071537,0.657333674317165
"8638","PUM2","PUM2",0.0917368670911565,6.83244953051065,1.52635961895056,0.220025565576825,0.812597094071537,0.657526853978393
"2111","CNEP1R1","CNEP1R1",0.124666426548499,5.3208185514308,1.52640519264089,0.220018739578916,0.812597094071537,0.657540327590894
"7502","OFD1","OFD1",0.0836967180809078,7.17402251265107,1.52846568127262,0.219710388690052,0.812169940237216,0.658149407603402
"4398","HCG4","HCG4",0.434815009174135,1.45921215460351,2.04060411081215,0.219626201888157,0.812169940237216,0.658315848845693
"4826","ILRUN","C6orf106",0.0917322699891871,5.24962566591942,1.53028356300349,0.219438778200929,0.812169940237216,0.658686623477131
"2664","DHFR2","DHFRL1",0.183652866014107,2.99009164693382,2.02167041851752,0.219395745158029,0.812169940237216,0.658771799151041
"6843","MTOR","MTOR",0.0819841669892872,5.08177880284071,1.65288492926682,0.21934366952015,0.812169940237216,0.658874895255571
"536","AP5S1","C20orf29",0.135620571246419,4.1903527194022,1.53167070059719,0.219231798789325,0.812169940237216,0.659096452755468
"2427","CXorf40A","CXorf40A",0.145272176966355,3.40708384021782,1.7007361658801,0.219170117946262,0.812169940237216,0.659218658653461
"2117","CNN3","CNN3",0.33501599165153,1.86433925380143,1.53229622316373,0.219138539804807,0.812169940237216,0.659281236530325
"7423","NUDT16L1","NUDT16L1",0.0839369423721217,5.85704573673978,1.53366953366892,0.218933961698982,0.812169940237216,0.65968686413138
"2230","COX19","COX19",0.0822698782328157,5.86118792716101,1.53455658002139,0.218801943817865,0.812169940237216,0.659948824086219
"6206","MAP1S","MAP1S",0.131153876379834,4.40935436720547,1.53471484423907,0.218778399701282,0.812169940237216,0.659995558726266
"10068","SMAD4","SMAD4",0.0956338744562152,5.94534458753571,1.5355161774522,0.218659236712361,0.812169940237216,0.660232172247864
"11065","TIPIN","TIPIN",0.154684713081384,3.23383364927737,1.53553061447016,0.218657090562657,0.812169940237216,0.660236434887585
"10195","SNORA57","SNORA57",0.284758208935926,2.05523348577907,2.50441633953866,0.218163903219325,0.811643073534322,0.661217104936933
"2708","DIS3","DIS3",0.102911109233807,6.64213353893142,1.54180720628872,0.217726446049934,0.810957560897444,0.662088816360865
"4881","INTS5","INTS5",0.149903514245477,4.39092994211175,1.54296530972124,0.217555255234977,0.810785500190566,0.662430421486475
"8362","PPP4R3A","SMEK1",0.103234381378302,6.3663274110608,1.54314768759749,0.217528310974699,0.810785500190566,0.662484212272804
"7340","NR2C1","NR2C1",0.0827442383353377,5.90504657517753,1.54518830377807,0.21722710798055,0.810727063242713,0.66308597967359
"8903","RBM5-AS1","LUST",0.143667051870057,4.10189061543271,1.54687245246965,0.216978900572425,0.810544974222384,0.663582495692871
"8037","PKP2","PKP2",0.37563734159745,2.20108306739736,1.54809429777444,0.2167990412377,0.810295004891006,0.663942642733729
"10885","TCEAL3","TCEAL3",0.192803566006384,2.84433385053423,3.15982702468138,0.216737732762692,0.810295004891006,0.664065473986643
"2675","DHRS7","DHRS7",0.0909121482461316,7.12538635853125,1.55032439228574,0.216471228681837,0.80953624955015,0.664599817809703
"4440","HECW2","HECW2",0.445891867814318,1.39481963297157,1.73027340279697,0.216273859976667,0.809272087742706,0.664995968558702
"1584","CCDC93","CCDC93",0.0853207278783192,5.94978122147246,1.55207906162511,0.216213721962339,0.809272087742706,0.665116747092165
"11746","U2AF1","U2AF1",0.0858904756409304,6.63181420806967,1.55444914373176,0.215866487209591,0.80867338682357,0.665814775681795
"2314","CRTC2","CRTC2",0.112538661908605,5.69362637821091,1.55566187379078,0.215689073556611,0.808242158073342,0.66617185496358
"12104","WASL","WASL",0.0926074914663957,4.95864344668082,1.55593753103754,0.215648771443288,0.808242158073342,0.666253011698047
"11238","TMEM25","TMEM25",0.129671971484793,4.23798283064273,1.55668959842884,0.215538862612463,0.808242158073342,0.666474413222597
"1201","C12orf57","C12orf57",0.102083903476449,6.04156067473922,1.55672223707435,0.215534094257751,0.808242158073342,0.666484021202434
"1820","CELF1","CELF1",0.0824038645152965,7.29089030625364,1.56037368776647,0.215001437016093,0.807297725733655,0.667558637358469
"7883","PGM3","PGM3",0.123652523825353,4.2716956044057,1.56137251709165,0.214856008992448,0.80698523585959,0.667852495665121
"10780","TAF5L","TAF5L",0.19310574891784,2.84821290045346,1.56193013374304,0.214774872468678,0.80698523585959,0.668016530172385
"2757","DNAH7","DNAH7",0.422660886772784,1.53668734957469,3.59081313292781,0.21473297475659,0.80698523585959,0.668101259451906
"11425","TPM3","TPM3",0.0413641513474235,10.1254394663019,1.56274078654306,0.214656983588242,0.80698523585959,0.668254977743589
"3963","GID8","C20orf11",0.0731560237221522,5.34701443463108,1.56412020649684,0.214456561270343,0.806652644059193,0.668660662038975
"3890","GBF1","GBF1",0.101942731989723,5.79245780793667,1.56412775257062,0.214455465487041,0.806652644059193,0.668662881107743
"9179","RNU86","RNU86",0.353789182886578,1.71292852738291,4.18487477554984,0.214380210871684,0.806652644059193,0.668815306226848
"5553","LOC100131067","LOC100131067",0.19671343269667,3.34773058384385,1.56839668784237,0.213836643799903,0.805488612083666,0.669917870518918
"2592","DDX47","DDX47",0.11488857048892,6.45823278050975,1.56865017966314,0.213799965557522,0.805488612083666,0.669992369090661
"8079","PLEKHA4","PLEKHA4",0.477200663350564,1.38827056789051,2.62940948205344,0.21326322323637,0.80402900175688,0.671084031201255
"5192","KIN","KIN",0.0984619170864278,4.90862681396851,1.5726042777877,0.213228819296816,0.80402900175688,0.671154097883145
"1377","CACNG8","CACNG8",0.226680967002177,2.48739358894095,3.97888607522845,0.213200255116816,0.80402900175688,0.671212279965544
"10638","STT3A","STT3A",0.0952723219932066,6.19316685124884,1.57444984789407,0.212962866766645,0.803831035951027,0.671696115642152
"12397","ZFAND5","ZFAND5",0.0926466966374962,7.41393764580804,1.57487481823031,0.212901683786113,0.803831035951027,0.671820903821771
"9259","RPL6","RPL6",0.0654537955371429,10.734264209151,1.57708778042526,0.212583425481872,0.803831035951027,0.672470599184162
"5595","LOC100216546","LOC100216546",0.156198641378511,4.22053684384799,1.57842770133684,0.212391002460867,0.803831035951027,0.672863885257063
"7207","NID2","NID2",0.244750103366346,2.37887628106364,1.93881998740385,0.212223381319988,0.803831035951027,0.673206770204423
"12896","ZNF835","ZNF835",0.368687492451424,1.7021842491186,3.20686110200827,0.211957652749797,0.803831035951027,0.673750898572008
"12878","ZNF8","ZNF8",0.150445595958179,3.58105762140949,1.58541500838642,0.211390960977417,0.802964976885636,0.674913586950812
"1275","C1RL-AS1","MATL2963",0.181111793257939,3.16679859955114,1.58604436284397,0.211301164530306,0.802964976885636,0.675098109442281
"4558","HNRNPA1L2","HNRNPA1L2",0.0997338397366308,4.23362629610156,1.7048703145158,0.211180331605529,0.802964976885636,0.675346532506361
"8178","POF1B","POF1B",0.407461917906883,1.5889517957187,1.58696494321801,0.211169898513248,0.802964976885636,0.675367988795879
"8303","PPM1G","PPM1G",0.0691150750236175,6.70742894389767,1.5875607829553,0.211084989702186,0.802964976885636,0.675542648365895
"7473","NXF1","NXF1",0.073087001089997,6.89480596176556,1.58900314197209,0.210879619460677,0.802964976885636,0.675965390784288
"10902","TCIRG1","TCIRG1",0.0901507017490432,7.12324722708116,1.58900815690899,0.210878905828257,0.802964976885636,0.675966860471815
"8324","PPP1R16B","PPP1R16B",0.189768255082304,6.87926345856422,1.5890778258992,0.210868992135445,0.802964976885636,0.675987277702607
"2898","DTX3L","DTX3L",0.133257925545858,6.39762665469307,1.58924748043718,0.210844853136151,0.802964976885636,0.676036995938425
"3215","EPS15","EPS15",0.0796332507326294,7.25528813934096,1.58928509057233,0.210839502293715,0.802964976885636,0.67604801764845
"4149","GPR19","GPR19",0.286175629349515,2.07155765955991,2.62587149439216,0.210381737441147,0.802964976885636,0.676991962582804
"3981","GIT2","GIT2",0.0608924695983271,7.43869052552737,1.59294469555439,0.21031962537263,0.802964976885636,0.677120200478835
"12351","ZC4H2","ZC4H2",0.141643630817215,3.86653756402579,1.59379318058489,0.210199311206969,0.802964976885636,0.677368711426247
"4871","INSYN2B","FAM196B",0.25526876393826,2.27657854075826,2.26361014395249,0.21016562582676,0.802964976885636,0.677438314637592
"2562","DDIAS","C11orf82",0.407605609030117,1.55989980557834,1.7103095968891,0.209935553076203,0.802964976885636,0.677914006404292
"4452","HERC2P2","HERC2P2",0.203893373975632,3.0909221152181,1.59582353764807,0.209911744549927,0.802964976885636,0.677963261986756
"3943","GFOD2","GFOD2",0.133667599575247,4.18447793694318,1.60138093069937,0.209127044888368,0.801715470844206,0.679589799385713
"5033","KANSL3","KANSL3",0.110281288936575,5.37737313414502,1.60227674927031,0.209000885883498,0.801468664666456,0.679851873058805
"5484","LMBR1L","LMBR1L",0.0961326569051243,5.66435924858345,1.60344714246139,0.208836195898171,0.801310845722263,0.680194226376281
"2335","CSGALNACT2","CSGALNACT2",0.115621699267925,6.32713249906379,1.60562170178121,0.20853061965618,0.800848942806284,0.680830166247226
"2490","DAGLB","DAGLB",0.126712109386756,4.04329842804611,1.60612967605014,0.208459314770261,0.800848942806284,0.680978694143143
"614","ARHGAP17","ARHGAP17",0.0826856870636908,4.97212440349061,1.60658498540978,0.208395427376558,0.800848942806284,0.681111814580361
"4410","HDAC4","HDAC4",0.110531187772216,4.64204747622718,1.60735375570275,0.208287609570481,0.800848942806284,0.681336564210766
"4259","GTF3C2","GTF3C2",0.0788063892766434,5.92023872891867,1.60825418747919,0.208161411710444,0.800848942806284,0.681599775471301
"7993","PIKFYVE","PIKFYVE",0.101650679685296,6.02429761301906,1.6094990585242,0.207987090823364,0.800848942806284,0.681963619643786
"1385","CALHM2","CALHM2",0.176738530363534,4.70930733093408,1.61153652510602,0.207702159425258,0.800848942806284,0.682558988194808
"6261","MAPT","MAPT",0.335132622489293,1.83450148860952,3.06587515141026,0.20764884713384,0.800848942806284,0.682670475749872
"483","ANKS3","ANKS3",0.180352421201738,3.16474508561715,2.05872380915947,0.207635352612836,0.800848942806284,0.682698700257396
"7908","PHF2","PHF2",0.126578804864275,3.89632477987589,1.61619805644752,0.207052021805726,0.799906455892103,0.683920524375401
"5673","LOC100506046","LOC100506046",0.315194142007363,1.89901098463523,2.16310176429699,0.207047753938991,0.799906455892103,0.683929476377219
"2095","CMC2","CMC2",0.12512535763719,5.59729163360717,1.61648264896617,0.207012409138031,0.799906455892103,0.684003620443356
"5511","LOC100128288","LOC100128288",0.292839181426726,2.03834146945476,4.157008761574,0.206688658452577,0.799739171499266,0.684683353593317
"1391","CALR","CALR",0.075732346119225,8.12094041347697,1.62305940978203,0.206099509134886,0.799560087322632,0.685923042574324
"1065","BLOC1S2","BLOC1S2",0.0848737867620474,6.68572819406378,1.62370230185568,0.206010530266065,0.79951534594232,0.686110580021321
"686","ARL8B","ARL8B",0.0909190652284443,6.92097893704208,1.625002043432,0.205830781243792,0.79923457799333,0.686489677558532
"6673","MROH1","HEATR7A",0.107120298545798,4.70453839786727,1.62623203498922,0.20566085129516,0.799053076924861,0.686848370845882
"9980","SLC39A1","SLC39A1",0.148152327330206,4.4554823134676,1.62809539500901,0.205403737937465,0.798771790246622,0.687391657375335
"7185","NFKBIZ","NFKBIZ",0.134327035174627,8.06268465470447,1.63054720388873,0.205066014170994,0.798655479387664,0.688106309797488
"1559","CCDC58","CCDC58",0.148475335167624,4.31249002040669,1.6343954963349,0.20453727108989,0.797553957874705,0.689227542650242
"10860","TBCE","TBCE",0.171170391851251,3.47609559708583,1.63477764190732,0.204484854583895,0.797553957874705,0.689338853007361
"4791","IL17RB","IL17RB",0.343040990801782,3.32464010830802,1.6356192546711,0.204369472498811,0.797530264847973,0.689583976029784
"10284","SNPH","SNPH",0.180696231663595,3.87999419795249,1.63605816167797,0.204309330820012,0.797530264847973,0.689711798658269
"415","ANAPC1","ANAPC1",0.0846607473909956,5.14220794044651,1.68565939508489,0.203997695881257,0.796647233193123,0.690374737827565
"471","ANKRD40","ANKRD40",0.123474031055987,5.23821073448751,1.64010459411504,0.203755860131588,0.796182160688884,0.690889891858104
"5137","KIAA0355","KIAA0355",0.0774017093306626,5.97000231601226,1.64182092400591,0.203521642193448,0.796182160688884,0.691389401743771
"1068","BLOC1S6","PLDN",0.0644707548644902,6.25826686861793,1.64188629817024,0.203512727311221,0.796182160688884,0.691408425612263
"6932","MYSM1","MYSM1",0.102752357168169,5.52412872046365,1.64264648467047,0.203409097177689,0.796182160688884,0.691629627786323
"7646","PAPSS2","PAPSS2",0.230026328074053,2.56891630445117,1.89789727492527,0.203117557151549,0.796182160688884,0.69225253526343
"3369","FAM104A","FAM104A",0.0909474456294107,6.74864379910247,1.6448762078761,0.203105500438273,0.796182160688884,0.692278315011523
"7214","NIP7","NIP7",0.0772585762711044,5.97695400498263,1.64725236203087,0.202782561537949,0.795975240796314,0.692969395263129
"7532","ORC1","ORC1",0.318601103967541,1.89265933507033,2.95798308928769,0.202662330369897,0.79591343364321,0.693226967798439
"3179","ENTPD4","ENTPD4",0.0674287966675298,6.6202535776932,1.64821638388373,0.202651717970773,0.79591343364321,0.693249710194856
"9993","SLC40A1","SLC40A1",0.242119558804258,6.6979277447735,1.64946935714997,0.202481806636291,0.79591343364321,0.693613992856363
"276","AGO3","EIF2C3",0.105324192555002,5.08970798294074,1.65103705088702,0.202269456694533,0.79591343364321,0.694069692070939
"2583","DDX28","DDX28",0.100140824439299,5.412207514529,1.65388351275066,0.201884572163486,0.795318723487885,0.694896868180045
"11829","UBR3","UBR3",0.129884318728767,5.20944217461649,1.65485655239086,0.201753203102285,0.795062060706543,0.695179561544656
"10218","SNORD11","SNORD11",0.184753885775929,3.07569743958351,1.65770381260003,0.201369383127919,0.794468395715611,0.696006560343409
"10873","TBX19","TBX19",0.247449610574011,2.35981969228103,2.16360651491257,0.201329346070943,0.794468395715611,0.696092917074695
"2850","DPM1","DPM1",0.104433648371382,6.43635246416278,1.65821630470149,0.201300390085165,0.794468395715611,0.696155383523314
"2228","COX17","COX17",0.0857836729113022,5.45201276894092,1.65832194004604,0.20128617268169,0.794468395715611,0.696186057869901
"7518","OLMALINC","LINC00263",0.347791254504598,1.79845066416961,2.6965504667879,0.201267842157731,0.794468395715611,0.696225609557962
"7909","PHF20","PHF20",0.102912205448656,6.55947684239309,1.65889485246449,0.201209085576949,0.794468395715611,0.696352412647691
"9551","SDF2","SDF2",0.0829551074322887,5.25491403873929,1.66041186735412,0.201005136660465,0.794468395715611,0.696792844097965
"10683","SUMO1P3","SUMO1P3",0.2370332031004,3.70479728401086,1.6609140972296,0.200937670743224,0.794468395715611,0.696938636361488
"1671","CD320","CD320",0.113956657841253,4.90229879494024,1.66211469869305,0.200776500084032,0.794468395715611,0.697287120616069
"12082","VTRNA1-1","VTRNA1-1",0.421926454685297,1.55160438824856,4.44697538320666,0.200709992492663,0.794468395715611,0.697431005308254
"5740","LOC100507634","LOC100507634",0.295818076839324,2.0419586897386,5.01755388201272,0.200511727066892,0.794468395715611,0.697860222288171
"12678","ZNF496","ZNF496",0.22442027174374,2.58587447511486,2.91447218044051,0.200387224264631,0.794468395715611,0.698129970470659
"6751","MRPS5","MRPS5",0.0778305425782553,5.92078033570643,1.67011273710644,0.199706755495968,0.793070479215613,0.699607243967562
"6430","METTL21A","METTL21A",0.104575481764543,5.98158882491226,1.67081538840146,0.19961310031393,0.793070479215613,0.699810960005793
"10504","SRSF10","SRSF10",0.0767879257811437,7.90786405361778,1.67095504105448,0.19959449248721,0.793070479215613,0.699851446592805
"11137","TMEM106A","TMEM106A",0.183785797268267,3.07268416781936,2.04661517655759,0.199543382342951,0.793070479215613,0.699962670584022
"5284","KRR1","KRR1",0.100378490573353,6.67707215692431,1.67174797605122,0.199488878123216,0.793070479215613,0.700081312029157
"2678","DHX15","DHX15",0.0961586835399287,7.09126935846252,1.67245531219939,0.199394721218378,0.793070479215613,0.70028634339686
"231","ADPGK","ADPGK",0.0684559293803064,6.4634462844801,1.67304023084973,0.199316899885242,0.793070479215613,0.700455876333426
"10411","SPDYE6","SPDYE6",0.466854986860982,1.44057466352271,3.96421580195654,0.199306915387877,0.793070479215613,0.700477632244364
"4900","IPPK","IPPK",0.144446865414995,3.48464890158249,2.09383837103342,0.199236605243273,0.793070479215613,0.700630866742276
"1105","BRAF","BRAF",0.134668813224468,4.76227816082294,1.6739114371137,0.199201056079272,0.793070479215613,0.700708363461594
"3746","FOXN2","FOXN2",0.0888220444353519,6.66421375848987,1.67681824046012,0.198815119820882,0.793070479215613,0.701550590738093
"7116","NEB","NEB",0.264223558642568,2.41669456154782,1.67759612857043,0.198711990699765,0.793070479215613,0.701775925856347
"1184","C11orf54","C11orf54",0.138909535928263,4.16432486156182,1.67811013583933,0.198643880736986,0.793070479215613,0.701924808927739
"10283","SNORD99","SNORD99",0.259272651407277,2.36804990489166,1.68072395343028,0.198297959297898,0.793070479215613,0.702681755135204
"1078","BMP8B","BMP8B",0.440331954725625,1.52408137493686,3.54313971832807,0.19782092088333,0.793070479215613,0.703727780768534
"9360","RRP8","RRP8",0.114088409848222,4.41711713315107,1.68638969630974,0.197550594098148,0.793070479215613,0.704321659917441
"12670","ZNF484","ZNF484",0.144534208466245,4.4441478750185,1.68761369508625,0.197389577562141,0.792797210437664,0.704675782399656
"2942","DYRK1A","DYRK1A",0.137816011464628,5.99898786444646,1.6925747414114,0.196738550322747,0.79042713327253,0.706110533054498
"12641","ZNF430","ZNF430",0.0907274233685828,7.1539028899406,1.6942491617191,0.196519396304337,0.790104503408397,0.706594578661467
"7989","PIK3R3","PIK3R3",0.359447522244072,1.81132970856747,1.93366106280778,0.196407385547823,0.790104503408397,0.706842185376165
"5340","LARS2","LARS2",0.122133886024306,4.14248272792816,1.69962189521794,0.195818150612391,0.789173304720271,0.708147055405891
"1966","CHN1","CHN1",0.213980273865072,4.52641364236132,1.70002766219524,0.195765311028568,0.789173304720271,0.708264261274208
"6381","MED15","MED15",0.0950200725240422,6.59680674919726,1.70231104026104,0.195468281755241,0.789173304720271,0.708923704642742
"7296","NOP10","NOP10",0.10628335577107,5.54727931483813,1.70381526498064,0.19527289974896,0.789173304720271,0.709358024536725
"3858","GALNT7","GALNT7",0.144737160626552,4.68558320292069,1.70409079690304,0.195237136364053,0.789173304720271,0.709437570972546
"871","ATP6V1F","ATP6V1F",0.0621474824144589,6.59186350502576,1.7055403000853,0.195049122350906,0.788769409058074,0.709855999512744
"11051","TIMM23","TIMM23",0.129481177989658,6.48947805002369,1.70681590209442,0.194883842749153,0.788346770185459,0.710224165478361
"4901","IPW","IPW",0.235950999653544,2.47104671414048,1.91530444947604,0.19479029069726,0.788214111420947,0.710432694283336
"2505","DBF4B","DBF4B",0.346232048415851,1.87150918230035,2.33546530049918,0.194544164746464,0.78774810294245,0.710981791107564
"12297","ZBTB17","ZBTB17",0.107941222091603,4.54948817973473,1.70970354857283,0.194510304531778,0.78774810294245,0.711057386200759
"12852","ZNF767P","ZNF767",0.149165588115648,4.01343284994326,1.71345503292996,0.194026290800165,0.786840597233679,0.712139418647978
"2699","DIDO1","DIDO1",0.0815711000875988,6.63809904611437,1.71536321903508,0.193780646379424,0.786090158061373,0.712689599784404
"1816","CEBPG","CEBPG",0.112908099965441,5.37457891630901,1.71677297901784,0.193599402227052,0.785600577132168,0.71309598798782
"1501","CCAR1","CCAR1",0.0687220349798753,7.02677868574977,1.71774009505798,0.193475182345907,0.785365853586471,0.713374735355516
"10499","SRRD","SRRD",0.145106920361083,3.61705014714929,1.71873925940396,0.193346945321799,0.785313062510862,0.713662684932351
"12699","ZNF527","ZNF527",0.140028047282292,3.69563416996896,1.72095890235401,0.193097580783662,0.785283672572554,0.714223167229863
"4906","IQCH","IQCH",0.378060574515162,1.69787674058837,3.28511947965828,0.192775189545528,0.784514606955185,0.714948861184345
"1959","CHMP2B","CHMP2B",0.097455023568636,6.43620333719714,1.72608358867239,0.192407428883661,0.783951499656951,0.715778163790434
"8161","PNN","PNN",0.082990316791872,7.5565210755858,1.72762802475172,0.192210547458558,0.78339536040838,0.716222784319057
"4269","GTPBP8","GTPBP8",0.10828555338189,4.61103663788935,1.72781032749435,0.192187323646296,0.78339536040838,0.716275261058834
"5733","LOC100507495","LOC100507495",0.186114310114358,2.9747194000331,2.99803458883999,0.191702880622075,0.783224976434139,0.71737136114973
"5737","LOC100507577","LOC100507577",0.153503094082448,4.60764604485521,1.7340721039208,0.191391640782026,0.782516153755192,0.718077034383197
"5978","LONRF1","LONRF1",0.202310833138289,2.92368544292592,1.73474422166606,0.191306466944668,0.782516153755192,0.718270348786541
"384","ALOX12","ALOX12",0.253288394254176,2.36370947911754,4.13480592845164,0.190886858768953,0.781437430990732,0.71922396872825
"5937","LOC728190","LOC728190",0.114938459433542,4.20549351521773,1.73923861152412,0.190738069060622,0.781437430990732,0.719562618265291
"11968","USP8","USP8",0.0953476822475982,6.74084262589062,1.73945908955528,0.190710237046645,0.781437430990732,0.719625994035577
"920","B3GALNT1","B3GALNT1",0.484626210458836,1.40051852855593,2.07055775702826,0.190694553902257,0.781437430990732,0.719661709911372
"10365","SP1","SP1",0.103812722918236,5.63001373068597,1.73973586082742,0.190675305665931,0.781437430990732,0.719705548734078
"2003","CIDECP1","CIDECP",0.158229429457028,3.41371177960899,1.73990925549901,0.190653425332761,0.781437430990732,0.719755387664094
"10199","SNORA63","SNORA63",0.212464142262142,2.68484280400439,2.56572203459053,0.190375963373016,0.781437430990732,0.720387885959112
"7746","PDCD11","PDCD11",0.124777909828405,4.99111408997523,1.74243038772075,0.190335623992296,0.781437430990732,0.720479919777346
"9604","SELENOM","SELM",0.11136306395945,5.2802801161938,1.74317222325822,0.190242231276189,0.781437430990732,0.720693069026614
"7677","PARVG","PARVG",0.119166135609421,6.12729015894266,1.74344614809721,0.190207759460527,0.781437430990732,0.720771770142287
"7670","PARP8","PARP8",0.0844909978862326,8.00515904883395,1.74391224600716,0.190149120785113,0.781437430990732,0.720905678346306
"2083","CLTA","CLTA",0.0709177190458146,6.00950321988893,1.74411500791755,0.190123618463439,0.781437430990732,0.720963928735841
"5324","LAMTOR3","LAMTOR3",0.0940066196960094,6.08112556473952,1.74420604839194,0.190112169189722,0.781437430990732,0.720990082804239
"2281","CRCP","CRCP",0.072591399402424,5.81980984577984,1.74446571294396,0.190079518188086,0.781437430990732,0.721064677543392
"3920","GDF10","GDF10",0.522833025008347,1.35940729895647,1.9235049381893,0.190000509952053,0.781437430990732,0.721245233420511
"4009","GLRX3","GLRX3",0.0775411509044059,6.39260348010237,1.74613980767367,0.189869171631218,0.781437430990732,0.721545544358915
"9036","RHOBTB3","RHOBTB3",0.279042797818835,2.18343109738903,3.83247419947294,0.189627020457694,0.781437430990732,0.72209977881456
"8318","PPP1R13B","PPP1R13B",0.210956957499627,2.7819314736026,2.10102796400568,0.189462281895754,0.781437430990732,0.722477236329011
"918","AZIN2","ADC",0.235869367694741,2.58075682824685,1.9358432257506,0.189442829611907,0.781437430990732,0.722521828071302
"12159","WDR76","WDR76",0.107271340602224,4.5764029431499,1.75109198674764,0.189248550025235,0.781437430990732,0.722967439270172
"6842","MTO1","MTO1",0.082198692201468,5.77086860420674,1.75230336586137,0.189097101703906,0.781437430990732,0.723315127546535
"395","AMD1","AMD1",0.0815925373130987,7.30648486403738,1.75278054270661,0.189037483713705,0.781437430990732,0.723452072250243
"4277","GUSBP1","GUSBP1",0.123416036409013,4.1425557984972,1.75537716420419,0.188713453507037,0.78091854301333,0.72419713759026
"9624","SENP2","SENP2",0.0994573914562947,4.92301414418332,1.75824841209205,0.188355916648329,0.77993658049115,0.725020733159877
"12812","ZNF692","ZNF692",0.166693464369591,4.18553956512505,1.75880414333253,0.188286807701208,0.77993658049115,0.725180107722459
"9865","SLC22A17","SLC22A17",0.208500597954142,3.06192664189876,1.76006533365476,0.188130081213975,0.77993658049115,0.725541757024131
"12348","ZC3HAV1","ZC3HAV1",0.0735220208684795,8.99895759502598,1.76192652125731,0.187899075201807,0.779787172934433,0.726075357396763
"5910","LOC643733","LOC643733",0.115168341579781,4.76814274228048,1.76258612433436,0.187817287296691,0.77969717379199,0.7262644363935
"4993","JADE1","PHF17",0.0782611538195498,6.51957860281827,1.76300651725938,0.187765182340196,0.77969717379199,0.726384936667393
"8501","PRUNE1","PRUNE",0.110227806935759,5.23227889785213,1.7633708501259,0.187720039466422,0.77969717379199,0.726489363153089
"9486","SBNO1","SBNO1",0.0781709988280216,7.62382463814712,1.76609618594861,0.187382761266587,0.779389728089591,0.727270365588922
"6171","MAK","MAK",0.265193672014232,2.29026969679838,3.70805367928611,0.187365872779047,0.779389728089591,0.727309509571235
"10060","SLMAP","SLMAP",0.0971320502151562,5.61092661519456,1.76718717759695,0.187247944415193,0.779328708019988,0.727582941233509
"2822","DOCK2","DOCK2",0.0616897109103603,7.60853640227104,1.76854034037692,0.187080889369766,0.779328708019988,0.727970574152332
"7732","PCNX3","PCNXL3",0.12846512455884,4.0311755047005,1.81147996911912,0.186918368505405,0.779206939145442,0.728348018318558
"10101","SMG5","SMG5",0.101275618018586,5.52578323482663,1.77015498700723,0.186881782859818,0.779206939145442,0.728433031360891
"4386","HBP1","HBP1",0.100184239936795,7.35407023183455,1.77036399124846,0.186856028254864,0.779206939145442,0.728492886598976
"11138","TMEM106B","TMEM106B",0.118033281697806,6.53912503989065,1.77208435052503,0.186644195531033,0.779206939145442,0.728985511700925
"5703","LOC100506810","LOC100506810",0.475260547418509,1.42389442319071,3.11012953224372,0.186635082947331,0.779206939145442,0.729006715904033
"5940","LOC728407","LOC728407",0.301828883811175,2.09988462731074,3.51626525046202,0.186631658357454,0.779206939145442,0.729014684899509
"1519","CCDC130","CCDC130",0.0956606415069434,5.24653184348121,1.77311979367565,0.186516835048975,0.779206939145442,0.72928196257433
"8119","PLPP5","PPAPDC1B",0.0973181698251142,5.118939021187,1.77472938704684,0.186319057026673,0.779206939145442,0.729742722461508
"3239","ERG28","C14orf1",0.0918018471126561,5.42249036387335,1.77732302570735,0.186000885034903,0.778604125517199,0.73048498930434
"1907","CFB","CFB",0.439740828392592,1.46813576996262,2.87471951604936,0.185969385620572,0.778604125517199,0.730558543687253
"741","ASB3","ASB3",0.192198642096537,2.94229153934172,3.54786560366359,0.185682074425394,0.778556416134657,0.731230020621564
"1486","CBWD2","CBWD2",0.141227080679596,3.65918075244265,2.60490340852404,0.185600493971754,0.778556416134657,0.731420872250123
"10693","SUPT4H1","SUPT4H1",0.0675720556372183,6.17829820658995,1.78184176011919,0.185448082855863,0.778556416134657,0.731777652006028
"9206","RPIA","RPIA",0.0967658663191884,5.44322743230437,1.78333201397383,0.185266196543532,0.778556416134657,0.732203814322978
"9554","SDHA","SDHA",0.0817182405346299,7.20783782932599,1.78432035702281,0.185145684670269,0.778556416134657,0.732486405924722
"2202","COPS8","COPS8",0.0829921489541077,6.43079441460562,1.78462842991099,0.185108139229987,0.778556416134657,0.732574484839988
"9277","RPP38-DT","C10orf111",0.387179060852686,1.68034044087707,2.54556978197929,0.184563695335697,0.778285100394775,0.733853722952528
"4120","GPC3","GPC3",0.417711165514286,1.76271575082131,1.79361389557803,0.184016998615149,0.777100430675237,0.735142057078654
"4545","HMGN1","HMGN1",0.0591855816118578,8.32913442455644,1.79416489532477,0.183950335378195,0.777100430675237,0.735299416026566
"10134","SMYD5","SMYD5",0.112684680891894,4.53275633500186,1.79537987477601,0.183803440353601,0.777100430675237,0.735646363936842
"10088","SMC1A","SMC1A",0.121231271905881,6.18895853955452,1.79594109364845,0.183735633767351,0.777100430675237,0.735806608268139
"2689","DHX40","DHX40",0.130914286717223,5.49845288305332,1.79661116273537,0.18365471443543,0.777100430675237,0.735997918791527
"7174","NFE2L3","NFE2L3",0.184835604609906,3.46644924688249,1.79698288395184,0.183609842478869,0.777100430675237,0.736104041981781
"7337","NR1D2","NR1D2",0.140951288283823,6.94963047541483,1.80329529054941,0.182849812841091,0.776468288702938,0.737905479854911
"4833","IMPA1","IMPA1",0.115569219511082,5.17289233241436,1.80359597772401,0.182813701802609,0.776468288702938,0.73799125721126
"11436","TPRKB","TPRKB",0.104512402841742,5.21889756524623,1.80402997120941,0.182761596127975,0.776468288702938,0.738115057737448
"3402","FAM153B","FAM153B",0.341305761307952,1.85531494483851,3.10379031320661,0.182699979182369,0.776468288702938,0.738261502132862
"9602","SELENOI","EPT1",0.123147793065084,5.32559651119689,1.80591350623147,0.182535659422185,0.776468288702938,0.738652280919968
"2416","CWF19L2","CWF19L2",0.106957641529886,6.17476256826029,1.80674186449223,0.182436398922356,0.776468288702938,0.738888508803303
"10173","SNORA19","SNORA19",0.315921371388177,2.0093804343145,4.24475433321677,0.182309048443929,0.77645938459064,0.739191775712844
"11127","TMED2","TMED2",0.0763747683287287,8.38476313655637,1.80835722716792,0.182243015785698,0.776433052147079,0.739349106433049
"583","AQR","AQR",0.0774954806900169,6.67686167845809,1.81090149766699,0.18193891698069,0.775646917512485,0.74007439482207
"8657","PXK","PXK",0.10520960422917,4.87585200908813,1.81114560412473,0.181909772022847,0.775646917512485,0.740143970416411
"2390","CTSL","CTSL1",0.285616005484176,3.74170925723206,1.81243080745431,0.181756416347204,0.775456651258039,0.74051024877705
"460","ANKRD30BL","ANKRD30BL",0.24028607852012,2.89246139421001,1.81409914572893,0.181557570049246,0.775039932954548,0.74098563844993
"2981","ECT2L","ECT2L",0.299575333386338,2.11002746775461,2.51946537029162,0.181422888774438,0.774719926290581,0.741307922119627
"1242","C19orf38","C19orf38",0.51305161144221,1.38111955433231,3.05644649114514,0.18137826080358,0.774719926290581,0.741414766773248
"10386","SPAST","SPAST",0.100947033270338,5.03417836062702,1.81602600457012,0.181328229197117,0.774719926290581,0.741534579632099
"6011","LRP1","LRP1",0.283265742846609,2.13646558539782,2.43274236547773,0.18127674735305,0.774719926290581,0.741657899952518
"9141","RNF20","RNF20",0.111127482739219,5.40451463594775,1.81671061518609,0.181246826639907,0.774719926290581,0.741729588535408
"11865","UHMK1","UHMK1",0.0888831042122383,7.99562689333893,1.81742588857812,0.181161824031879,0.774719926290581,0.741933315263358
"1999","CIART","C1orf51",0.370328701594798,1.68709395015095,2.65001833557137,0.181088420748582,0.774719926290581,0.742109318685219
"227","ADNP2","ADNP2",0.17463666344956,4.6869996465228,1.81819916500271,0.181069981062993,0.774719926290581,0.742153543829058
"3672","FKSG29","FKSG29",0.502921773464386,1.41484965372073,3.26446157654412,0.181047218668309,0.774719926290581,0.742208142629813
"9385","RTL10","C22orf29",0.105462124884871,4.74162980445346,1.81915048916267,0.180957066179093,0.774719926290581,0.742424453491561
"11850","UCKL1-AS1","UCKL1-AS1",0.298964722329171,2.08980538175507,3.33666167235568,0.180757908914783,0.774719926290581,0.74290269141709
"9250","RPL36AL","RPL36AL",0.0787651802491678,8.72177258951623,1.82272355448221,0.180533708729832,0.774719926290581,0.743441695982429
"7995","PILRB","PILRB",0.132304987983042,5.50783669305866,1.82651964939632,0.180085199077029,0.774440934189479,0.744521979703055
"9079","RLIM","RLIM",0.0964911524518637,6.96659291826569,1.82723383779319,0.180000963796827,0.774440934189479,0.744725169504899
"10454","SPRYD7","SPRYD7",0.163470069511067,3.41410212489168,2.30402701366132,0.179790144980783,0.77437501687772,0.745234117373449
"3255","ERN1","ERN1",0.138796798346025,5.67742371706634,1.83257901981553,0.179371989910586,0.77385860495844,0.746245373872825
"11708","TUT4","ZCCHC11",0.109805902813935,6.82892545607297,1.83260585791348,0.179368838353175,0.77385860495844,0.746253004473444
"6377","MED12","MED12",0.119968770385391,5.1780384766279,1.83288652888076,0.179335883476306,0.77385860495844,0.746332803374016
"744","ASB8","ASB8",0.0742861567404381,6.57121475436059,1.83450662972615,0.179145798717762,0.77385860495844,0.746793372343463
"7300","NOP2","NOP2",0.113594300021607,5.45551136296505,1.83476281056787,0.179115762930832,0.77385860495844,0.746866192751512
"6475","MGC12916","MGC12916",0.183348411112324,3.13811743403961,1.83524431678835,0.179059324973455,0.77385860495844,0.747003057064465
"7926","PHLDB2","PHLDB2",0.187736698082079,3.15744251973089,1.83577448513966,0.178997207392051,0.77385860495844,0.747153744571408
"9963","SLC35F5","SLC35F5",0.15738664037429,3.53652657324635,2.01139480449269,0.178815580288134,0.77385860495844,0.747594643602892
"1464","CASTOR3","GATS",0.17178115055703,3.28025217392476,2.5179042364252,0.17878659102152,0.77385860495844,0.747665056366361
"8175","POC5","POC5",0.118717652282743,4.50549104860495,1.84002721671208,0.178499846230046,0.77385860495844,0.748362153677677
"5023","JUN","JUN",0.217095381428246,8.74089009321029,1.84136581077276,0.178343631763648,0.77379663373572,0.74874239369476
"1510","CCDC117","CCDC117",0.129351507108041,4.6459081622498,1.84201882593641,0.178267482800237,0.77379663373572,0.748927867864038
"5729","LOC100507392","LOC100507392",0.477669242871638,1.51033942277554,4.17715204085425,0.177757533981534,0.773199283320577,0.750171983299928
"180","ADAM23","ADAM23",0.30988172296636,2.78280094206587,1.84657616725984,0.177737105006358,0.773199283320577,0.75022189792719
"11175","TMEM159","TMEM159",0.103992578888852,4.65550937753249,1.84778611787401,0.17759660324692,0.773141185879963,0.750565344893152
"7146","NELFCD","TH1L",0.0839808589265376,6.22729523367623,1.84917531596186,0.177435447384639,0.772958381101722,0.750959614122632
"322","AKAP6","AKAP6",0.350785830608055,1.8993758701345,1.84947734562381,0.177400432690143,0.772958381101722,0.751045325233084
"11082","TLE4","TLE4",0.106943430471702,5.86771228514474,1.84957084466519,0.177389594864665,0.772958381101722,0.751071858153611
"2106","CMTR1","FTSJD2",0.0910563071718275,5.74945931619006,1.84964209041372,0.177381337022765,0.772958381101722,0.751092075904549
"6421","METAP2","METAP2",0.0966229373175744,6.51490479065144,1.85004109650017,0.177335097965875,0.772958381101722,0.75120530080979
"3217","EPS8","EPS8",0.306802977192949,2.18434088806985,1.8504999422336,0.177281941810454,0.772958381101722,0.751335499996867
"6845","MTR","MTR",0.100146255833548,6.65063271411463,1.8514708347903,0.177169527801156,0.772958381101722,0.751610972323824
"9113","RNF125","RNF125",0.121521494046729,7.47357028067299,1.85192956667775,0.177116442946848,0.772958381101722,0.751741118371789
"5180","KIF3A","KIF3A",0.0908496716256663,5.90790705047634,1.852222874076,0.177082510922869,0.772958381101722,0.751824328616529
"5594","LOC100190986","LOC100190986",0.173164174938187,7.19215629863636,1.85599945757518,0.17664628649571,0.772633942922741,0.752895487984999
"4254","GTF2I","GTF2I",0.10328973766588,4.72486376249652,2.08275083164709,0.17662034256786,0.772633942922741,0.752959277224047
"5579","LOC100132781","LOC100132781",0.271924143390061,2.41676157347262,1.88078017877335,0.176510697228916,0.772633942922741,0.753228969558245
"8338","PPP1R8","PPP1R8",0.120551371552148,5.04224493886972,1.8572458925237,0.176502589945319,0.772633942922741,0.753248917524272
"8099","PLEKHM2","PLEKHM2",0.159911207429345,3.93673738194131,1.85744252788564,0.176479933133203,0.772633942922741,0.753304669454466
"9586","SEC31A","SEC31A",0.0705512648391752,7.34354207793104,1.85992291941045,0.17619442843868,0.772480675949646,0.754007828821779
"12000","VAPA","VAPA",0.0853288352933677,7.93184325702008,1.86006360013911,0.176178251635787,0.772480675949646,0.75404770419597
"8410","PRIM2","PRIM2",0.155861242158807,3.86443265251189,1.86091389411513,0.17608051377753,0.772480675949646,0.754288703244231
"11775","UBE2B","UBE2B",0.148760174373906,7.7787362954968,1.86293848951841,0.175848050035756,0.772354679148371,0.754862443175338
"8747","RAB8B","RAB8B",0.157013163304718,6.85192702659389,1.86479314608662,0.175635413771675,0.77185576655147,0.75538791180711
"11140","TMEM107","TMEM107",0.160339510587874,5.22242757944511,1.86522881947224,0.175585507488998,0.77185576655147,0.755511332833666
"584","ARAF","ARAF",0.0942925606756158,5.94586001421727,1.86587021897534,0.175512065516905,0.771836618966378,0.755693022746313
"5820","LOC285740","LOC285740",0.156645875833401,3.92119032126048,1.87092477916168,0.174934560393494,0.770861682941885,0.757124382028196
"1374","CACNB1","CACNB1",0.219636565138051,2.75825473609178,2.54718652271504,0.174669570116123,0.770482262195329,0.757782748604654
"7741","PCYT1A","PCYT1A",0.11051712256352,4.40567885342675,1.87519707300583,0.1744481648769,0.769767361546945,0.758333594791554
"5269","KPNA2","KPNA2",0.250536988348263,5.5224640122583,1.87587965503773,0.174370600300111,0.769686899521381,0.758526737314885
"5797","LOC283624","LOC283624",0.172152244479931,4.80155377826132,1.87766119805692,0.174168346143919,0.769055804807714,0.759030772084782
"6063","LRRFIP2","LRRFIP2",0.100024621407128,4.95981201664894,1.87848334092331,0.174075102774462,0.768905791042931,0.759263339743545
"4174","GPX2","GPX2",0.415603357054413,1.6125599464318,4.08286544241214,0.17406979113569,0.768905791042931,0.759276591785719
"2227","COX16","COX16",0.139287044513997,3.82339214256295,3.22764923346318,0.174065349215355,0.768905791042931,0.759287674272185
"7837","PEX13","PEX13",0.0987109365482431,4.91570187241227,1.88300899449436,0.173562868689857,0.767664881418958,0.760543180357305
"2326","CS","CS",0.0705010015381095,7.48442836744055,1.88323899229781,0.17353688354949,0.767664881418958,0.760608206062572
"1324","C5orf24","C5orf24",0.0894251353852696,5.94125165560211,1.883712305983,0.173483422891098,0.767664881418958,0.760742017650489
"5784","LOC254128","LOC254128",0.169888887406715,3.63386734997806,1.88516946173071,0.173318958266921,0.767656826765709,0.7611539299555
"5891","LOC493754","LOC493754",0.120227514203796,4.64528785782665,1.88532891786082,0.173300972008052,0.767656826765709,0.761199001414477
"2597","DDX52","DDX52",0.0999658559786133,5.21479989741847,1.88577599591859,0.173250554327793,0.767656826765709,0.761325367157043
"6497","MICAL3","MICAL3",0.150656708896812,3.67589320314402,1.89733823693526,0.173152501230749,0.767656826765709,0.761571230577896
"4318","H2AZ1","H2AFZ",0.0932228541951792,8.30374140038286,1.88724587633423,0.173084914356155,0.767656826765709,0.76174078248498
"8356","PPP3CC","PPP3CC",0.0681505946814275,7.73722878476823,1.88916007844725,0.172869481187733,0.767656826765709,0.762281671397295
"10159","SNHG32","C6orf48",0.0831155989689354,7.28718226664218,1.88978711452636,0.172798979734247,0.767656826765709,0.762458826076423
"10649","STX1A","STX1A",0.335501419564144,1.91731276955443,2.39113956997582,0.172737013538438,0.767656826765709,0.762614593219164
"12922","ZNHIT2","ZNHIT2",0.166331683818179,3.48015504207087,1.99960942717876,0.172439193672656,0.766902180156107,0.763364016578616
"6981","NANOS1","NANOS1",0.183403427615769,3.18006375472337,1.89835896935131,0.171838551907576,0.764755243189361,0.764879395787328
"8722","RAB33B","RAB33B",0.114013738343566,5.39134913675761,1.89863538165046,0.171807685305066,0.764755243189361,0.764957413200178
"2624","DENND4A","DENND4A",0.126380904258036,6.89018894821239,1.90017042831392,0.1716363862994,0.764749107656242,0.765390637851504
"11827","UBR1","UBR1",0.105956459020277,6.58460269347922,1.90052813840763,0.171596497325869,0.764749107656242,0.765491581333306
"5443","LINC00526","LINC00526",0.245869466515659,2.61107070422613,2.43987121926537,0.171533445274267,0.764749107656242,0.765651189429203
"5627","LOC100289230","LOC100289230",0.164635861245275,3.71450844834057,1.90246893804136,0.171380263250422,0.76455163519523,0.766039194402195
"988","BCCIP","BCCIP",0.0797022461511408,6.29112988381487,1.90398027100347,0.171212098261783,0.764176731920962,0.766465550273987
"9973","SLC38A1","SLC38A1",0.0784401064140217,9.63351052216526,1.90743326613572,0.170828607367999,0.763695138236159,0.767439399561958
"3257","ERO1B","ERO1LB",0.121838135539594,5.00689314917585,1.9084386037139,0.170717142515126,0.763694306844392,0.7677228671341
"5650","LOC100505658","LOC100505658",0.25869216408117,2.58061083246453,1.91216817313599,0.170304373730029,0.762717979562897,0.768774198411883
"1295","C2orf16","C2orf16",0.509573251677714,1.40979483454387,2.03458554440691,0.170172866130048,0.762717979562897,0.769109686492458
"10405","SPCS2","SPCS2",0.0918214352583289,5.05170165451176,2.07710430257033,0.169990337056022,0.762717979562897,0.769575764989497
"9382","RTF1","RTF1",0.0930346246300962,6.16290246844027,1.91504260531326,0.169987040504873,0.762717979562897,0.769584187161488
"11337","TNFSF10","TNFSF10",0.161425001967208,6.59855696644677,1.91675978477194,0.169797795076923,0.762717979562897,0.770067953621764
"6809","MTF1","MTF1",0.112743126575039,4.95250631215427,1.91767856229261,0.169696640041349,0.762547458003608,0.770326756538822
"12179","WHAMMP2","WHAMMP2",0.195575870898733,2.99816736750215,2.48507217893351,0.169661115303338,0.762547458003608,0.770417682398051
"9745","SH3GLB1","SH3GLB1",0.084076473563377,6.92665640662115,1.91816027329716,0.16964363295397,0.762547458003608,0.77046243560535
"5663","LOC100505815","LOC100505815",0.280334919327507,2.22906907818574,2.7564826721265,0.1693205829058,0.761913257730468,0.771290245086188
"654","ARID2","ARID2",0.106717979135432,6.61458501383989,1.92135815039568,0.169292229731249,0.761913257730468,0.77136297492287
"1708","CD8A","CD8A",0.404327551747215,3.05343586629648,1.92166581748943,0.169258466026099,0.761913257730468,0.771449599414077
"10595","STIP1","STIP1",0.117650381871928,5.56844480301323,1.92178148043606,0.169245775082854,0.761913257730468,0.771482163890114
"9374","RSPH9","RSPH9",0.4302447066168,1.56652666050427,4.15945840602645,0.169094810907826,0.761913257730468,0.771869719597265
"11095","TLR7","TLR7",0.421456113596406,1.61459165767265,4.82387115883503,0.16902003498524,0.761913257730468,0.772061812736518
"6179","MAML1","MAML1",0.106467339788948,5.65919849701679,1.92480386748633,0.168914540637994,0.761913257730468,0.772332963531221
"12432","ZFYVE26","ZFYVE26",0.125549539716383,4.80153473543644,1.92781689347208,0.168585083095862,0.761509151463307,0.773180855664755
"8238","POLRMT","POLRMT",0.116125309311633,5.16911755800396,1.92950379732168,0.168400956221954,0.760942391176387,0.773655446798727
"5920","LOC646329","LOC646329",0.18098426927292,3.83709626423292,1.93050800429994,0.168291457380297,0.760712570242018,0.773937928627611
"3650","FICD","FICD",0.211978061440964,2.89666527433009,2.19565866470916,0.167658914672863,0.759175951152201,0.775573349540252
"3743","FOXK2","FOXK2",0.15050718444647,3.81796037409575,2.09947703699326,0.167559082244043,0.759175951152201,0.775832027025542
"8236","POLR3H","POLR3H",0.135991102592138,4.08716824561185,1.94134960148614,0.167114547567003,0.758488524267933,0.776985742487973
"5838","LOC340037","LOC340037",0.314590920741941,2.09643649403726,5.07587096530145,0.166961481210411,0.758488524267933,0.777383711051763
"6070","LSG1","LSG1",0.0814325495522488,5.71607986685231,1.94395221351842,0.166833447366992,0.758349794215835,0.777716876056141
"1335","C6orf89","C6orf89",0.0667848459848668,7.0997060400185,1.94400180450639,0.166828096534604,0.758349794215835,0.777730805362784
"12595","ZNF335","ZNF335",0.131524899465863,5.83733938642785,1.94423323966832,0.166803127482839,0.758349794215835,0.777795810797764
"10453","SPRYD4","SPRYD4",0.136700655996759,4.00570381400534,1.94661164458428,0.166546777935419,0.758349794215835,0.778463764884565
"9630","SEPHS2","SEPHS2",0.0876380925162036,6.64547783391536,1.94802753811251,0.166394387352626,0.757947467389611,0.778861326980953
"11862","UGGT1","UGGT1",0.0853590765815287,6.42026899546638,1.94803786771133,0.166393276188333,0.757947467389611,0.778864227163704
"10901","TCHP","TCHP",0.158973785139539,4.29100482703022,1.94856834203313,0.166336224175884,0.757947467389611,0.779013161204141
"11241","TMEM255A","FAM70A",0.537022507447412,1.36662483406593,3.68515202297696,0.166065337168136,0.757512524290514,0.779721008413115
"8513","PSIP1","PSIP1",0.0656041039556005,8.04912834212604,1.95218522156979,0.165947837447964,0.757242805210141,0.780028402734351
"856","ATP6AP2","ATP6AP2",0.0739182740079321,7.97306336597747,1.95392309740226,0.165761596155476,0.757191967227107,0.780516079996047
"9320","RPS6KA5","RPS6KA5",0.111501053201524,5.74564017082295,1.95484052165461,0.165663377340131,0.757191967227107,0.780773489027853
"11336","TNFRSF9","TNFRSF9",0.242095400841582,2.55005286893221,2.11427739731453,0.16549212581495,0.75710799471594,0.781222665311048
"307","AJUBA","AJUBA",0.529627108969614,1.37871061650829,3.1655486266188,0.164442389924826,0.754887163657029,0.783986220023398
"1928","CHCHD2","CHCHD2",0.070714069654091,8.4499944691178,1.96844906779369,0.164214361609874,0.754887163657029,0.784588863689349
"3168","ENO2","ENO2",0.12640802092907,5.62482399128937,1.96870382169845,0.164187376433557,0.754887163657029,0.784660236717176
"5960","LOC729737","LOC729737",0.336692806431264,1.97393815091626,2.29701287792033,0.164184731584642,0.754887163657029,0.784667232702896
"1257","C1orf162","C1orf162",0.177932770546289,6.53288388941167,1.96964448352434,0.164087780029364,0.754887163657029,0.784923760588745
"7919","PHIP","PHIP",0.0727902042313039,7.74990639906736,1.97082491119017,0.163962896589594,0.754837208119717,0.785254417985659
"5110","KDM2A","KDM2A",0.127258373670033,6.88329819383147,1.97459077028771,0.163565223509584,0.753794545147365,0.786309028558122
"4448","HEMK1","HEMK1",0.171973449243915,4.50026328436523,1.97494826676233,0.163527530209569,0.753794545147365,0.786409122443344
"7845","PEX5L","PEX5L",0.418478521046078,1.65257549609714,2.21341801170612,0.163489772182199,0.753794545147365,0.786509411344802
"3747","FOXN3","FOXN3",0.0766918731636256,7.4501351048166,1.97560175134059,0.163458654891297,0.753794545147365,0.786592079231552
"3584","FBXW8","FBXW8",0.189676216204768,3.12500661478783,2.58415949382896,0.163321406092746,0.753741942810813,0.786956889735497
"5641","LOC100499466","LOC100499466",0.148338628384658,6.1721515953039,1.97806416123282,0.163199426274324,0.753715257051192,0.787281372336651
"5497","LMOD3","LMOD3",0.237006668847857,2.62946468858998,2.36331261100381,0.163184069970138,0.753715257051192,0.787322239342807
"2421","CXCR3","CXCR3",0.160751950553354,5.79818532679643,1.98059362965557,0.162933634272685,0.753292244269258,0.78798925534004
"3991","GLB1L","GLB1L",0.464494479382552,1.52648113780515,3.31549600201412,0.162860058965783,0.753292244269258,0.788185412300707
"12679","ZNF497","ZNF497",0.295925522101717,2.1664601991897,3.99638969592552,0.162608237037528,0.752861048924999,0.788857458684517
"2801","DNASE1","DNASE1",0.241433437507413,2.67494262010179,3.1126259493669,0.162481312919109,0.752560699339286,0.789196580302287
"7089","NDUFAF7","C2orf56",0.106822614139803,4.57903512141057,1.98564610543532,0.162404229794917,0.752560699339286,0.789402663809931
"9332","RPTOR","RPTOR",0.143144707446533,4.41610872030758,1.98665333720535,0.162298929299995,0.752503220088935,0.789684345242392
"10038","SLC8B1","SLC24A6",0.120287955762207,5.56860033838124,1.98773121230353,0.162186331051201,0.752250008125574,0.789985750613059
"12241","YAF2","YAF2",0.120231213338636,5.22368143777965,1.99062761171843,0.16188421204128,0.751654933003409,0.790795504289814
"513","AP1G1","AP1G1",0.138907862057666,6.50931672016343,1.99070489489811,0.161876159684657,0.751654933003409,0.790817107267534
"4934","IRS2","IRS2",0.205670109803581,5.1361772320482,1.99213135925758,0.161727615538921,0.751654933003409,0.791215816505698
"11097","TM2D1","TM2D1",0.103431138823207,4.82750525947384,1.99293027397816,0.161644489931164,0.751617909633331,0.791439094846273
"10357","SOS2","SOS2",0.147530909342972,5.00604423734897,1.99371491292242,0.161562897850644,0.751617909633331,0.791658365769087
"1573","CCDC84","CCDC84",0.116307383591051,4.3115368169539,2.35418058099316,0.16149307750757,0.751617909633331,0.791846089213362
"9695","SF3B5","SF3B5",0.0939817845164412,6.61876362898284,1.99677727765944,0.161244908357766,0.751375788838111,0.792513990224716
"9888","SLC25A26","SLC25A26",0.0971013891346917,5.75165205697679,1.9981135567914,0.161106379084906,0.751000020074916,0.792887263140521
"2428","CXorf40B","CXorf40B",0.156155977772974,3.6254781995828,2.28156345742261,0.161100161418207,0.751000020074916,0.792904024428692
"8965","RERE","RERE",0.131002931434005,5.25736466146883,1.99901385719958,0.161013124501353,0.751000020074916,0.793138722314708
"6110","LY86","LY86",0.501844998267277,1.41069498933836,2.93867853118899,0.160853093811881,0.751000020074916,0.793570581560232
"7922","PHKG1","PHKG1",0.454734543365613,1.53128505694149,5.15776057697938,0.160778316170808,0.751000020074916,0.793772524010283
"1819","CELA1","CELA1",0.397305316192742,1.69876514999233,3.38046795711277,0.160650142504321,0.751000020074916,0.79411888487242
"4153","GPR34","GPR34",0.240414094847914,3.02562587792914,2.00326000843945,0.160574142626124,0.751000020074916,0.794324388191254
"10036","SLC7A7","SLC7A7",0.336306806058954,1.96359562945474,3.13409633408275,0.160072461365337,0.750224003357124,0.795683377048809
"6964","NACA","NACA",0.0578308363361059,9.44656646019233,2.01006713700518,0.159873284432966,0.750224003357124,0.796224102812234
"3693","FLJ42627","FLJ42627",0.251476782456977,2.56827538493004,2.49503827480907,0.159784234186477,0.750224003357124,0.796466074481348
"4737","IFRD1","IFRD1",0.144091134960535,5.91122627667292,2.01102440806657,0.159775008420105,0.750224003357124,0.796491150892191
"10697","SUPV3L1","SUPV3L1",0.14322088405839,5.50632787844671,2.01124329657571,0.159752546555117,0.750224003357124,0.79655221018978
"11686","TUBA8","TUBA8",0.372651422853483,1.80789453968226,3.35009859641097,0.159750972609641,0.750224003357124,0.796556489052414
"12638","ZNF428","ZNF428",0.143144992895945,3.84525339118225,2.8347245039185,0.15966375127308,0.750224003357124,0.796793671269026
"10936","TEP1","TEP1",0.145284486496296,4.29800196430161,2.01298583341408,0.159573861397395,0.750224003357124,0.79703824569554
"5556","LOC100131096","LOC100131096",0.147942957625338,4.49136289741647,2.01325660572645,0.159546116313525,0.750224003357124,0.797113762978675
"4191","GREM2","GREM2",0.337070540489774,3.20265237203644,2.01340731319968,0.159530676266773,0.750224003357124,0.797155793782957
"9321","RPS6KA6","RPS6KA6",0.373264553301066,1.8165812524476,5.08023808658463,0.159351669488498,0.750224003357124,0.797643382169262
"10228","SNORD2","SNORD2",0.324188994580239,2.0260528141574,3.75020508900164,0.159217818702764,0.750224003357124,0.798008330246328
"7985","PIK3CG","PIK3CG",0.0958548023703894,5.51373270130303,2.01981749359667,0.158875547100037,0.749215729745102,0.798942940909263
"7119","NECAP1","NECAP1",0.137395849772735,5.92599903376321,2.0203094281652,0.158825399342229,0.749215729745102,0.799080044024128
"7990","PIK3R4","PIK3R4",0.119985347596364,5.19013858389631,2.02065254860553,0.158790432511119,0.749215729745102,0.799175668362333
"4114","GPATCH8","GPATCH8",0.0834289884211284,6.57997329224997,2.02376794801668,0.158473354137323,0.748952576766301,0.800043750001106
"7371","NSFL1C","NSFL1C",0.102740163264253,5.70879768548192,2.02415049112682,0.158434470215394,0.748952576766301,0.800150324036304
"1638","CCT2","CCT2",0.0932547336893746,7.16353016361117,2.02435949211655,0.158413230787693,0.748952576766301,0.800208548642218
"236","ADRB2","ADRB2",0.314672504576929,3.0935541667241,2.0250437155002,0.158343720573004,0.748952576766301,0.800399154739607
"10005","SLC46A1","SLC46A1",0.34222174985149,1.9730389711033,4.56503316841,0.158198342053008,0.748952576766301,0.800798072298539
"12286","ZBED2","ZBED2",0.209975920651867,3.37864677586276,2.02673309685369,0.158172247279567,0.748952576766301,0.800869714963941
"5897","LOC554223","LOC554223",0.61048746420336,1.44989212609997,2.02874874908311,0.157967937872644,0.748952576766301,0.801431051134082
"9325","RPS6KL1","RPS6KL1",0.348438719491839,1.87886633181777,2.32843627635959,0.157963188460367,0.748952576766301,0.801444108686014
"12445","ZKSCAN1","ZKSCAN1",0.116977961887805,6.116905565076,2.02970947028859,0.157870665074026,0.748952576766301,0.801698561442327
"3116","ELMOD3","ELMOD3",0.140224174206054,4.17999021126494,2.02978450835322,0.157863070400738,0.748952576766301,0.801719454519822
"4473","HHAT","HHAT",0.154721921801892,3.87952966820095,2.03059905614459,0.15778065639656,0.748952576766301,0.801946241526948
"5213","KLF9","KLF9",0.208883955235563,5.2600456141805,2.03182567063082,0.157656644202493,0.748952576766301,0.802287721841703
"3573","FBXO5","FBXO5",0.159929332511035,3.63199409639308,2.03225196510424,0.157613571681084,0.748952576766301,0.802406389305633
"6739","MRPS22","MRPS22",0.100275821951756,5.62236256632473,2.03351764968437,0.157485767763735,0.748952576766301,0.802758687975708
"7149","NEMF","NEMF",0.100963248772678,7.43869413649352,2.03482736013352,0.157353644245446,0.748952576766301,0.803123194553362
"1979","CHRNB2","CHRNB2",0.510600180511525,1.41258022670133,3.1284679776568,0.157100613783862,0.748952576766301,0.803822118190938
"7795","PDPR","PDPR",0.154966721106225,4.78955295199202,2.03752050305496,0.157082362064522,0.748952576766301,0.803872576819274
"6218","MAP3K14","MAP3K14",0.116816929059614,5.10922495754877,2.03789712654451,0.157044467563799,0.748952576766301,0.803977358525806
"1244","C19orf47","C19orf47",0.148708213755562,4.14288562108228,2.03857520210917,0.156976268638112,0.748952576766301,0.804165998409411
"10690","SUPT16H","SUPT16H",0.0682173503919442,7.12585919016407,2.04072450407006,0.156760323707824,0.748952576766301,0.804763848381122
"6366","MDS2","MDS2",0.204769483334184,4.08585049760775,2.04256494142026,0.156575683505584,0.748952576766301,0.805275683780859
"10460","SPTBN1","SPTBN1",0.117082358296469,7.53474076918893,2.04593538456973,0.156238197058201,0.747925509385991,0.806212781318976
"11897","UPRT","UPRT",0.119155129810753,4.85267166712225,2.04699300198044,0.156132469626121,0.747751944805122,0.806506770780783
"12232","XRCC6","XRCC6",0.0616380471629002,8.88298892596207,2.05107843683424,0.155724833064783,0.747536864927017,0.807642126012225
"7403","NUAK2","NUAK2",0.209547787039408,4.4595611000828,2.05469456441454,0.155365046755064,0.747053651428262,0.808646679929134
"9574","SEC16A","SEC16A",0.102590813784396,5.39361425707938,2.05625442874747,0.155210144133911,0.746585539432415,0.809079897785237
"3110","ELL3","ELL3",0.305709374655159,2.15340362332955,3.35907820292079,0.154933289209736,0.745530252565988,0.809855259020506
"1922","CHAC2","CHAC2",0.235759970203547,2.6617479010515,3.25634713652777,0.15489685702398,0.745530252565988,0.809957394319493
"10869","TBP","TBP",0.109586357703909,4.63593838713438,2.06044722761781,0.154794659074988,0.745530252565988,0.810244027983076
"2330","CSF1","CSF1",0.20795588493679,3.47752704080096,2.06275842012473,0.154566179756077,0.745530252565988,0.810885526925532
"4177","GPX8","GPX8",0.325212057420346,2.022388854784,4.12154127365969,0.15449584787071,0.745530252565988,0.811083187896557
"6490","MIA3","MIA3",0.0878460301786908,6.24402745927491,2.06436527881272,0.15440755830442,0.745489115699008,0.81133144461194
"7190","NFXL1","NFXL1",0.105430083125842,5.26790449699484,2.07035533396826,0.153817898839715,0.743472280792706,0.812993125425136
"1986","CHST6","CHST6",0.283325968990595,2.30454743476857,5.10970473304609,0.153798975830546,0.743472280792706,0.813046556554245
"3735","FOSB","FOSB",0.351454939881071,5.44244708026227,2.07079662783504,0.153774560664531,0.743472280792706,0.813115505086153
"8285","PPIB","PPIB",0.0662079312956947,7.10730718439676,2.07112300682493,0.153742516988175,0.743472280792706,0.813206013177463
"6670","MRM3","RNMTL1",0.136170584381881,4.87650737845987,2.07273294379491,0.153584566896993,0.743472280792706,0.813652422639258
"9077","RITA1","C12orf52",0.147664313501067,4.02033037184196,2.07297835883435,0.153560505770322,0.743472280792706,0.813720466150243
"1912","CFL1P1","CFL1P1",0.492952683168848,1.53699296261313,5.95131995248435,0.153212895878628,0.743329305812991,0.814704678742448
"7551","OSBPL8","OSBPL8",0.0905651024042926,7.96527702687456,2.0791002582072,0.152961700961281,0.743027702431902,0.815417295609353
"12944","ZSCAN20","ZSCAN20",0.482951521922593,1.45051130743637,2.09753923568936,0.152835790114311,0.742876997059932,0.81577493352815
"9139","RNF19B","RNF19B",0.177657701026207,3.32021635576906,2.54021999458821,0.152708502562934,0.742814924540287,0.816136781454626
"11472","TRAPPC13","C5orf44",0.0970971735210132,5.81412916696105,2.08196500685715,0.152682413123653,0.742814924540287,0.816210984706664
"2133","CNP","CNP",0.106964053251036,5.77459751902715,2.08216422450645,0.152663012986606,0.742814924540287,0.816266170550358
"2560","DDHD2","DDHD2",0.089465506211418,6.35633189327708,2.08360141729769,0.152523140840922,0.742814924540287,0.816664260073977
"7665","PARP16","PARP16",0.12805731011319,4.88040360555889,2.08384874987757,0.152499084527403,0.742814924540287,0.816732763437788
"7886","PGPEP1","PGPEP1",0.131320341083053,4.28358327794357,2.13817731229409,0.152481208452012,0.742814924540287,0.81678367479887
"6824","MTHFSD","MTHFSD",0.209402785896793,3.11330756842044,2.08420350960553,0.152464587146427,0.742814924540287,0.816831017909737
"7049","NCOA4","NCOA4",0.0923757549132312,7.61716661822555,2.08440583234482,0.152444916993043,0.742814924540287,0.816887051840912
"1083","BMT2","C7orf60",0.136605562245394,5.28653790836485,2.08746133464919,0.152148210681488,0.742814924540287,0.817733150737465
"10853","TBC1D8B","TBC1D8B",0.494125061935545,1.80270077541763,2.0878393002529,0.152111554306348,0.742814924540287,0.817837795934489
"7358","NRIP2","NRIP2",0.195149474480282,3.13783173738367,2.48736813932452,0.15206048944303,0.742814924540287,0.817983615966422
"4023","GMEB2","GMEB2",0.154206461975123,5.08390708047843,2.09009957764721,0.151892556900913,0.742814924540287,0.818463507085605
"3074","EIF3J","EIF3J",0.113788501705823,5.23691850923196,2.09304197611536,0.151608012111194,0.742814924540287,0.819277846700443
"6630","MOSPD2","MOSPD2",0.289926348407034,3.90291654097882,2.09507230227726,0.151412026710356,0.74263448866293,0.819839627302922
"4592","HPDL","HPDL",0.493947849425349,1.52187350861553,4.44163808638691,0.151383683873669,0.74263448866293,0.819920930552474
"3337","EYS","EYS",0.312330487914798,2.17978667886666,2.28650701033196,0.151246256469614,0.742382779107191,0.820315365863655
"8580","PTCH2","PTCH2",0.324918215494921,2.06683536394419,3.89364284891166,0.151029361332634,0.741879554929293,0.820938614129546
"3102","ELF1","ELF1",0.114858477328168,8.91775053821026,2.10092254975511,0.150848934756689,0.741879554929293,0.821457752316472
"10211","SNORA81","SNORA81",0.411600129852936,1.65573727206005,5.57328467966533,0.150558248427385,0.74181244088434,0.822295446405834
"2052","CLECL1","CLECL1",0.22975772791657,3.80720566939841,2.1042547953187,0.150529278945995,0.74181244088434,0.822379018688351
"6204","MAP1LC3B","MAP1LC3B",0.0755465742851778,7.70973093089993,2.10576083816937,0.150385062626844,0.741804341238799,0.822795298989755
"73","ABI3BP","ABI3BP",0.518197784399339,1.38002914646926,4.02746107051545,0.150382957462544,0.741804341238799,0.822801378500727
"9566","SDR39U1","SDR39U1",0.140681729555849,4.00209445713865,3.08803572491699,0.15035022782951,0.741804341238799,0.822895909465533
"8031","PKIG","PKIG",0.365241740745234,1.9119020432319,4.00898165170659,0.150217776026967,0.741804341238799,0.82327867203472
"6758","MRTFA","MKL1",0.102242470420156,6.11721826704325,2.10817232465133,0.150154472883561,0.741804341238799,0.823461726270756
"12219","XPNPEP3","XPNPEP3",0.108632128991888,4.55423774229527,2.22828718684781,0.150048727533693,0.741804341238799,0.823767683194401
"6556","MIS18A","MIS18A",0.178301716444847,3.33358287299993,2.4576017371199,0.149970861677852,0.741804341238799,0.823993113222944
"2013","CISD2","CISD2",0.0993811610951611,5.86670403661386,2.11439988736677,0.149560860747702,0.741804341238799,0.825182044073438
"1875","CEP76","CEP76",0.174822684704447,3.36968141652311,2.50533274154607,0.149502443850488,0.741804341238799,0.825351708061247
"11847","UCK1","UCK1",0.182757788909315,4.22083361268553,2.11662268952436,0.149349635875894,0.741773670068136,0.825795831896698
"7723","PCM1","PCM1",0.102501579109394,7.55027317456945,2.11863262770991,0.149158933514244,0.741643079334735,0.826350730503373
"5371","LEAP2","LEAP2",0.36695747362314,1.86063747999678,4.54728843716727,0.149064367197797,0.741492344960512,0.826626159221958
"708","ARPC1A","ARPC1A",0.0983816528878654,5.62156372948226,2.12147432631904,0.148889790720436,0.740908037980905,0.827135080527124
"11308","TMTC2","TMTC2",0.248332209975537,2.56739099848376,2.18944060037533,0.148265502407593,0.74026017980066,0.828959886442042
"11768","UBAP2","UBAP2",0.0944049687121534,5.15774319922897,2.1293898165807,0.148143032635458,0.740030636264844,0.829318769152736
"3363","FAHD1","FAHD1",0.159437076263255,3.70427680079222,2.21109648115512,0.147770295179287,0.739022374464492,0.830412859150121
"8797","RALGPS1","RALGPS1",0.211370496613663,3.38784384444808,2.13396658586725,0.147713214748144,0.739022374464492,0.830580650013202
"5936","LOC728024","LOC728024",0.399333536674154,1.82278314047834,2.88555642879691,0.147693648680844,0.739022374464492,0.83063818039672
"485","ANKS6","ANKS6",0.254867942307478,2.58377731395499,2.52315173586835,0.14767866329537,0.739022374464492,0.830682247291023
"11393","TOR1AIP2","TOR1AIP2",0.10277644996354,6.54515257014323,2.13574037746445,0.147547017433745,0.739022374464492,0.831069565053608
"10899","TCF7L2","TCF7L2",0.277646620966246,2.49983593025417,2.13603096583226,0.147519810889239,0.739022374464492,0.831149653027244
"657","ARID4A","ARID4A",0.116525287000641,7.42191454171109,2.13700307819573,0.14742883796992,0.739022374464492,0.831417557547362
"213","ADGRF3","GPR113",0.270016686465751,2.43690728607153,4.32941887067647,0.147353417526557,0.739022374464492,0.831639787226925
"6033","LRRC32","LRRC32",0.36152102046237,1.99394764604778,2.13843836058624,0.14729463790561,0.739022374464492,0.831813062868108
"11291","TMEM9B","TMEM9B",0.07668934617349,6.77215812362476,2.13950218739643,0.147195259605185,0.739022374464492,0.832106176142952
"9271","RPP14","RPP14",0.101053484888234,5.41250970356066,2.13967492296143,0.147179130617671,0.739022374464492,0.832153766765748
"3566","FBXO40","FBXO40",0.356956809722279,1.92789961200901,2.63889213026764,0.146666516873196,0.738934956800858,0.83366902178696
"8912","RBMXL1","RBMXL1",0.10665271538968,5.38019641747365,2.14980323095279,0.146236942960299,0.738183603511266,0.834942900312037
"12828","ZNF714","ZNF714",0.161154749598853,4.79836611723785,2.15046531603604,0.146175593425449,0.738161141887251,0.835125134392511
"10161","SNHG5","SNHG5",0.205008549619796,7.63312575989392,2.15448437439834,0.145803815065946,0.736874756833288,0.836231112229213
"5522","LOC100129034","LOC100129034",0.181611826617758,3.62364484380239,2.15502004118373,0.145754345664557,0.736874756833288,0.836378487889689
"4996","JAGN1","JAGN1",0.0857961035882849,5.78977492599743,2.15587071411763,0.145675824602255,0.736874756833288,0.836612514894271
"327","AKIP1","AKIP1",0.154760673387633,4.10535659866762,2.15618268376072,0.145647040496127,0.736874756833288,0.83669833567936
"10223","SNORD16","SNORD16",0.446697284354312,1.58013484845049,8.90785159562644,0.14551295362675,0.736874756833288,0.837098343872505
"9395","RTTN","RTTN",0.134782726828831,4.16784609747802,2.16228719150322,0.14508511194401,0.736874756833288,0.838377150844818
"8051","PLAT","PLAT",0.250999223942646,2.56381934594195,2.16731336850947,0.144624307605636,0.73673461567264,0.839758707236538
"267","AGER","AGER",0.201924933255537,3.09014293830921,2.7668549033596,0.144620935711621,0.73673461567264,0.839768832865211
"3797","FUS","FUS",0.0934551386575617,7.69711167761296,2.16741808766504,0.144614724688587,0.73673461567264,0.839787484873938
"6043","LRRC40","LRRC40",0.152578031083797,5.06559328330106,2.16835900128152,0.144528653666032,0.73673461567264,0.840046042904657
"7445","NUP153","NUP153",0.107029402190511,6.39689524587328,2.16974023747512,0.144402409847824,0.73673461567264,0.84042555901791
"6444","METTL9","METTL9",0.0825371323857737,7.13464811627356,2.17109854907971,0.144278384344055,0.73673461567264,0.840798729636114
"5112","KDM3A","KDM3A",0.106290094561839,6.61374550791879,2.17174758758907,0.144219164590563,0.73673461567264,0.840977024478599
"5965","LOC730227","LOC730227",0.283778511972453,2.36687013686415,2.8168347880968,0.143949577558066,0.73673461567264,0.841789605287255
"2680","DHX29","DHX29",0.116603018246171,6.06337426560331,2.17497005135001,0.143925551075957,0.73673461567264,0.84186209900127
"7862","PFN1P2","PFN1P2",0.217723611818973,3.25328570783213,2.17666433374977,0.143771451475359,0.73673461567264,0.84232734272651
"8196","POLE3","POLE3",0.0705578209428554,6.79429786697806,2.17721894084779,0.143721049447995,0.73673461567264,0.842479620246896
"7913","PHF3","PHF3",0.135692063533986,8.11218062774628,2.18248928274855,0.143243094034242,0.735390459767476,0.84392630684831
"9168","RNGTT","RNGTT",0.111934585935406,5.62635458352089,2.18266092879052,0.143227558426449,0.735390459767476,0.843973411350542
"698","ARMCX4","ARMCX4",0.210442702067481,3.33074098117778,2.18327944966428,0.143171592348093,0.735390459767476,0.844143144809928
"4492","HIPK1","HIPK1",0.14872559303368,6.68493871278044,2.18985512714018,0.142578143369303,0.73428592851527,0.845947044902287
"10207","SNORA75","SNORA75",0.368049691838769,1.8761037967684,3.74709373362842,0.142521128975026,0.73428592851527,0.846120746062238
"12428","ZFYVE1","ZFYVE1",0.14155209488337,4.09134277656873,2.19180633554226,0.142402589748663,0.734256278541099,0.846482112501643
"11045","TIMM10B","FXC1",0.107436014654051,6.1164456158034,2.19565324267707,0.142057199717183,0.733638046518787,0.847536750549236
"6071","LSM1","LSM1",0.0915429606139081,5.76396428372059,2.19893006060539,0.141763749040603,0.733293906022226,0.848434810086561
"12602","ZNF345","ZNF345",0.146879729752095,4.32262466713609,2.19902300016903,0.14175543607521,0.733293906022226,0.848460277675274
"3822","G2E3","G2E3",0.129664553713105,6.01830287344237,2.20031302925339,0.141640107087509,0.73323906993067,0.848813753563907
"7605","PACC1","TMEM206",0.152094645247496,3.9232598727539,2.20169252323439,0.141516898445151,0.733186391185681,0.849191698208259
"6397","MED31","MED31",0.154502084009415,3.73132223231315,2.58766464819518,0.141506717036386,0.733186391185681,0.849222944573613
"11298","TMOD3","TMOD3",0.087220664358792,6.32512896830505,2.20227660102947,0.141464768782554,0.733186391185681,0.849351705923864
"1883","CEPT1","CEPT1",0.12390384461781,5.15741861184618,2.20279783666891,0.1414182663731,0.733186391185681,0.849494491015179
"4505","HLA-B","HLA-B",0.152233668851965,11.7942325035743,2.20315932603729,0.141386026090662,0.733186391185681,0.849593511979086
"1236","C18orf21","C18orf21",0.121504135508236,5.15560570428796,2.2059734232079,0.141135330926143,0.733186391185681,0.850364254101493
"9530","SCN11A","SCN11A",0.340837977099168,2.04811090436281,5.24299278265381,0.140763921338286,0.733186391185681,0.851508643287128
"6757","MRS2P2","MRS2P2",0.204400047113625,4.40755535298556,2.21127336925077,0.140664559185764,0.733186391185681,0.851815310446494
"9334","RPUSD2","RPUSD2",0.113796562873949,4.82369103737973,2.21461132216721,0.140368982778112,0.73309453042691,0.852728847309456
"2021","CKAP2L","CKAP2L",0.426986930662572,1.68240401109857,2.21529133083338,0.14030885479943,0.733075623565446,0.852914920067992
"6851","MTRNR2L10","MTRNR2L10",0.171190612096881,9.95353602107584,2.21594619320919,0.140250978089096,0.73306846847294,0.85309410135725
"7637","PANK3","PANK3",0.150619381768289,4.07835150618041,2.21643481478795,0.140207811476338,0.73306846847294,0.853227789603571
"8050","PLAGL2","PLAGL2",0.152839386730812,4.593212990941,2.2191056284138,0.139972129721182,0.732791944662185,0.853958429416354
"3556","FBXO28","FBXO28",0.113068385612536,5.3356659609423,2.21977411931027,0.139913210522124,0.732791944662185,0.854141277745494
"3646","FHL3","FHL3",0.319674130727432,2.83365481625325,2.22572878237942,0.139389626936101,0.731708051615006,0.855769544258327
"1099","BORCS7","C10orf32",0.116171220479396,5.20187378029424,2.22641506960689,0.139329426562451,0.731708051615006,0.855957150309388
"10790","TAGLN","TAGLN",0.457912526247935,1.60878416297953,4.74633785842646,0.13904389038313,0.730881843573885,0.856848089368589
"5451","LINC01000","FLJ45340",0.161661284650205,4.76102186943046,2.23251067070274,0.138796025823895,0.730170658156282,0.857622968949335
"11233","TMEM242","TMEM242",0.110750159512146,4.75770200077219,2.23530797391878,0.138552024832476,0.730071250264706,0.858387122951795
"10349","SOGA3","C6orf174",0.182618028712449,3.40356820150368,2.96834972550633,0.13852378206973,0.730071250264706,0.858475659559834
"4759","IGFBP3","IGFBP3",0.319758740333863,4.20867917585137,2.23861017974858,0.138264611439181,0.729445630012403,0.859288962503549
"8633","PTTG1","PTTG1",0.147860183062908,4.53364683493534,2.23896500633863,0.138233768909691,0.729445630012403,0.859385850886072
"5771","LOC153684","LOC153684",0.224683204798284,2.89977338325372,2.74298963180388,0.138232538914611,0.729445630012403,0.859389715227302
"9712","SGF29","CCDC101",0.107200234448352,5.26155127662989,2.23944518140653,0.138192043216332,0.729445630012403,0.859516961930861
"6250","MAPK8IP3","MAPK8IP3",0.146039391398286,4.80373376043709,2.24676205445699,0.137558001695621,0.727817433929364,0.861514141797892
"12799","ZNF675","ZNF675",0.159992392714529,4.89395367047212,2.24773574208003,0.137473877118962,0.727817433929364,0.861779818931264
"12359","ZCCHC4","ZCCHC4",0.139745732657379,4.02280251226662,2.86431135987265,0.13746199528328,0.727817433929364,0.861817356525975
"12400","ZFAT","ZFAT",0.202114607796363,3.20747031690335,2.92537822266162,0.137418242440194,0.727817433929364,0.86195561032434
"8585","PTGDR","PTGDR",0.412041617685856,2.42645359461471,2.248915466649,0.137372029856571,0.727817433929364,0.862101684419929
"3696","FLJ45513","FLJ45513",0.317465097782011,2.13773247353679,2.94608630241135,0.137125187228796,0.727817433929364,0.862882766437269
"6853","MTRNR2L3","MTRNR2L3",0.172726579797192,7.3241036748302,2.25527948253095,0.136824094916784,0.727817433929364,0.863837416008015
"10237","SNORD30","SNORD30",0.486568087326559,1.56183828253985,4.49380867814127,0.136693817085757,0.727688250933331,0.864251128930827
"12619","ZNF394","ZNF394",0.150025302254346,7.10587117889738,2.26053509112539,0.136373467602232,0.726810565114731,0.865270116444914
"2250","CPLANE2","RSG1",0.468008748950175,1.58230584196036,4.60248104527103,0.136151122279882,0.726436662470464,0.865978774463927
"1742","CDC73","CDC73",0.0700745263575775,7.0611250331937,2.26501507998314,0.13599067654903,0.726310023413161,0.866490865615873
"5170","KIF1B","KIF1B",0.131704169435217,4.72685271443409,2.26673347791181,0.135844173100378,0.725838381063269,0.866958985472996
"7766","PDE5A","PDE5A",0.195274470667689,3.63881512031537,2.26720193038882,0.135804265939753,0.725838381063269,0.867086587603412
"9611","SELP","SELP",0.355434289438506,2.40573029847118,2.26940046365639,0.135617152370253,0.725838381063269,0.867685378989162
"9358","RRP7A","RRP7A",0.139206353693348,5.77399875685649,2.27149708119431,0.135438985755583,0.725753805124814,0.868256307131867
"9153","RNF26","RNF26",0.10514432022854,5.76314065432245,2.27245831472281,0.135357390935427,0.725753805124814,0.868518025413707
"1162","BTN2A2","BTN2A2",0.229251151090658,2.86359438540835,2.64475089123583,0.134684688332395,0.724704927501954,0.870681774364067
"3139","EMC6","TMEM93",0.261705203012086,2.56372323538829,5.1406815222385,0.134091955992998,0.722534727456688,0.872597274144194
"8787","RAF1","RAF1",0.0887352194380815,6.68873471768434,2.28850232407862,0.134003702676773,0.722534727456688,0.872883201412249
"4937","ISCU","ISCU",0.0970389253829314,7.7612286354338,2.28893064984532,0.133967774774334,0.722534727456688,0.87299965626795
"8594","PTGR2","PTGR2",0.279887503828212,2.71442121459557,2.2929257814205,0.133633190188761,0.722042222540107,0.874085663674413
"5636","LOC100306975","LOC100306975",0.395550771919034,1.81520397205036,2.82763583003908,0.133621274042835,0.722042222540107,0.874124391681742
"5350","LBR","LBR",0.0828812882343514,7.53984379997982,2.29327410274992,0.133604063956651,0.722042222540107,0.874180331328251
"8786","RAE1","RAE1",0.146618368739445,5.55756759659434,2.2935467685509,0.133581268984225,0.722042222540107,0.874254435177103
"9531","SCN8A","SCN8A",0.435996553049053,1.67194968511315,2.77367186582746,0.133015674627792,0.720506199142522,0.876097178557379
"9936","SLC30A5","SLC30A5",0.118213807263454,5.3346800401758,2.30253465336959,0.132832344333359,0.719813702187411,0.876696162504449
"896","ATXN3","ATXN3",0.113849986055844,4.95981174306901,2.30375933177329,0.132730666244507,0.719563281734219,0.877028725650051
"5258","KMT2C","MLL3",0.140237356790059,7.48110289380707,2.30571081117826,0.13256882847538,0.718986376175209,0.877558581606904
"10044","SLC9A8","SLC9A8",0.152050478559654,4.94384765646403,2.30634159092417,0.132516565301383,0.718986376175209,0.877729829128648
"5763","LOC148189","LOC148189",0.216913914490517,3.09803444872557,3.57214516893383,0.132394432401371,0.718641410687443,0.878130277949211
"7139","NEK5","NEK5",0.27385395525912,2.47347766495738,4.38372046858625,0.13228131421635,0.718641410687443,0.87850149901632
"3834","GABPA","GABPA",0.120926762868221,5.99655243193405,2.31054258723786,0.132169088093883,0.718641410687443,0.878870106424083
"1864","CEP295","KIAA1731",0.136289896334268,5.33618062047017,2.31329868575636,0.131941684388888,0.718641410687443,0.879617975946562
"1635","CCSAP","C1orf96",0.194833217507782,4.49180138450022,2.31494604828535,0.131805973641801,0.718641410687443,0.880064906427283
"10751","SYTL3","SYTL3",0.186450629358256,5.30627908543576,2.3222209388361,0.131208553884179,0.718393835253823,0.882037851060953
"914","AXIN2","AXIN2",0.134920444881762,4.99766747990687,2.32233327140949,0.131199353148811,0.718393835253823,0.882068306153916
"9158","RNF4","RNF4",0.104803973124262,7.4292028616292,2.32256236648647,0.131180591106468,0.718393835253823,0.882130416476378
"8","AAGAB","AAGAB",0.128385901915329,5.59008657904267,2.32571030946219,0.13092309400831,0.717863608862977,0.8829837398836
"3591","FCGR3A","FCGR3A",0.533301038826755,1.83754524130251,2.32599703883407,0.130899668455547,0.717863608862977,0.883061453434797
"11989","UVSSA","KIAA1530",0.160463160583464,3.90726602929124,2.32890681943737,0.13066221035345,0.717863608862977,0.883849999320957
"4640","HSPA1A","HSPA1A",0.169216220987697,3.67481210549296,2.32953163473861,0.130611284829763,0.717863608862977,0.884019298347559
"12888","ZNF821","ZNF821",0.170603425456266,3.49187006349672,2.33223365842171,0.13039131542145,0.71767778318306,0.884751333375134
"624","ARHGAP32","ARHGAP32",0.322840871265825,2.82185710175306,2.3342068945671,0.130230941206893,0.717403821773684,0.885285820691097
"1133","BRWD1","BRWD1",0.091374075765859,8.01636143199674,2.33603255858259,0.130082759908274,0.716891947446913,0.885780257418684
"3091","EIF4H","EIF4H",0.0711615730932849,8.48315703942562,2.33684353419024,0.130016997788055,0.716891947446913,0.885999866439397
"11452","TRAF3IP1","TRAF3IP1",0.231716810704711,2.87434563114321,3.84369545988204,0.129511264682515,0.715261658887301,0.887692455700928
"10050","SLF1","ANKRD32",0.149247604580471,5.23940937413838,2.34708892416771,0.129189432569357,0.715006189727931,0.888773009286072
"11836","UBXN1","UBXN1",0.0833467908893069,7.25659518724758,2.35117420184173,0.128861111475818,0.713851828445656,0.889878127019375
"11503","TRIM26","TRIM26",0.109849328561274,5.70579676877644,2.35176392536666,0.128813795293455,0.713851828445656,0.89003762378523
"9151","RNF24","RNF24",0.14918333106665,4.70396798442847,2.35257349799867,0.128748871652843,0.713851828445656,0.890256568400101
"12263","YME1L1","YME1L1",0.106046230050264,7.54694258236914,2.35358895990115,0.12866748909336,0.713851828445656,0.890531174082366
"12446","ZKSCAN2","ZKSCAN2",0.231784344812135,3.00595216362355,2.35624319444693,0.128455044594134,0.713851828445656,0.891248835762159
"1146","BTBD18","BTBD18",0.339927726734189,2.04322800718622,3.19865278767222,0.128355427279405,0.713851828445656,0.89158576323979
"6360","MDK","MDK",0.559105432799876,1.42893151307599,4.17952800583224,0.12829297428508,0.713851828445656,0.8917971262655
"11596","TSIX","TSIX",0.188638189571307,3.26333296795635,2.4756392884354,0.128275367375863,0.713851828445656,0.891856732867615
"2986","EDC4","EDC4",0.113197507508335,5.62389969920164,2.35865203878644,0.128262584660037,0.713851828445656,0.891900012724709
"4209","GRSF1","GRSF1",0.0886953792980872,7.52454529189657,2.36111127677473,0.128066434956286,0.713851828445656,0.892564679961535
"6992","NAPG","NAPG",0.107931659113925,5.21179786474774,2.36457360078557,0.127790853757958,0.713851828445656,0.893500228373184
"9275","RPP30","RPP30",0.0983046247567174,5.16266632987127,2.36802775759765,0.12751659089992,0.713073173673742,0.89443330646509
"7281","NOL10","NOL10",0.117109138440023,5.40138100511538,2.37130848236115,0.127256714987231,0.712209388925518,0.89531929185991
"3971","GIMAP7","GIMAP7",0.131503301738083,8.89728462931898,2.37301163390663,0.127122039520547,0.711762718472187,0.895779148011077
"10581","STAT3","STAT3",0.111587413380368,7.80883340923894,2.37347692313415,0.127085275147697,0.711762718472187,0.895904766460662
"6189","MAN2A2","MAN2A2",0.135531671074666,4.82235601437333,2.37636565601842,0.126857293570789,0.711364717794046,0.89668455826892
"8386","PRDM2","PRDM2",0.102087409086474,7.09156118462484,2.38035623130554,0.1265431136587,0.710053552549443,0.897761483705261
"602","ARFIP2","ARFIP2",0.0979686035437629,5.29374441567993,2.38176610157356,0.12643232422893,0.709783774606953,0.898141878272261
"9472","SART3","SART3",0.107122857483168,5.4171010459418,2.38473605146391,0.126199300228594,0.709783774606953,0.898943053235329
"1837","CENPL","CENPL",0.186029039557292,3.65682014083711,2.38566200736936,0.126126748464779,0.709783774606953,0.899192800193353
"11960","USP48","USP48",0.0870281695517526,6.43605661344757,2.38666745331577,0.126048021757216,0.709731330840435,0.899463965907145
"9049","RIC3","RIC3",0.159744142392763,4.34636363113457,2.3875790573694,0.125976690886975,0.709637694692455,0.899709803736596
"11300","TMPO","TMPO",0.126500321947598,7.25876735320923,2.38764472557869,0.125971554265594,0.709637694692455,0.899727512185569
"9724","SGTA","SGTA",0.114134520569053,5.03162711500889,2.38779312925744,0.12595994687934,0.709637694692455,0.89976753118899
"12422","ZFP91","ZFP91",0.148559361400126,4.97462680208412,2.38892404000815,0.125871532432654,0.709637694692455,0.900072480419315
"10360","SOX13","SOX13",0.552671953070617,1.42364444348653,4.28500021455057,0.125660998411495,0.709090966677826,0.900799494016225
"8543","PSMD11","PSMD11",0.10579061140559,6.24482450012567,2.3921039402625,0.125623303766804,0.709090966677826,0.900929789272774
"9464","SAR1B","SAR1B",0.126921799243742,5.94832533271253,2.39258153584322,0.125586069592929,0.709090966677826,0.901058531255241
"3141","EMC8","COX4NB",0.131574940850122,4.76351318574407,2.39412750499947,0.12546562863223,0.709090966677826,0.901475233066141
"12266","YPEL2","YPEL2",0.115895659175601,6.03702674163293,2.39905635758608,0.125082509340082,0.709090966677826,0.902803414752262
"12302","ZBTB21","ZNF295",0.261822278184842,5.32227407255191,2.40409370586106,0.124692321064691,0.707935877974718,0.904160290883261
"12125","WDR26","WDR26",0.158420730946985,6.10850508411265,2.40703981461453,0.124464755165471,0.707237634970387,0.904953610850547
"7051","NCOA6","NCOA6",0.141928965878542,4.92331691618516,2.40743932769471,0.124433931739559,0.707237634970387,0.90506117625414
"2723","DLEU7","DLEU7",0.431750499546169,1.71249570048231,2.65926019121394,0.12436590339795,0.707237634970387,0.905298671058697
"9371","RSL24D1","RSL24D1",0.108264456915419,8.16485253091563,2.40833946947345,0.124364515136131,0.707237634970387,0.905303518993672
"5032","KANSL2","KANSL2",0.105260778489982,6.58207180458677,2.41250236228579,0.124044051526377,0.70641943830188,0.906424057278205
"2364","CTC1","CTC1",0.119833677759396,6.96835100136171,2.41311559787999,0.123996922836896,0.70641943830188,0.906589092350171
"1322","C5orf15","C5orf15",0.113433198477442,5.48774062015449,2.41657590067121,0.123731368252574,0.705257926335957,0.907520184509912
"4641","HSPA1B","HSPA1B",0.343257400461106,2.04879543147374,3.38865451532396,0.123729177569538,0.705257926335957,0.907527873829039
"1934","CHD1","CHD1",0.206691935050939,7.69277744379561,2.41867038664317,0.123570942519335,0.704962989139548,0.908083640793491
"1974","CHRM3","CHRM3",0.233832711771299,2.89293285845116,3.90818724656752,0.123365211771358,0.704098940743432,0.908807291402965
"5500","LNPEP","LNPEP",0.109630331954042,7.14398280605903,2.42190183713998,0.12332389179959,0.704098940743432,0.908952778460472
"10294","SNRPA1","SNRPA1",0.120874981836849,6.84256012674309,2.423580787167,0.123195752727988,0.704098940743432,0.909404264562777
"636","ARHGEF11","ARHGEF11",0.285658298608509,2.46759170662567,3.33979046338177,0.12319003269903,0.704098940743432,0.909424429500531
"2685","DHX35","DHX35",0.127575578553793,4.74033933731261,2.42625597012458,0.122991890310754,0.704098940743432,0.910123523596386
"4086","GOLT1B","GOLT1B",0.153833352207584,6.64332249315475,2.42936570675277,0.122755390661164,0.703964035794177,0.910959427245788
"5935","LOC727896","LOC727896",0.356869345571521,2.06304753892147,2.83246008625901,0.122489039221791,0.703119604347031,0.91190277185837
"12490","ZNF143","ZNF143",0.119720613759355,5.51440696978528,2.43390591945294,0.122411021529499,0.702982816424168,0.912179477828104
"2431","CXXC1","CXXC1",0.122890464016625,5.80582180876059,2.43501080082729,0.122327382577002,0.702982816424168,0.912476316708691
"6275","MARS1","MARS",0.104894286663755,6.29372819097957,2.43733386479986,0.122151737825698,0.702426637771623,0.913100350035264
"4461","HERPUD2","HERPUD2",0.0786680133399956,7.75176548225339,2.44077954103762,0.121891736567096,0.701553459842472,0.914025735603571
"2984","EDARADD","EDARADD",0.191907249871473,3.76212473656663,2.44362457541511,0.121677528047911,0.700942527249358,0.91478962181877
"3362","FAH","FAH",0.328062539933603,2.23995559036587,4.35350153391317,0.121413068935031,0.70034179982774,0.915734563171082
"3305","EXD2","EXD2",0.190004534775146,3.35790349204165,2.59355582488434,0.121342816064046,0.70034179982774,0.915985930383529
"2931","DYNC1H1","DYNC1H1",0.103543455375474,6.92853419792357,2.45146427852682,0.121089451615824,0.70034179982774,0.916893687613103
"12250","YES1","YES1",0.283370580810299,3.32124706328536,2.45215251011783,0.121037978621757,0.70034179982774,0.917078337800029
"6354","MCUR1","CCDC90A",0.120444077598081,4.58737096341123,2.45241922321818,0.121018037714752,0.70034179982774,0.917149893351735
"7796","PDRG1","PDRG1",0.18286943651102,4.32407978051359,2.45938000865589,0.120498917739562,0.700180454837527,0.919016853685352
"9512","SCARNA21","SCARNA21",0.190620642913189,3.99927296751951,2.46186919084777,0.120313888965737,0.699652652117714,0.919684235062435
"3055","EIF2AK3","EIF2AK3",0.183835302874685,4.71586101601049,2.46232951070358,0.120279706988495,0.699652652117714,0.919807638548196
"8419","PRKAG2","PRKAG2",0.100731786876816,5.31350720232831,2.46277532410916,0.120246612636218,0.699652652117714,0.919927148917702
"8266","PP2D1","PP2D1",0.255254280687111,2.6779868161194,3.52063826665685,0.120143043241155,0.699652652117714,0.920301371505515
"2637","DERL2","DERL2",0.123516731387444,5.70410823372312,2.46675527533518,0.119951620076613,0.699071144318913,0.920993882038945
"12483","ZNF136","ZNF136",0.149060956536513,6.26165703754299,2.47087409968117,0.119647191507312,0.698331795984803,0.922097491176677
"5034","KARS1","KARS",0.067690272068298,8.0695663898778,2.47308875037784,0.119483862741997,0.697912720104425,0.922690745722937
"10656","STX8","STX8",0.108267543376318,5.78533149892857,2.47547632136791,0.119308062145705,0.697199770367671,0.92333020824006
"2926","DVL2","DVL2",0.143974180452431,4.5463483393256,2.4768551483902,0.119206669494824,0.696921191237653,0.923699445570876
"5896","LOC554206","LOC554206",0.408281274993887,1.90922778911863,3.7828587558533,0.119199858609216,0.696921191237653,0.923724259740696
"3601","FCRL6","FCRL6",0.549917295972151,2.47009746857862,2.47966170166821,0.119000587631836,0.696761673684521,0.924450894030716
"12185","WIPI2","WIPI2",0.119117631811509,6.32505180250378,2.48399710175998,0.118683031387291,0.695426813996082,0.925611369517652
"10448","SPRED2","SPRED2",0.476599332145344,1.60982067491738,4.08745980502329,0.118361100043161,0.694975571190584,0.926791007177723
"3830","GABARAP","GABARAP",0.0818530345146232,8.42957294955836,2.48902019218015,0.118316294598573,0.694975571190584,0.926955439928943
"661","ARIH1","ARIH1",0.164883538765303,5.96498417202601,2.49119797674527,0.118157690166682,0.694965894588302,0.927538007520659
"8022","PJA1","PJA1",0.144788691764709,5.16598323772358,2.49242607978496,0.118068354852811,0.694964050592337,0.927866488113897
"2059","CLIP1","CLIP1",0.0889496200304273,6.64638806604477,2.49545100396982,0.117848637819657,0.693985646134547,0.92867543300241
"5871","LOC401321","LOC401321",0.444696362070756,1.68837128779869,4.03917161807846,0.117287314423528,0.690993792014726,0.930748957822982
"10366","SP100","SP100",0.0907598919266696,8.49191327549131,2.50358444603954,0.117260135811251,0.690993792014726,0.930849607148981
"12894","ZNF830","ZNF830",0.0997033606208351,5.02777642183092,2.50431958613122,0.117207107039049,0.690993792014726,0.931046053383962
"6458","MFSD13A","TMEM180",0.212218094708668,3.22744098105473,3.16112822269491,0.117045702549816,0.690825249853853,0.931644527231459
"5216","KLHDC2","KLHDC2",0.106923887759299,7.79659782926137,2.50678778700548,0.117029262192792,0.690825249853853,0.931705532955464
"11458","TRAF6","TRAF6",0.11283781304322,5.73314209527004,2.50717658646847,0.117001275105814,0.690825249853853,0.931809405190578
"3538","FBXL18","FBXL18",0.220016691041045,3.05430144311439,3.32890395086102,0.116731389724204,0.690825249853853,0.932812344032317
"10502","SRRT","SRRT",0.144352423259834,5.67555350375686,2.51179440542794,0.116669443217354,0.690825249853853,0.933042874715444
"12826","ZNF711","ZNF711",0.43927469669848,2.05042433548013,2.51257017778182,0.116613800738069,0.690825249853853,0.933250049665184
"6505","MICU2","EFHA1",0.0811854355681039,6.75142347905214,2.51486991128834,0.116449026752374,0.690760504827869,0.933864136823073
"8409","PRIM1","PRIM1",0.179839930858899,5.32266981885676,2.51907977032837,0.116148070641026,0.690186954594497,0.934987999956862
"4764","IGIP","IGIP",0.429273635447724,1.90493466885967,2.51916388980773,0.116142065977917,0.690186954594497,0.935010452843518
"8838","RASGRF2","RASGRF2",0.180048059386875,5.09842191159691,2.52009295413547,0.116075770167393,0.690186954594497,0.935258426090913
"8463","PRPF38B","PRPF38B",0.077616010719996,7.38636321962557,2.52046500096942,0.1160492337062,0.690186954594497,0.935357722922561
"8960","REM2","REM2",0.265034074237636,2.62327924704741,4.50324857479419,0.116011113035586,0.690186954594497,0.935500406472556
"1218","C15orf62","C15orf62",0.606729010112622,1.38539043720159,6.05119568404678,0.116008334780175,0.690186954594497,0.935510807160995
"7","AACS","AACS",0.197584693578279,3.42492897560601,2.52147994025185,0.115976877178238,0.690186954594497,0.935628589349814
"2959","EARS2","EARS2",0.172252366619882,3.73412291464474,2.52694174608341,0.115588365265307,0.690186954594497,0.937085878332196
"1735","CDC42EP4","CDC42EP4",0.579202445196551,1.35738528208399,3.28264580202396,0.115565299120497,0.690186954594497,0.937172552272403
"7187","NFS1","NFS1",0.144777378584909,4.16049291700193,2.5322711548427,0.115210678288319,0.689722256314889,0.93850726651374
"11498","TRIM21","TRIM21",0.109650275039351,5.92424204498649,2.53344326501978,0.1151277985082,0.689544289033648,0.938819799905651
"3545","FBXL5","FBXL5",0.084204361325442,7.63679858291651,2.53435177432881,0.115063603926421,0.68947812181869,0.939062027487242
"11843","UBXN7","UBXN7",0.115216575280613,6.29788696166809,2.53567090249056,0.114970466787061,0.689238385225761,0.939413705373645
"6591","MMGT1","MMGT1",0.141306278350875,6.15542734369062,2.5357187466785,0.114967090334194,0.689238385225761,0.939426459922028
"12568","ZNF281","ZNF281",0.134031083784131,6.13459201188583,2.53645510472892,0.114915138210272,0.689238385225761,0.939622756271418
"7087","NDUFAF5","C20orf7",0.193427898999013,4.06555373188112,2.53919521837052,0.114722046675984,0.689022736818306,0.940353113662351
"374","ALK","ALK",0.631828179249833,1.36339870910363,5.02403977386697,0.114681991187726,0.689022736818306,0.940504775140147
"6459","MFSD14A","HIAT1",0.169374858797172,7.2304207010786,2.54250267970819,0.114489459530373,0.688263094757889,0.941234494795803
"8921","RCAN3","RCAN3",0.0927988457973271,8.28549857718832,2.55160108150321,0.113852365049734,0.685068057416602,0.943657943376635
"893","ATXN1L","ATXN1L",0.150454347716777,5.3053247813498,2.55212689086092,0.113815668122207,0.685068057416602,0.94379794786513
"12345","ZC3H7A","ZC3H7A",0.103559349960468,6.97441112485461,2.55286253017067,0.113764349132035,0.685068057416602,0.943993813520608
"2903","DUS3L","DUS3L",0.165573341182717,4.90706885868463,2.55486529937655,0.113624765157108,0.684651220800353,0.94452700138122
"9099","RNASEK","RNASEK",0.237195781395058,2.79426979199146,3.30230919403619,0.113572792940264,0.684651220800353,0.944725694074665
"7486","OAZ2","OAZ2",0.115366933541139,5.46252350892696,2.55719633839631,0.113462543895132,0.684309429080215,0.94514748353147
"10620","STOM","STOM",0.135411877817549,7.65485505128131,2.55812268411681,0.113398149877972,0.684309429080215,0.945394031019324
"10767","TAF11","TAF11",0.134262459508388,5.08907624153469,2.56113819170201,0.113188813255344,0.683611952682296,0.946196493479444
"563","APOBEC3H","APOBEC3H",0.302041607210542,2.41159681413886,2.81264212578548,0.113134595260044,0.683602750027271,0.946404572500376
"10549","ST6GALNAC4","ST6GALNAC4",0.209436572946501,3.21219904886048,2.56294931559417,0.113116478106141,0.683602750027271,0.946474125142646
"4374","HAUS2","HAUS2",0.133893759996192,5.13201870933572,2.56371231761288,0.113010459854529,0.683489368621353,0.946881357871708
"9853","SLC17A5","SLC17A5",0.114319500313883,5.21757820494012,2.56670113144355,0.11280376884078,0.683419830752286,0.947676390074213
"9377","RSRC2","RSRC2",0.143969285440226,6.91417324390077,2.56693024287706,0.11278794215259,0.683419830752286,0.947737327094717
"12346","ZC3H7B","ZC3H7B",0.15282315752439,4.14136042659829,2.56938576159131,0.112618474526738,0.683348676349568,0.948390359689974
"10629","STRAP","STRAP",0.140394356477776,7.89540973245666,2.57354696094487,0.112331940029918,0.68320780966157,0.949496740564088
"694","ARMC8","ARMC8",0.105421787817627,7.00364626871029,2.57870410598299,0.11197795817391,0.682014108633866,0.950867455771991
"7230","NKAPP1","NKAPP1",0.250398407090963,2.80468366312835,4.5089907422914,0.111890350970994,0.681864830766879,0.951207363880369
"10073","SMAGP","SMAGP",0.197630888446992,3.47978165190208,3.21023004119634,0.111688666848046,0.681864830766879,0.951990892910031
"790","ATG13","ATG13",0.089343771950538,6.88851408581778,2.58559106261098,0.111507189189008,0.681628102075026,0.952697131499552
"11941","USP30","USP30",0.197565590714548,4.48271908010704,2.58655981281712,0.111441146596443,0.681624702873954,0.952954428189024
"5133","KIAA0040","KIAA0040",0.154692882578027,6.31659193932809,2.58795813576929,0.11134589592425,0.681363352747781,0.953325785906991
"5566","LOC100131691","LOC100131691",0.308845978566002,2.39463993892828,4.94479505099937,0.111216016734521,0.681191724994555,0.953832663486741
"8900","RBM48","RBM48",0.107583635907078,5.89187068772018,2.59031360508304,0.111185652459399,0.681191724994555,0.953951251060853
"11318","TNFAIP1","TNFAIP1",0.178343032517462,3.77382084136352,2.59412066207035,0.110927202179831,0.680143801439325,0.954961940704217
"10930","TENM1","ODZ1",0.202374651496413,6.02267855627661,2.60120237130327,0.11044823082532,0.678751728326327,0.956841236324504
"9011","RGS10","RGS10",0.0964411968963505,6.36326116457863,2.60559212048489,0.110152491606169,0.677897663001341,0.958005674831218
"12934","ZRANB1","ZRANB1",0.156195402851744,5.15401796619048,2.60689319436828,0.11006500791072,0.677897663001341,0.958350730862387
"12383","ZDHHC6","ZDHHC6",0.0769136404428965,6.32800110725265,2.6069501178747,0.110061182170694,0.677897663001341,0.958365826728825
"560","APOBEC3D","APOBEC3D",0.188665490673671,4.13720491966124,2.60813303008885,0.109981714123883,0.677897663001341,0.958679515889431
"8754","RABGAP1","RABGAP1",0.144476184473827,5.04401875225796,2.61039413760891,0.109829991348333,0.677897663001341,0.959279050609601
"2046","CLEC16A","CLEC16A",0.0993963651186975,5.25435454158989,2.61056780139416,0.109818347998641,0.677897663001341,0.959325093685017
"4246","GTF2F1","GTF2F1",0.114499308430805,5.63800556556274,2.61879098040595,0.109268598230601,0.677200722528513,0.961504628302658
"8162","PNO1","PNO1",0.183134833371621,5.55917490178737,2.62812618509661,0.108648229457328,0.674883883045524,0.963977346593135
"6197","MANF","MANF",0.229622254396292,3.12903978452412,3.42374396192305,0.108593050152628,0.674883883045524,0.964197968273369
"12560","ZNF274","ZNF274",0.120498126063702,5.29174976412035,2.63131520263883,0.108437206503072,0.674703059934941,0.96482167899203
"8461","PRPF31","PRPF31",0.0983432765008055,6.05591161583018,2.63187545955952,0.108400180604863,0.674703059934941,0.964969994221711
"7917","PHF8","PHF8",0.135450190712775,4.85353972960471,2.63385260407467,0.108269629142429,0.674703059934941,0.96549335081363
"879","ATP8B2","ATP8B2",0.152391887254685,5.45628353116599,2.63398648385567,0.108260795368726,0.674703059934941,0.965528786565299
"12233","XRN1","XRN1",0.156099023569402,7.39702589654202,2.63751266797666,0.108028417101172,0.674703059934941,0.966461987412364
"9496","SCAMP2","SCAMP2",0.0888200539055635,6.5511367604794,2.63883121187808,0.10794166714832,0.674703059934941,0.966810878583899
"1300","C2orf69","C2orf69",0.130263641116681,6.01414014547399,2.63991706040324,0.107870285143956,0.674703059934941,0.967098173253207
"2382","CTRL","CTRL",0.227705814110668,2.99016721228608,3.08150541112106,0.107798690768923,0.674703059934941,0.967386513688101
"5088","KCTD10","KCTD10",0.111826157424511,5.54767317683612,2.64235962854502,0.107709907019547,0.674703059934941,0.967744349013595
"4104","GPANK1","GPANK1",0.139256115981721,4.37472482659871,2.76077078144036,0.107662632419165,0.674703059934941,0.967935005616924
"4479","HID1","C17orf28",0.266895647765799,2.68707671745942,4.26338057131226,0.107460233233836,0.673941291611527,0.968752221164888
"8508","PSD3","PSD3",0.395695851491592,2.26118151675407,2.65443334335718,0.106921050602086,0.673016394692318,0.97093678253384
"1222","C16orf70","C16orf70",0.147008438048769,4.30440448617281,2.65448626586197,0.106917607044502,0.673016394692318,0.970950769883681
"12018","VDAC2","VDAC2",0.0646988718151302,7.41461760076244,2.65461713626237,0.106909092110421,0.673016394692318,0.970985358537967
"11402","TP53BP1","TP53BP1",0.127804019391116,4.71249630516337,2.6549039119462,0.106890436021475,0.673016394692318,0.971061151376003
"12800","ZNF677","ZNF677",0.291642293680148,2.48374292582426,4.38613051810481,0.106831262911065,0.673016394692318,0.971301637542011
"4202","GRK5","GRK5",0.179506125579317,4.31716762615438,2.66512081581072,0.106228142732826,0.671915014955123,0.973760411555608
"7015","NBPF15","NBPF15",0.153573566957181,4.02126391226121,2.99673477753169,0.106213319664851,0.671915014955123,0.973821017207296
"11806","UBE2Z","UBE2Z",0.0969558616818558,5.83037155263684,2.66701074874056,0.106106133403134,0.671915014955123,0.974259511233929
"4735","IFNGR2","IFNGR2",0.149183301190297,4.71041647924206,2.66712676853603,0.106098648549083,0.671915014955123,0.974290147968725
"4247","GTF2F2","GTF2F2",0.102512228742043,5.54346515657926,2.67000914724906,0.105912884822489,0.671915014955123,0.975051202622308
"4456","HERC3","HERC3",0.131111416359431,6.46367226162552,2.67566500280857,0.105549428900219,0.671915014955123,0.976544112201464
"9279","RPPH1","RPPH1",0.309697703947302,2.36477998911717,2.8265861982458,0.105095282074974,0.670397238358727,0.978416779830894
"8455","PRORSD1P","PRORSD1P",0.276582455191694,2.74328574690436,2.68388905202497,0.105023414168882,0.670397238358727,0.978713867494358
"6666","MRGPRD","MRGPRD",0.548593757396649,1.4986119082066,5.16130636656867,0.104554188633535,0.669157123405452,0.980658563860252
"874","ATP6V1H","ATP6V1H",0.100765149665669,5.82321534185033,2.69147145523383,0.104541026779661,0.669157123405452,0.980713238669577
"11646","TTC28-AS1","TTC28-AS1",0.138060052152749,4.39155328752078,3.69219815787479,0.104509616023087,0.669157123405452,0.980843747891385
"897","ATXN7","ATXN7",0.11206081387127,7.60330672741833,2.69601343913281,0.104253251298929,0.668997526690433,0.981910391997701
"3723","FNBP4","FNBP4",0.111159574028874,7.70317809974993,2.69673308748292,0.10420773614504,0.668997526690433,0.982100038806281
"11469","TRAPPC10","TRAPPC10",0.111780437641361,6.17702579732725,2.703388570132,0.10378784812623,0.668185673539895,0.983853492351391
"7245","NLRC5","NLRC5",0.128403196515524,8.05821806945717,2.70428480217054,0.103731449783464,0.668185673539895,0.984089552225355
"10970","TFPT","TFPT",0.185173006088325,3.61744507808532,3.35967199291535,0.103629418763387,0.668185673539895,0.984516937709306
"7873","PGBD3","PGBD3",0.216484455692923,3.6085297822775,2.7068062366828,0.103572963202906,0.668185673539895,0.984753598492485
"2538","DCP2","DCP2",0.146458052140056,6.54549490105195,2.70732443373682,0.103540424962417,0.668185673539895,0.984890056869577
"11485","TREML2","TREML2",0.465955818626112,1.75836727653225,2.70928595009484,0.103417361929251,0.668185673539895,0.985406544829099
"8517","PSMA3","PSMA3",0.0785477970186051,7.30132666662357,2.71240227244577,0.103222182541678,0.667995676744429,0.986226962396602
"7295","NONO","NONO",0.0588331665759191,8.07280357064061,2.71382917409324,0.103132950690143,0.667995676744429,0.986602556669836
"11971","USPL1","USPL1",0.158569885359576,5.8668646526936,2.71384245277808,0.103132120705724,0.667995676744429,0.986606051761375
"5232","KLHL24","KLHL24",0.122542690717782,6.88768795320255,2.71577017963608,0.103011706950282,0.667995676744429,0.98711341631433
"10132","SMYD3","SMYD3",0.121225621582216,4.76518681910929,3.17083045347851,0.102994807853239,0.667995676744429,0.987184668280496
"1867","CEP44","CEP44",0.16412240181625,4.17319590375448,2.71825375519794,0.102856803186222,0.667995676744429,0.98776697778042
"2561","DDI2","DDI2",0.220684092926993,3.31742429020581,2.71909811371799,0.102804198533363,0.667995676744429,0.987989148350109
"5610","LOC100287559","LOC100287559",0.211406796451861,3.2498813334928,3.95785092908008,0.102629434399066,0.667374261884249,0.9887280645284
"4115","GPBAR1","GPBAR1",0.555943862436895,1.47901171525109,4.59718916505931,0.102583606541883,0.667374261884249,0.988922036468307
"4726","IFIT5","IFIT5",0.152542810817118,5.88964126657737,2.72273705164151,0.102577830167402,0.667374261884249,0.988946491820184
"9544","SCYL2","SCYL2",0.131839963692539,5.83954533421411,2.72339966866861,0.102536670295618,0.667374261884249,0.989120789643023
"11218","TMEM213","TMEM213",0.459351662252337,1.72482097920186,9.46617311073302,0.102532009504731,0.667374261884249,0.989140530890351
"9922","SLC29A2","SLC29A2",0.282025774610642,2.58394446501959,2.96666504294156,0.102462003936165,0.667374261884249,0.98943715451172
"1420","CAPN5","CAPN5",0.427620470436175,1.81822053710773,3.9260795274835,0.102375230138692,0.667374261884249,0.989805108939935
"8606","PTPMT1","PTPMT1",0.0873428584713173,5.59117909809438,3.07821552918866,0.102363192877079,0.667374261884249,0.989856176211284
"11612","TSPAN6","TSPAN6",0.330163902567857,2.49004357382593,2.72646879324058,0.102346264575604,0.667374261884249,0.989928003551621
"6895","MYH10","MYH10",0.182780335505225,4.05178586183705,2.72996203342658,0.102130025585955,0.667136365521952,0.990846559291373
"3771","FRS2","FRS2",0.13555703922306,5.21110415290473,2.73039792642088,0.102103078566359,0.667136365521952,0.990961163062694
"2154","COG2","COG2",0.099508076857133,5.56916367762924,2.73119644191489,0.102053734639615,0.667136365521952,0.99117109772205
"9053","RIDA","HRSP12",0.227791757499776,3.93886279808022,2.73216295077382,0.101994045111811,0.667136365521952,0.991425183635887
"2579","DDX21","DDX21",0.197258545570946,6.99768754740541,2.73272841898955,0.101959141004792,0.667136365521952,0.991573832073408
"9925","SLC2A11","SLC2A11",0.242802948420222,2.94550860624619,4.32090545925418,0.101923914015208,0.667136365521952,0.991723907197025
"1478","CBLB","CBLB",0.131554870453397,6.79380915539656,2.74073247866774,0.10146650427907,0.666299539701359,0.99367730166804
"9950","SLC35B3","SLC35B3",0.213398871065912,3.74332394035964,2.74170235225155,0.101406990156004,0.666299539701359,0.993932107314843
"5041","KAT7","KAT7",0.100143978853255,7.29140422286329,2.7426830208598,0.101346853078373,0.666299539701359,0.994189732041679
"11779","UBE2D3","UBE2D3",0.107273830017318,9.80820530080723,2.74519116647148,0.101193227545637,0.666299539701359,0.994848552100756
"67","ABHD5","ABHD5",0.181940585174655,4.16849562121949,2.74936748116257,0.100937999632287,0.665452388563138,0.995945306272312
"2284","CREB3L2","CREB3L2",0.132085367856847,5.31725150379289,2.75007850498901,0.100894618018154,0.665452388563138,0.996131999544625
"3794","FUNDC2","FUNDC2",0.097830500167448,6.33802562140133,2.75672532998682,0.100490076795285,0.664315257002798,0.997876821883547
"8758","RABGGTB","RABGGTB",0.141947136500319,5.90011269708474,2.76043344555305,0.100265175709023,0.663981686816312,0.998849880773712
"4706","IDUA","IDUA",0.227841713956384,3.46088555515299,2.76539606951622,0.0999650618624868,0.663009584632945,1.00015176091606
"2329","CSE1L","CSE1L",0.118426201441136,6.6958650130591,2.76540900471769,0.0999642809133998,0.663009584632945,1.00015515373349
"4873","INTS10","INTS10",0.0812621773584546,6.88734898351791,2.76583735061289,0.0999384238111603,0.663009584632945,1.00026750435825
"2795","DNAJC7","DNAJC7",0.0887249846285771,6.51192628379347,2.76870442423739,0.0997655440483016,0.66270271527835,1.00101942477928
"6378","MED13","MED13",0.142051922966325,6.58746438106188,2.76913620420736,0.0997395372250597,0.66270271527835,1.00113265116748
"8449","PRNP","PRNP",0.117814588865409,7.77719720520972,2.77047931458358,0.0996586875860437,0.66270271527835,1.00148483638925
"6684","MRPL17","MRPL17",0.152102158083574,4.43428261903258,2.77205051619116,0.0995642001660921,0.66270271527835,1.00189679074483
"10192","SNORA50A","SNORA50",0.586770559004019,1.4250831977899,9.39818869769012,0.0993258963675479,0.662155628764748,1.00293750696001
"4697","IDH3A","IDH3A",0.127189039904685,5.31408468342701,2.77603863952436,0.0993248126222935,0.662155628764748,1.0029422455747
"8739","RAB5A","RAB5A",0.120408280638698,6.63228493201234,2.77902149359454,0.0991461842153897,0.661998787779825,1.00372399558969
"7150","NEMP1","TMEM194A",0.197780645675953,4.13878772488591,2.78137540139176,0.0990054720637241,0.661719726472279,1.00434080114584
"4702","IDI2-AS1","IDI2-AS1",0.269859515776144,3.88824692707149,2.7822436704185,0.0989536245660364,0.66171410901814,1.00456829342121
"8363","PPP4R3B","SMEK2",0.124177354756518,6.96078234381133,2.78274293906819,0.0989238250700456,0.66171410901814,1.00469909919816
"4024","GMFB","GMFB",0.127461654964554,5.7349979979181,2.78510489130431,0.0987829838574466,0.661559605831293,1.00531785959528
"1969","CHORDC1","CHORDC1",0.141779071739558,5.19158688921138,2.78952872797608,0.0985197926112089,0.660856912898249,1.00647651104226
"11524","TRIM61","TRIM61",0.298080599033578,2.55334405958675,4.16361956674391,0.0985165223102586,0.660856912898249,1.00649092740665
"3612","FEM1A","FEM1A",0.142564858021196,5.30368231322694,2.79120456065254,0.0984202941257572,0.660856912898249,1.00691534142547
"12046","VPS26A","VPS26A",0.161183033829877,6.29800517265602,2.79350713839982,0.0982837659884818,0.660856912898249,1.00751821079308
"7870","PGAP6","TMEM8A",0.234839766341932,4.03577053533401,2.79523046146927,0.0981817214450472,0.660772494307418,1.00796935757399
"1823","CELSR1","CELSR1",0.555683958888689,2.39805259845312,2.7953384968707,0.0981753281729783,0.660772494307418,1.00799763832874
"11396","TOR3A","TOR3A",0.10961579939084,5.52760135435788,2.79702180735784,0.0980757735971401,0.660772494307418,1.00843825757881
"12015","VCPIP1","VCPIP1",0.116360675355902,6.91668337239823,2.79706497942565,0.0980732217824243,0.660772494307418,1.00844955755052
"12726","ZNF567","ZNF567",0.147715327926905,5.0186488216843,2.79794938020472,0.0980209628254742,0.660772494307418,1.00868103588035
"7667","PARP3","PARP3",0.191935050712708,4.1646352294335,2.80216843559737,0.0977720850268619,0.660772494307418,1.0097851232216
"9107","RNF113A","RNF113A",0.11898288234139,5.67213568327839,2.80330827581891,0.0977049673320017,0.660772494307418,1.01008335613753
"7775","PDGFB","PDGFB",0.380865898375628,2.56793546944535,2.80354185650192,0.0976912196119124,0.660772494307418,1.01014446847628
"11606","TSPAN3","TSPAN3",0.143016987930322,5.15724346586112,2.80359774493654,0.0976879305374812,0.660772494307418,1.01015909057772
"12393","ZFAND2A","ZFAND2A",0.154503604004051,5.43278234929292,2.80478324332933,0.0976181920336166,0.660772494307418,1.01046924008346
"11951","USP38","USP38",0.125310001249236,6.57120789192311,2.80581217591635,0.0975577084781953,0.660772494307418,1.01073840933169
"2062","CLK1","CLK1",0.186362241135288,8.85389470003236,2.80624483846993,0.0975322877686614,0.660772494307418,1.01085158862485
"3027","EFTUD2","EFTUD2",0.108452355128344,6.26167447842857,2.80759763848863,0.097452852568886,0.660772494307418,1.0112054440087
"4128","GPM6B","GPM6B",0.327543426009534,2.32045651622519,4.1370805639824,0.0973990907170808,0.660772494307418,1.01144509751972
"6791","MT1F","MT1F",0.341141524190969,4.33989982354205,2.80992376464759,0.0973164322268781,0.660772494307418,1.0118138213666
"5273","KPNA6","KPNA6",0.0973222910203349,7.11664321557084,2.8126943993938,0.0971542190431968,0.660772494307418,1.01253833487487
"11161","TMEM138","TMEM138",0.121563643742648,4.92373612832108,2.81272216547273,0.0971525949323187,0.660772494307418,1.01254559496398
"10323","SNX22","SNX22",0.356193723029822,2.13549717774682,4.39354185589147,0.0971402236815143,0.660772494307418,1.01260090082659
"10745","SYS1","SYS1",0.14852433896605,5.49533733009797,2.81309583894111,0.0971307407181576,0.660772494307418,1.01264329932575
"10313","SNX12","SNX12",0.188866226555825,4.03480261361624,2.81603263204521,0.0969591726206396,0.660772494307418,1.01341109911657
"1760","CDK11B","CDK11B",0.309396191186112,2.41569791254968,4.70961543464055,0.0969342782290252,0.660772494307418,1.01352261909747
"7289","NOL9","NOL9",0.150764985236099,6.29682008453976,2.81653587980107,0.0969298065099253,0.660772494307418,1.01354265419507
"11789","UBE2J1","UBE2J1",0.0887002034794611,7.07374208575115,2.82072076892044,0.0966859864401585,0.660772494307418,1.0146364675172
"4944","IST1","IST1",0.12050664420537,7.60162902841129,2.82237106465392,0.0965900238589444,0.660772494307418,1.0150677266564
"10256","SNORD50A","SNORD50A",0.282551576457851,2.57887899932357,3.02285899316412,0.0963984225670164,0.660772494307418,1.01593007269515
"4664","HUS1B","HUS1B",0.365288517703623,2.17367570647655,4.61144777212152,0.0963360395337057,0.660772494307418,1.01621121191418
"8248","POMT1","POMT1",0.137234319418787,4.91763715636504,2.82840251889208,0.0962401993817148,0.660772494307418,1.01664348593537
"143","ACSM3","ACSM3",0.282841145179976,2.61151969806151,2.83038932702081,0.0961252720764501,0.660772494307418,1.01716241794595
"1333","C6orf47","C6orf47",0.143642156109161,4.75165756070711,2.83123575093249,0.0960763567200631,0.660772494307418,1.01738347403117
"3425","FAM193A","FAM193A",0.147796549780931,4.24102572377426,2.84386378639816,0.0953498399893166,0.660772494307418,1.02068003142569
"12783","ZNF644","ZNF644",0.167665402144479,7.68484681246515,2.846678959386,0.0951887081171119,0.660678826689298,1.02141456730133
"2047","CLEC2B","CLEC2B",0.149859211344411,7.34289881690479,2.84765756463491,0.0951327664013419,0.660678826689298,1.02166987405774
"388","ALPK1","ALPK1",0.240803266962546,3.45845341022531,2.8494060700101,0.0950329041550541,0.660678826689298,1.02212599872391
"315","AKAP10","AKAP10",0.137578863305309,5.46969967122379,2.85528058839672,0.0946982423572563,0.659416627517793,1.02365808162638
"8136","PMAIP1","PMAIP1",0.361897059358747,6.14538445354876,2.85651181532562,0.0946282668631223,0.659416627517793,1.02397911403204
"706","ARNTL","ARNTL",0.151182674604786,6.15421765345583,2.85936954265992,0.0944660714186853,0.659229878706081,1.0247241453685
"9481","SBDS","SBDS",0.171298944516874,7.74063841191931,2.86354995208061,0.0942293588081601,0.657931900870969,1.02581376406623
"6975","NAGPA","NAGPA",0.131142619509738,4.80734494096612,2.86615028094602,0.0940824483013399,0.65731796104179,1.02649138950426
"3554","FBXO25","FBXO25",0.111153563116211,5.54575670090365,2.86628652478839,0.0940747579384335,0.65731796104179,1.02652689047967
"2028","CLASP1","CLASP1",0.120031479827685,5.84826746889422,2.86804708594484,0.0939754445864198,0.65731796104179,1.02698561101482
"2610","DEDD2","DEDD2",0.128218876680767,6.86107952320923,2.87443002326962,0.0936163542420248,0.656478358692858,1.02864827587041
"8502","PRXL2A","C10orf58",0.278175834556303,2.70811429957931,3.46760195292883,0.0934352986413064,0.655917818871033,1.02948902196011
"3410","FAM162A","FAM162A",0.104362733308243,6.01968220152841,2.87810290469938,0.0934104140476933,0.655917818871033,1.02960470287779
"8901","RBM4B","RBM4B",0.175323900466653,3.80579353582967,2.88427586493848,0.0930654211309352,0.654738453542095,1.03121165308496
"6971","NAF1","NAF1",0.183240274935713,4.02278147728936,2.8888094377624,0.0928129473697948,0.65425285575066,1.03239143564496
"8295","PPIL4","PPIL4",0.161961146393124,6.2827644386373,2.89036399977687,0.0927265485721333,0.65425285575066,1.03279590503935
"2866","DPYD","DPYD",0.124308263283318,7.50197294082728,2.89198247195824,0.0926366922747787,0.65425285575066,1.03321696044369
"2417","CX3CR1","CX3CR1",0.607165127811114,2.17468086570131,2.89294948764296,0.0925830502735611,0.65425285575066,1.03346851489958
"7750","PDCD4","PDCD4",0.0966215549778897,8.84128080826542,2.89398931271442,0.0925254077249728,0.65425285575066,1.03373899245478
"6316","MCAM","MCAM",0.477913465361144,1.94791733012569,2.89835669528441,0.0922837353967847,0.65380336108867,1.03487483472552
"6304","MBNL1-AS1","LOC401093",0.261586728212104,3.45688858571657,2.90564784959146,0.0918818271583337,0.652857502332934,1.03677037702847
"329","AKIRIN2","AKIRIN2",0.100225629457969,5.86390802321167,2.90612922699663,0.0918553604807832,0.652857502332934,1.03689549412906
"4338","H3C11","HIST1H3I",0.275138942369427,2.83173208369171,2.90886098027782,0.0917053250368472,0.652601855020855,1.03760544549711
"5080","KCNMB3","KCNMB3",0.32623835684381,2.34003852352776,4.4292010788675,0.0917028622211603,0.652601855020855,1.03761710895968
"5162","KIDINS220","KIDINS220",0.0981087101883825,6.34019509015235,2.91026657728119,0.091628231288412,0.652601855020855,1.03797069659658
"8160","PNMA8B","PNMAL2",0.531362455547679,1.59724421481778,3.35513877212132,0.091608181163494,0.652601855020855,1.03806573948168
"7355","NRF1","NRF1",0.15720217534677,4.953799862855,2.91203103753079,0.0915315560657595,0.652601855020855,1.03842915442993
"1614","CCNL1","CCNL1",0.155096921210863,8.24974381374353,2.91241568838001,0.0915104959130843,0.652601855020855,1.038529091117
"5981","LOXL1","LOXL1",0.253255105344496,2.93626777089102,3.01302588969266,0.091175136573454,0.652110639931065,1.04012357747343
"2188","COPA","COPA",0.0922621722693536,7.54806384648923,2.92220542067371,0.0909762925203739,0.652110639931065,1.04107176557983
"5236","KLHL29","KLHL29",0.406627952167208,1.9903303726708,4.77144785883878,0.0909239592250512,0.652110639931065,1.04132166146274
"4604","HRH2","HRH2",0.316644500107256,2.76226462473262,2.92512988197673,0.0908173801717386,0.652110639931065,1.04183103043955
"7148","NELL2","NELL2",0.243161499040807,6.80214792845834,2.92954180839455,0.0905782201580871,0.651369872566998,1.04297621735935
"2328","CSDE1","CSDE1",0.0817687550653142,9.63151998764298,2.93191245990927,0.090450000074331,0.651169728615037,1.04359142844727
"4844","INF2","INF2",0.222377129283907,4.128826173705,2.93251445093403,0.0904174724405737,0.651169728615037,1.04374763754121
"5630","LOC100289511","LOC100289511",0.247104382354626,2.96016579220933,3.90873050870747,0.090149324589655,0.651169728615037,1.04503752271956
"8667","PYGM","PYGM",0.366465739222827,2.15422938594706,3.21890835052091,0.0901297048398793,0.651169728615037,1.04513205117497
"3635","FGFR1OP2","FGFR1OP2",0.111476254506567,7.1367248146583,2.93830248963523,0.0901053830506827,0.651169728615037,1.04524926274599
"8494","PRSS12","PRSS12",0.423313542672567,1.8906962494058,3.47078795413375,0.0897753166514957,0.64991918689724,1.04684305437505
"4087","GON4L","GON4L",0.102773320670377,6.39799886293854,2.95725633394218,0.0890916888802924,0.647551868065577,1.05016280821656
"3199","EPHA1","EPHA1",0.264198695838607,3.69067898724897,2.95989971659492,0.0889513173264625,0.647551868065577,1.05084761583888
"5039","KAT6A","KAT6A",0.127548964715906,7.2015819053856,2.96096100372897,0.0888950284419933,0.647521170116776,1.05112252677538
"12016","VCPKMT","METTL21D",0.161211727776196,5.51844828882908,2.96335112162195,0.0887684044219307,0.647325750739577,1.05174158632652
"6614","MOK","MOK",0.592131571709878,1.52207922109873,2.96588844881608,0.0886341991602228,0.647074544572634,1.05239867494352
"1342","C8orf37","C8orf37",0.40154699455141,2.02249209471551,3.52699068817685,0.0885310187346196,0.646876194352863,1.05290453828486
"2628","DENND6A","FAM116A",0.18411653583773,6.3652306503019,2.9715602842823,0.0883350106581705,0.646709984914473,1.05386713422431
"4991","IWS1","IWS1",0.111958685080807,5.69924469964215,2.97568690378609,0.0881180318922548,0.645912474220627,1.05493521133832
"153","ACTR10","ACTR10",0.117988521584506,6.40967028613466,2.975718034087,0.0881163972872642,0.645912474220627,1.05494326765207
"9190","RP9","RP9",0.14581766254613,4.50134613279805,2.97628711137346,0.0880865217902333,0.645912474220627,1.05509053835221
"3105","ELK1","ELK1",0.127087916783124,5.24270163488956,2.97742415609636,0.0880268624997562,0.645912474220627,1.05538477722274
"5117","KDM5A","KDM5A",0.0918370297234217,7.54081139767499,2.98200722595169,0.0877868458201364,0.645912474220627,1.05657055488793
"2009","CIR1","CIR1",0.136164882404989,6.72933464932681,2.98365672831454,0.0877006375112789,0.645912474220627,1.05699724965991
"12559","ZNF273","ZNF273",0.183343229333989,4.54270216543209,2.98471294074594,0.087645485448324,0.645912474220627,1.05727044916946
"11981","UTP3","UTP3",0.164106697308481,4.02615275084626,3.20553330652748,0.0876149844082725,0.645912474220627,1.0574216119905
"9723","SGSM3","SGSM3",0.139869092119669,6.14312044609508,2.98643394808338,0.0875557017684259,0.645912474220627,1.05771556670293
"9065","RIOK1","RIOK1",0.169201713122908,5.61864745248742,2.9906393441136,0.087336735497898,0.645912474220627,1.05880304531765
"6501","MICB","MICB",0.156492143489446,4.94671379338576,2.99248964357217,0.0872405854411913,0.645912474220627,1.05928142868451
"7011","NBN","NBN",0.118982970075871,6.13716242960698,2.99377261723838,0.0871739847108943,0.645912474220627,1.05961310201937
"4925","IRF4","IRF4",0.220088966170329,4.0001713325462,2.99812422665803,0.0869485042225482,0.645912474220627,1.06073788477663
"11638","TTC21B","TTC21B",0.159471400441932,4.87452847755879,2.99952579381881,0.0868760182772021,0.645869676280885,1.06110009198942
"10138","SNAP29","SNAP29",0.105228364981057,5.64865465454182,2.99956820885309,0.086873825703655,0.645869676280885,1.06111105283486
"7589","P2RY10","P2RY10",0.122920034598376,7.84911158016308,3.00061731750823,0.0868196131986659,0.645869676280885,1.06138215337476
"11270","TMEM63A","TMEM63A",0.184699053090454,6.80657514597058,3.00101343916029,0.0867991533745306,0.645869676280885,1.06148451084382
"2760","DNAJA1","DNAJA1",0.154251046861908,7.00393132953339,3.00128538783912,0.0867851102032246,0.645869676280885,1.06155478071384
"12739","ZNF581","ZNF581",0.146857504342862,5.02826202716351,3.00659140132277,0.0865116128362863,0.645379616633204,1.06292559135363
"4788","IL15RA","IL15RA",0.17160605889408,3.83114581289344,3.28883594329054,0.0864112194620129,0.64500158232491,1.06342986592264
"3434","FAM209B","FAM209B",0.586144667489789,1.47730705335645,5.64091443198219,0.0864034948980129,0.64500158232491,1.06346869057406
"8286","PPID","PPID",0.156376198509182,5.27502080225044,3.01227857180195,0.0862195223148022,0.64500158232491,1.06439438761319
"70","ABI1","ABI1",0.115732576554826,8.05045707044594,3.01280943898546,0.0861923126782748,0.64500158232491,1.06453146631312
"11614","TSPOAP1","BZRAP1",0.243485832157291,3.09038147814234,3.01355328121284,0.086154202894247,0.64500158232491,1.06472353134124
"6658","MPZL3","MPZL3",0.221721070476085,4.62491116429903,3.01428605290725,0.0861166784343567,0.64500158232491,1.06491272949241
"4442","HELB","HELB",0.172618771186683,5.66341938226197,3.01462278519248,0.0860994407667011,0.64500158232491,1.06499966936777
"221","ADIPOR1","ADIPOR1",0.127437983620916,7.03631741996751,3.01845715844268,0.0859034229868982,0.64500158232491,1.06598953052611
"551","APH1B","APH1B",0.153042953347839,4.50177682009398,3.0203227620321,0.0858082287939117,0.64500158232491,1.06647106240272
"4228","GSTCD","GSTCD",0.257880774963567,2.87254439751645,3.77442422744669,0.085664856165004,0.64500158232491,1.06719730997814
"6829","MTMR1","MTMR1",0.168164707722263,4.46283395572197,3.02341183918296,0.0856508609213543,0.64500158232491,1.0672682673568
"8821","RAPGEFL1","RAPGEFL1",0.477630359410648,1.73859182713475,4.92403069762134,0.0855158760282759,0.64500158232491,1.06795325098623
"11695","TUBG2","TUBG2",0.250779876981128,2.99652223335245,4.34460409436536,0.0854274285194984,0.64500158232491,1.06840266628833
"1862","CEP250","CEP250",0.130817660948473,4.54981162784422,3.26229809191874,0.0853176588436283,0.64500158232491,1.06896107030235
"5611","LOC100287616","LOC100287616",0.211337997375181,3.97713136328581,3.03106761380443,0.0852622176851842,0.64500158232491,1.0692433754666
"5096","KCTD20","KCTD20",0.124422974730585,6.66912290476384,3.03162134048505,0.0852341832596299,0.64500158232491,1.06938619603482
"9381","RTCB","C22orf28",0.121465421528462,6.10623374275751,3.03309809812584,0.0851594666223825,0.64500158232491,1.06976706733331
"6847","MTREX","SKIV2L2",0.140480194567025,5.86997437328017,3.03323863911848,0.085152359699485,0.64500158232491,1.06980331258376
"1185","C11orf58","C11orf58",0.073972714941437,8.12488041591038,3.03679200874198,0.0849728884012571,0.64500158232491,1.07071961894351
"4606","HROB","C17orf53",0.531891372435453,1.55580537985608,4.97756167975807,0.0849450398785731,0.64500158232491,1.07086197543245
"10939","TERF1","TERF1",0.113457444724669,6.034968678068,3.04070821242751,0.0847755732531902,0.64500158232491,1.07172926483675
"5780","LOC220906","LOC220906",0.112784751737022,5.87602631506738,3.04225013292193,0.0846980230269488,0.64500158232491,1.07212672660562
"9302","RPS25","RPS25",0.0976751133693128,10.8027873902718,3.04557031217689,0.084531300831805,0.64500158232491,1.07298244771987
"10574","STARD3NL","STARD3NL",0.15633342813475,4.96032204410501,3.05101170933204,0.0842588420719042,0.644189110898029,1.07438451346502
"11520","TRIM52","TRIM52",0.139482464904457,5.32679287194993,3.05133544774592,0.0842426624803461,0.644189110898029,1.07446791577497
"9870","SLC23A2","SLC23A2",0.151020995031618,4.73079501220547,3.05407385530923,0.0841059406924165,0.644189110898029,1.07517332740285
"4145","GPR174","GPR174",0.16677337954451,6.36145857962925,3.06291294525636,0.0836662893003348,0.642507973710769,1.07744949206514
"4027","GMNN","GMNN",0.234326000837082,4.04873191084104,3.0661491096877,0.0835059566556789,0.642507973710769,1.0782825442718
"2374","CTNNAL1","CTNNAL1",0.401908770571953,2.76339394484146,3.07060739080299,0.0832856282719205,0.642484728392147,1.07942993377556
"3279","ETF1","ETF1",0.206459749097508,6.78039724755068,3.07212429737989,0.0832108084469276,0.642484728392147,1.07982025851715
"2860","DPY19L1P1","DPY19L1P1",0.390237496183129,2.07134795333586,4.07810213149726,0.0831172948495879,0.642484728392147,1.08030859984711
"5253","KLRD1","KLRD1",0.363264197630702,2.22234428124566,4.48097066881683,0.0828924872023121,0.64162543942458,1.08148482909306
"3631","FGFBP2","FGFBP2",0.689175523572533,2.15005013184318,3.08352654192797,0.0826507632106693,0.640136329034038,1.08275313172772
"2692","DHX8","DHX8",0.160267848902761,6.45448291247064,3.08369509613031,0.0826425154416071,0.640136329034038,1.08279647239618
"8246","POMK","SGK196",0.220138226574753,3.73361321934604,3.0856430633293,0.0825472622249526,0.640099003493311,1.08329732603914
"9527","SCML1","SCML1",0.323732472696401,3.27962587013583,3.08824166766621,0.0824203813542375,0.640099003493311,1.08396538035186
"4783","IL12A","IL12A",0.44788689958145,1.91885126541554,3.72279084329287,0.0823481645956439,0.640099003493311,1.08434607609188
"5348","LAYN","LAYN",0.655982076841059,1.35792640798561,3.58446265786033,0.0823383878702755,0.640099003493311,1.08439764044635
"11528","TRIM68","TRIM68",0.218982234805308,3.77949355167351,3.09881660626946,0.0819062487006836,0.639853635456614,1.08668296426272
"1248","C19orf73","C19orf73",0.550896339797295,1.58199867904154,8.46173801219675,0.0815820641719475,0.638337827806197,1.08840531045377
"12603","ZNF346","ZNF346",0.146929639410926,4.574292970262,3.10585540302438,0.0815659889586236,0.638337827806197,1.08849089377923
"11674","TTLL5","TTLL5",0.154175863876504,5.15608981222012,3.10627710355778,0.0815456530281349,0.638337827806197,1.08859918503709
"2765","DNAJB11","DNAJB11",0.151065118391087,5.56105600928927,3.10665059764414,0.0815276464355658,0.638337827806197,1.08869509483775
"5979","LONRF2","LONRF2",0.595256632610831,1.45873732624512,5.35966215844294,0.0814488085507532,0.638337827806197,1.0891152642544
"4572","HNRNPM","HNRNPM",0.0810277423321369,7.90699523373872,3.10929218834013,0.0814004167582782,0.638337827806197,1.08937337158061
"10295","SNRPB","SNRPB",0.10702135039429,7.74668719604807,3.1121989109896,0.0812606690692926,0.638337827806197,1.0901196061801
"2784","DNAJC2","DNAJC2",0.142756664989754,6.10639856107944,3.11330975751024,0.0812073320186134,0.638337827806197,1.09040475756337
"7098","NDUFB6","NDUFB6",0.12166320029139,6.37267408825616,3.11435629373422,0.0811571179643239,0.638337827806197,1.09067338394543
"7088","NDUFAF6","C8orf38",0.195458375115571,4.27368706699571,3.114462091863,0.0811520435411701,0.638337827806197,1.09070053945476
"455","ANKRD20A9P","ANKRD20A9P",0.145584224411119,4.53868334878457,3.1202017960912,0.0808772698099147,0.637249271851724,1.09217351773483
"12114","WDPCP","WDPCP",0.195906448703035,3.65717884558758,3.3464486099951,0.0808033362925033,0.637241143904344,1.09257070725126
"12315","ZBTB40","ZBTB40",0.128430126773857,5.54259611353828,3.12459214460886,0.0806677821910121,0.637147231697017,1.09329988300306
"11400","TOX4","TOX4",0.0762660002621077,7.23648939139537,3.13635425317739,0.0801094755854812,0.634856583244012,1.09631611124287
"6690","MRPL22","MRPL22",0.173573117087394,5.59076733749172,3.14161641090772,0.079861072638422,0.633466187338289,1.09766486096087
"12242","YARS1","YARS",0.11130025835721,6.31991878650063,3.141943814751,0.0798456453049212,0.633466187338289,1.09774876483063
"1221","C16orf58","C16orf58",0.175969169310335,4.42111260994633,3.14473590963692,0.079714213943577,0.633466187338289,1.09846423209363
"2280","CRBN","CRBN",0.0953427635492112,7.89045723585595,3.14604640736922,0.0796526071394368,0.633466187338289,1.09880000457421
"7220","NIPBL","NIPBL",0.137318072541207,7.39631225889261,3.14925495284942,0.0795019929403651,0.633466187338289,1.09962198439819
"12522","ZNF217","ZNF217",0.125391798177446,5.78774302329802,3.14974006670447,0.0794792481166656,0.633466187338289,1.0997462500213
"6571","MLF2","MLF2",0.11344344437631,6.62640273534329,3.15285774209152,0.0793332443771186,0.633466187338289,1.10054478463645
"10288","SNRNP27","SNRNP27",0.117107455895583,6.65188692340152,3.1554508004504,0.0792120329324395,0.633466187338289,1.10120884064262
"9899","SLC25A38","SLC25A38",0.0973255942584022,6.25590321816717,3.15593590133096,0.0791893796423348,0.633466187338289,1.10133305921866
"2908","DUSP12","DUSP12",0.121971494671329,5.96292468542083,3.15800758405062,0.0790927158855158,0.633466187338289,1.10186351139982
"3093","EIF5A","EIF5A",0.153414267735838,7.85769764551473,3.15856808886328,0.0790665852263777,0.633466187338289,1.1020070173599
"3741","FOXJ3","FOXJ3",0.109670132600764,6.84886781398797,3.1587588440249,0.0790576944047236,0.633466187338289,1.10205585533465
"12029","VIPR1","VIPR1",0.184381000015091,5.32043268973007,3.15885643006607,0.0790531464844658,0.633466187338289,1.10208083953765
"10236","SNORD29","SNORD29",0.435003586332439,1.87836431608257,7.11830538367455,0.0790240362920012,0.633466187338289,1.10224079173157
"391","ALS2CL","ALS2CL",0.169507674139485,5.1149845387395,3.16065220465202,0.0789695070027052,0.633466187338289,1.10254057322757
"4665","HUWE1","HUWE1",0.109808455370681,7.11640668269707,3.16221260449508,0.0788969090199639,0.633466187338289,1.10294001100945
"7542","OSBP","OSBP",0.18591032468793,4.51520769680194,3.16279764473491,0.0788697087371448,0.633466187338289,1.10308976300413
"3275","ESS2","DGCR14",0.209762388084909,4.30005497635802,3.1682322161828,0.0786175297083567,0.633466187338289,1.104480606546
"9022","RHBDD2","RHBDD2",0.244010714567858,7.38724209581941,3.17092181548315,0.078493051890239,0.633466187338289,1.10516878477422
"7029","NCBP3","C17orf85",0.0993704151619312,5.5128769494025,3.17870688550714,0.0781339652122934,0.633466187338289,1.10716013516666
"4930","IRF9","IRF9",0.156275183665806,6.96964323029869,3.18599937529606,0.0777992306916823,0.631853369346586,1.10902469745773
"8227","POLR2M","POLR2M",0.132057688283873,5.12640226099143,3.18770141577572,0.0777213311612896,0.631853369346586,1.10945976969022
"2225","COX14","COX14",0.101682207002092,6.54294081266309,3.18997402264077,0.0776174509160162,0.631853369346586,1.11004062430261
"1881","CEP95","CEP95",0.149824481109616,5.45695934937976,3.19183566938124,0.0775324688373758,0.631801958685475,1.11051638673373
"9448","SAMD4A","SAMD4A",0.484700821526221,1.75329849278008,3.75887172061357,0.0773517356753392,0.630725372040336,1.11152993683514
"12382","ZDHHC5","ZDHHC5",0.154162257255415,4.90057446838059,3.1999304299815,0.0771641349372904,0.629987616451522,1.11258450818817
"11717","TWSG1","TWSG1",0.241901364492406,3.18844198218839,3.50209894639173,0.0770180209920989,0.629190671492758,1.11340764493496
"1492","CBX5","CBX5",0.133928852714044,6.8925021438696,3.20758856849108,0.0768174314771539,0.628286498970097,1.11454021831049
"9409","RWDD1","RWDD1",0.112736690438992,7.0877455322268,3.21083869275598,0.0766708057716192,0.62793583540102,1.11536997250314
"10387","SPATA13","SPATA13",0.097861518884803,7.40743306361698,3.21675303094314,0.0764047722653652,0.626548110365728,1.1168795144114
"7671","PARP9","PARP9",0.223844214472393,7.04395443156149,3.21766446980577,0.0763638646396674,0.626548110365728,1.1171121008492
"1808","CEACAM1","CEACAM1",0.342515784442453,2.53085121255227,3.21905346691937,0.0763015691064043,0.626493832922394,1.11746653088855
"7459","NUP58","NUPL1",0.189012497623009,5.18961188431583,3.22287136721812,0.0761306252857348,0.625826999153251,1.11844060318936
"3607","FDX1","FDX1",0.122875476265581,6.31805598241459,3.22964578301193,0.0758283359631722,0.625116214495708,1.12016847440961
"6711","MRPL44","MRPL44",0.119158628955677,5.83224632454888,3.23591460049016,0.0755497769117619,0.62427213750082,1.12176681373573
"4257","GTF3A","GTF3A",0.0847758981472019,8.6972341811871,3.23812088021855,0.0754520058420231,0.623861613631973,1.12232921030134
"4769","IK","IK",0.0825267590255256,7.75566850904993,3.24099709464479,0.075324754404445,0.623206657454633,1.1230622756648
"6148","MAD2L1BP","MAD2L1BP",0.17573548579842,4.77508577725906,3.24153084718383,0.0753011655888313,0.623206657454633,1.12319830129094
"4583","HOPX","HOPX",0.356198276488995,4.81657506668411,3.24238805964962,0.0752632985933353,0.623206657454633,1.12341675160889
"12611","ZNF365","ZNF365",0.240934147992997,3.91950802659443,3.2469893707562,0.0750603931664491,0.623206657454633,1.12458916508185
"6554","MIRLET7BHG","MIRLET7BHG",0.460169618013017,1.84805530332884,8.42044572660892,0.0749746183729933,0.623206657454633,1.12508573615763
"1761","CDK12","CDK12",0.132868844261627,6.5395115403549,3.25242574598907,0.0748214340713537,0.623015702315579,1.12597397211607
"8466","PRPF40A","PRPF40A",0.134422288904754,8.17671321615158,3.25595440029521,0.0746667751429101,0.622127215111736,1.12687260543997
"11935","USP22","USP22",0.146534640390634,6.32022101779475,3.26199052524351,0.0744030246973854,0.621126408879781,1.1284094087729
"1936","CHD2","CHD2",0.146993918667975,8.01332609875072,3.26896058348043,0.0740997317636107,0.619391636707037,1.13018336413666
"9824","SLAMF7","SLAMF7",0.384992693022045,3.11541903944827,3.26986261054813,0.0740605800753972,0.619391636707037,1.13041289068575
"4988","ITSN2","ITSN2",0.0937314566155279,7.50790648843653,3.27702076841388,0.0737506867194078,0.618766442126908,1.13223393145745
"11451","TRAF3","TRAF3",0.147322831513056,5.57976378390531,3.28189916793867,0.0735403012448927,0.617500535954688,1.13347459545265
"8232","POLR3E","POLR3E",0.172184741505171,5.88569193634411,3.28195743643693,0.0735377923276133,0.617500535954688,1.13348941219257
"12897","ZNF836","ZNF836",0.179853120412936,4.37715695409603,3.29047883122384,0.0731718838468591,0.616555346660744,1.13565576369336
"9647","SERINC1","SERINC1",0.115892208938366,9.35087362526132,3.29070980773716,0.0731619934409139,0.616555346660744,1.13571446983594
"3127","ELP2","ELP2",0.123449362945013,6.73432431021712,3.30068214010148,0.0727363674690085,0.614328707796515,1.13824839186472
"10042","SLC9A6","SLC9A6",0.148411560474854,5.27390837456641,3.30158711954867,0.0726978763402975,0.614328707796515,1.13847827562186
"8283","PPHLN1","PPHLN1",0.0763547567805945,7.90061262848523,3.30815953476248,0.0724190006990733,0.61324523242107,1.14014747225406
"1440","CARMIL1","LRRC16A",0.324228144492089,4.07452918491615,3.31007887251654,0.0723377813100816,0.612957568214035,1.14063481572321
"2548","DCUN1D1","DCUN1D1",0.137629491747366,6.58109003852872,3.31180766456812,0.0722647102246608,0.612738618133676,1.14107373446589
"10166","SNIP1","SNIP1",0.269015316015793,4.91922484398557,3.31285706919166,0.0722203941947809,0.612738618133676,1.14134014542801
"7462","NUP85","NUP85",0.131090746090155,5.22475862811876,3.31519116930513,0.0721219321909086,0.612729421291851,1.14193264677758
"6561","MKLN1","MKLN1",0.133944168578475,6.75267732114772,3.31629077640013,0.0720755969868348,0.612729421291851,1.14221175175607
"11466","TRANK1","TRANK1",0.179863796691836,6.11005663280866,3.31852360390459,0.0719816101069384,0.612339296994959,1.14277844314104
"3137","EMC3","TMEM111",0.128117032090185,6.3984464968626,3.32350732280501,0.0717723114067334,0.611433751647029,1.14404306721306
"1317","C4orf33","C4orf33",0.239826251755454,3.42063005898653,3.32396354347793,0.0717531849419761,0.611433751647029,1.14415881693506
"1198","C12orf43","C12orf43",0.181655433971296,3.97952170320865,3.74200930689767,0.071488478548179,0.610948637816552,1.14576394569737
"11930","USP16","USP16",0.116411404235017,7.09485828844116,3.3305094095472,0.0714793693593848,0.610948637816552,1.14581928779688
"2151","COASY","COASY",0.12783517263673,5.45283870087127,3.3366554905202,0.0712233142370154,0.610497354376858,1.14737782115098
"3238","ERF","ERF",0.342886446330392,2.56160140962501,3.33866730380471,0.0711397165076009,0.610497354376858,1.14788786981414
"8535","PSMC2","PSMC2",0.130829256540006,7.3087331669591,3.3419766060788,0.0710024363786305,0.610413921232587,1.1487267486381
"1131","BRPF1","BRPF1",0.166575416026344,5.39038425211801,3.34291656859868,0.0709634965210273,0.610413921232587,1.14896499404475
"4011","GLS","GLS",0.147322681741667,6.55316272937315,3.34371276114577,0.0709305308451584,0.610413921232587,1.14916678987288
"3435","FAM20A","FAM20A",0.677903312825628,1.39625312262348,5.66234761338281,0.0709268195761535,0.610413921232587,1.14918951387901
"10235","SNORD28","SNORD28",0.3973363446498,2.0713499530008,4.84019167806892,0.0707638236295747,0.610348781307467,1.15018870860063
"12473","ZNF107","ZNF107",0.172798706306414,5.76467309051026,3.35397337066422,0.0705071899867978,0.610348781307467,1.15176659347139
"5419","LIN54","LIN54",0.146125394706644,4.85613376544113,3.36245715385383,0.0701592391165796,0.6084062894782,1.1539151295802
"6349","MCTP2","MCTP2",0.280859941016585,3.5630645660595,3.36945409500417,0.0698736773106229,0.60686656883462,1.15568640010208
"8193","POLDIP3","POLDIP3",0.14477678659274,5.94855589770783,3.37535461325946,0.0696338475197347,0.605875187037907,1.15717960783425
"9592","SEC62","SEC62",0.0829932318439845,7.03137536726575,3.37568463132271,0.0696204602687856,0.605875187037907,1.157263109872
"5637","LOC100329109","LOC100329109",0.487658358539184,1.89947399025596,5.0588831547642,0.0693262051401104,0.604821021709921,1.15910257207609
"8304","PPM1K","PPM1K",0.130162416396608,5.48312421918387,3.38706154874955,0.069160663511256,0.604189419347828,1.16014084885828
"2037","CLCN6","CLCN6",0.233465799593304,3.25369097373863,4.22821121151226,0.0689752341140221,0.603129225537722,1.16130681677476
"10744","SYPL1","SYPL1",0.12591089115822,7.22135318638839,3.40072005653016,0.0686130210906473,0.601430217979032,1.16359345789102
"1371","CACNA1I","CACNA1I",0.189095794430359,4.66546965408244,3.40153817894656,0.0685803684455523,0.601430217979032,1.16380018598339
"8364","PPP4R4","PPP4R4",0.485289377136932,2.17449567018001,3.40404546585333,0.068480403743336,0.601080025549593,1.16443368783169
"4778","IKZF5","IKZF5",0.189521268081307,6.05995521590167,3.40636271105783,0.0683881570048358,0.601080025549593,1.16501909992854
"6303","MBNL1","MBNL1",0.115259340314961,10.0251070446307,3.40852233212513,0.0683023068861153,0.60073615405666,1.16556462792914
"6362","MDM2","MDM2",0.153856531414204,6.50724393730103,3.41130107124864,0.0681920179052545,0.600580480845123,1.16626645793269
"12341","ZC3H18","ZC3H18",0.144814124882084,5.00160795992528,3.41265558183431,0.0681383272774143,0.600515298756723,1.1666085320993
"5957","LOC729609","LOC729609",0.69580893151472,1.35192542403537,6.55708831221575,0.0680820939673159,0.600427603696797,1.16696709533731
"1739","CDC5L","CDC5L",0.110691903211942,6.41509450505127,3.41687956776968,0.0679711905448009,0.59988986707148,1.16767512315543
"10501","SRRM2","SRRM2",0.16805257652628,7.31386094780988,3.41798197042337,0.06792764360919,0.59988986707148,1.16795345070113
"5449","LINC00921","FLJ39639",0.208026158409459,4.17590491770765,3.41863146458872,0.067902001610064,0.59988986707148,1.16811742343094
"6801","MTCH1","MTCH1",0.126208383429114,6.84857794505339,3.42309149721794,0.0677262040476385,0.599735184375436,1.16924326526715
"5091","KCTD13","KCTD13",0.17444242548591,4.30727078037544,3.42745821170225,0.067554564539146,0.599033059307136,1.17034530116171
"589","AREL1","KIAA0317",0.115377632296551,5.30233776225507,3.43148163018891,0.067396837680543,0.598043211511412,1.17136048046928
"11258","TMEM39B","TMEM39B",0.184241347729607,4.28032775944375,3.43194525866046,0.0673786881883535,0.598043211511412,1.17147744865477
"6112","LY9","LY9",0.194825137227912,7.18574903898737,3.43254612143882,0.0673551743474494,0.598043211511412,1.17162903536452
"10553","ST7L","ST7L",0.213601276348725,3.59868278332422,3.43284789398625,0.0673433683111699,0.598043211511412,1.17170516531101
"10047","SLC9B2","SLC9B2",0.169523597749997,4.4932218812393,3.44032625613689,0.0670515156371267,0.59784145179412,1.17359140087873
"9562","SDHB","SDHB",0.0800186644066766,6.93462956383118,3.44135066209305,0.0670116441552871,0.59784145179412,1.17384972635884
"2302","CRKL","CRKL",0.13233116282121,6.4000100154892,3.44135981797472,0.0670112879103671,0.59784145179412,1.17385203514586
"12730","ZNF570","ZNF570",0.240422702032667,3.44917976246539,3.44420262146368,0.0669007772268799,0.597729878074595,1.17456883674063
"2196","COPS3","COPS3",0.127297295215461,6.61371538898284,3.4478604029492,0.0667588767611776,0.597729878074595,1.17549097907078
"8571","PSTPIP2","PSTPIP2",0.255827931874201,4.22396304522469,3.44934105571648,0.0667015292290948,0.597729878074595,1.17586420913976
"8805","RANBP2","RANBP2",0.202164868200886,6.54352476683954,3.44938391027333,0.06669987021659,0.597729878074595,1.17587501112503
"3387","FAM122A","FAM122A",0.13150683568827,4.72529902780367,3.49400955722276,0.066619457538222,0.597729878074595,1.176398907957
"7820","PELO","PELO",0.181206041303613,4.48811144771929,3.45331622963798,0.06654783062345,0.597729878074595,1.17686609741877
"6913","MYO16","MYO16",0.499949258440172,2.93088521058481,3.45483571610412,0.0664891820402541,0.597729878074595,1.17724900977066
"5921","LOC646471","LOC646471",0.287800711729564,2.82767577780855,5.51306509732624,0.0663718447304013,0.597729878074595,1.17801611146599
"10339","SOAT1","SOAT1",0.130952703081567,6.12769912128876,3.46597441647474,0.0660609668321128,0.596802870970055,1.18005507450202
"12617","ZNF384","ZNF384",0.128535600719677,5.35415197440882,3.47171649864349,0.0658413907989744,0.595233702324108,1.18150100389025
"7157","NEU1","NEU1",0.235238583124709,4.0813673061411,3.47259384143853,0.065807911322432,0.595233702324108,1.18172189305561
"10257","SNORD50B","SNORD50B",0.290917007102417,3.17225150700678,3.47390359315164,0.0657579655132648,0.595233702324108,1.182051631904
"6383","MED17","MED17",0.120162507194043,5.68408092660853,3.47489818830625,0.0657200653466598,0.595233702324108,1.18230201340984
"10969","TFIP11","TFIP11",0.224811270242486,5.353369555135,3.48114064966098,0.0654827308259753,0.594476883838613,1.18387321750197
"5576","LOC100132707","LOC100132707",0.240851513715195,3.38528586035069,4.07250270126194,0.0652363811832811,0.593070478690053,1.18551013830807
"8214","POLR2C","POLR2C",0.218114348444103,5.65758909460987,3.49155260589022,0.0650889445197264,0.592461271077855,1.18649277090665
"8299","PPM1A","PPM1A",0.203044611255308,6.44306798477728,3.49481045971044,0.064966259674106,0.591859049685518,1.18731213630769
"10569","STAP1","STAP1",0.431641891370418,2.20750544214739,3.49983917844289,0.064777380195293,0.590579694921703,1.18857662023037
"8871","RBM11","RBM11",0.414817353406209,2.18431033725377,3.50100316800906,0.064733745637703,0.590579694921703,1.18886926301571
"6804","MTDH","MTDH",0.0952654258427713,7.68812373119725,3.50740554158244,0.064494309484294,0.589629793474098,1.19047860270728
"10906","TCP11L1","TCP11L1",0.208784107693586,3.46867500604155,3.74105826238211,0.0641378770168547,0.587198785137372,1.19288541944849
"7772","PDE8A","PDE8A",0.191642638759898,4.35139094141946,3.52265709026959,0.0639277973669408,0.586751035558198,1.19431025893017
"3947","GGA3","GGA3",0.135031655679751,5.64895817858436,3.52748511951113,0.0637495900930208,0.586541441331034,1.19552260337889
"11712","TVP23C","FAM18B2",0.211977895245178,3.47313540520381,4.15777786561107,0.0635986314485057,0.585983855794432,1.19655222964651
"3891","GBP1","GBP1",0.248688539063847,6.49861345875906,3.53386254486996,0.0635150192928558,0.585983855794432,1.19712356565714
"4445","HELZ","HELZ",0.123904650571628,7.54659986068299,3.53422177948235,0.0635018340350146,0.585983855794432,1.19721373140434
"3557","FBXO3","FBXO3",0.16148136599696,5.62026768497363,3.54767931694624,0.0630100257793933,0.584713207751122,1.20059034270124
"590","ARF1","ARF1",0.10943211898082,9.08742201003918,3.54795492209801,0.0629999970304175,0.584713207751122,1.20065947101742
"11143","TMEM115","TMEM115",0.145966500000273,5.06774750261513,3.5512142459724,0.0628815276800219,0.584356775496364,1.2014769158404
"10381","SPAG7","SPAG7",0.123851472082197,5.71865391671574,3.55193784947065,0.0628552590663078,0.584356775496364,1.201658379268
"8933","RCN2","RCN2",0.136359757407448,6.38689029182137,3.55224487373192,0.0628441169169804,0.584356775496364,1.20173537207635
"9898","SLC25A37","SLC25A37",0.14741291730592,4.51797297136405,3.60821118295332,0.0627462443075705,0.584356775496364,1.20241226387579
"769","ATAD2B","ATAD2B",0.158911639462121,6.23176222999156,3.55601431859353,0.0627074953547593,0.584356775496364,1.20268054534696
"12781","ZNF639","ZNF639",0.173418395471955,5.22850381568306,3.56079018135708,0.062534859273908,0.583643690187344,1.20387782313687
"9504","SCARB2","SCARB2",0.149366690028476,4.69109832756833,3.57156871580548,0.0621471326317538,0.580860772068979,1.20657890420551
"12915","ZNF890P","ZNF890P",0.553695762034573,1.74296970032728,3.57373131659436,0.0620696538070049,0.580554880200631,1.20712067688183
"9691","SF3B14","SF3B14",0.115069964273802,7.14094099337522,3.57377244411095,0.0620681813596878,0.580554880200631,1.20713097955456
"3966","GIMAP1","GIMAP1",0.199538526256034,6.08939843192082,3.57440496638408,0.062045540568359,0.580554880200631,1.20728942731838
"4681","ICA1L","ICA1L",0.220363875963992,4.62219833685025,3.57577116996583,0.0619966686110623,0.580554880200631,1.20763164667439
"8464","PRPF39","PRPF39",0.147614476561435,6.34962362894317,3.57579916646766,0.0619956675542814,0.580554880200631,1.20763865926
"9052","RICTOR","RICTOR",0.183371410781086,7.72749223662871,3.57621447361384,0.0619808196847965,0.580554880200631,1.20774268459512
"208","ADGRB2","BAI2",0.621399225032717,1.53763275704493,5.13468450986895,0.0618471457768306,0.580554880200631,1.20868033810398
"6514","MIER1","MIER1",0.140457791859718,7.63740217765,3.58248221055121,0.0617572060509457,0.580554880200631,1.20931236008333
"192","ADAR","ADAR",0.116650388006374,8.45291427289404,3.58277476252882,0.0617467900838173,0.580554880200631,1.20938561434554
"9118","RNF138","RNF138",0.140458871385881,7.49570803617544,3.5837940270493,0.0617105152521977,0.580554880200631,1.20964082742694
"9103","RNF10","RNF10",0.12528560109532,7.45005328075494,3.58556386707476,0.0616475829022305,0.580554880200631,1.21008394668873
"3895","GBP4","GBP4",0.176596990549772,7.46894381015349,3.58599781126538,0.0616321632461005,0.580554880200631,1.21019258856729
"4822","ILF2","ILF2",0.132219738875766,7.44964902555502,3.5892373913834,0.0615171809206387,0.580554880200631,1.21100357468034
"8288","PPIEL","PPIEL",0.246818094526505,3.2066486803172,4.41457828482275,0.0615042933507782,0.580554880200631,1.21109456693237
"10941","TERF2IP","TERF2IP",0.100860666508143,8.27202780031297,3.60438318359284,0.0609826879480962,0.580006166239481,1.21479343705003
"10102","SMG6","SMG6",0.160877897418219,4.7563146177822,3.60550426537429,0.0609433256753815,0.580006166239481,1.21507385003035
"11906","UQCRFS1","UQCRFS1",0.101887453858812,7.86821642895155,3.61065211793391,0.0607629327049661,0.579264535764339,1.21636127320874
"3134","EMC1","KIAA0090",0.14950912478872,4.60099788201496,3.81955547202765,0.0603324557080996,0.577588904826448,1.21944899726321
"3626","FGD6","FGD6",0.584617400639752,1.58575551088591,7.62595066423866,0.0602666921409251,0.577429687698834,1.21992264500741
"2475","CYSLTR2","CYSLTR2",0.321148865405803,3.23224934981126,3.62717812570387,0.0601877211327737,0.577099265525109,1.22049209990826
"10668","SUCO","C1orf9",0.19800606571866,5.77315805484465,3.62848175853591,0.060142597980962,0.577093138762589,1.22081781560321
"11464","TRAM1","TRAM1",0.120001224404638,9.05374561739327,3.62998565960375,0.0600905883800252,0.577020875687689,1.22119354354963
"10413","SPECC1","SPECC1",0.33434598842653,3.54023740566205,3.63035721187053,0.0600777464468672,0.577020875687689,1.22128636635086
"5802","LOC284023","LOC284023",0.260636964595258,3.18071273446383,5.80161119454091,0.0600162510001011,0.577020875687689,1.22173113688219
"9171","RNMT","RNMT",0.189920957277458,7.0825936991349,3.63350031109219,0.0599692305979959,0.577020875687689,1.22207152310133
"4740","IFT140","IFT140",0.378539829304414,2.40197994457543,5.50718217817963,0.0597993221830463,0.576357062912823,1.2233037386509
"6126","LYRM7","LYRM7",0.152594541589966,5.99370902346749,3.64526507461786,0.0595649311971827,0.575168385759074,1.22500935552907
"6909","MYNN","MYNN",0.135637083247261,6.03370455632445,3.64591322647023,0.0595427432247161,0.575168385759074,1.22517116062123
"7368","NSD3","WHSC1L1",0.0952087924197206,8.12513873031335,3.64792859315205,0.0594738089840284,0.575168385759074,1.22567424633725
"3944","GFPT1","GFPT1",0.160377836848748,5.65540572064493,3.64840483175962,0.0594575321926839,0.575168385759074,1.22579312031341
"12972","ZZEF1","ZZEF1",0.162380730516859,5.87457738169899,3.64906591077023,0.0594349459553022,0.575168385759074,1.22595812786532
"3046","EIF1","EIF1",0.150206899893768,10.8285263292782,3.65060852043309,0.0593822777124315,0.575168385759074,1.22634314828647
"8886","RBM27","RBM27",0.128845875593455,7.05876466904406,3.65263603691431,0.0593131304713282,0.575168385759074,1.22684915385327
"11367","TOGARAM1","FAM179B",0.158381725899023,5.26626124720773,3.65565041229142,0.0592104880788093,0.575168385759074,1.22760135896428
"3109","ELL2","ELL2",0.4029005408933,4.16278127726881,3.65771034102239,0.0591404561219173,0.575168385759074,1.22811533029235
"4634","HSP90AB1","HSP90AB1",0.0828222430861087,9.02334906374525,3.65834023231635,0.0591190594411047,0.575168385759074,1.22827248399732
"9457","SAP18","SAP18",0.0894565798501389,8.06823541371936,3.66234417756082,0.0589832458050498,0.575168385759074,1.22927133221765
"5923","LOC646762","LOC646762",0.695002633099103,1.35363263953251,5.35155977000292,0.0588695836940975,0.575086678662294,1.23010903536153
"7638","PANK4","PANK4",0.18518790014288,4.36588109651476,3.66767045859711,0.0588031017550658,0.574870112334943,1.23059976508745
"7714","PCF11","PCF11",0.137446751730472,6.72258254977829,3.66943505923623,0.0587435512918743,0.574721033868391,1.23103980211277
"5173","KIF21A","KIF21A",0.19696595704694,4.89263480374491,3.67001715842892,0.0587239213486375,0.574721033868391,1.23118495167487
"2492","DANCR","DANCR",0.129155357894221,6.138490350492,3.67267953448179,0.0586342293383642,0.574721033868391,1.23184877864365
"10277","SNORD84","SNORD84",0.600826498743025,1.55907660031823,10.8537423409801,0.0586205998002716,0.574721033868391,1.23194974221598
"8184","POGZ","POGZ",0.144341465480155,5.19641425902782,3.67738696286238,0.0584760047203299,0.574703946391545,1.23302230751374
"10103","SMG7","SMG7",0.129515396451656,5.60853494616302,3.67754718178109,0.0584706276281621,0.574703946391545,1.23306224438771
"3345","F2RL1","F2RL1",0.349802522430956,3.00417832683954,3.67826287273405,0.0584466149225423,0.574703946391545,1.23324063699201
"8711","RAB25","RAB25",0.53349431121718,1.6971686683451,5.33484192895204,0.0584198372744855,0.574703946391545,1.23343965706619
"2599","DDX55","DDX55",0.152409446082271,4.69890529684698,3.68209216964957,0.0583183163352015,0.574703946391545,1.23419502270254
"12336","ZC3H12B","ZC3H12B",0.338761961217054,2.57271062345739,3.83615935294396,0.05821602724679,0.574703946391545,1.23495743482414
"2536","DCP1A","DCP1A",0.196924321100994,6.842592542261,3.68574420756967,0.0581962405507508,0.574703946391545,1.23510506965937
"11745","TYW5","TYW5",0.204664285690566,4.41253440172341,3.68597180245866,0.0581886419482515,0.574703946391545,1.23516177859045
"1469","CATSPER3","CATSPER3",0.717658921857517,1.40073409598612,10.0749324811341,0.0579899023468232,0.574703946391545,1.23664762258946
"136","ACSF2","ACSF2",0.265038209988152,3.13279251991686,3.69985631579291,0.057727109931363,0.573864978651013,1.23862018461604
"530","AP4B1","AP4B1",0.132897601335426,4.80816621807118,3.84186042726292,0.0576935982862905,0.573864978651013,1.23887237372782
"1728","CDC40","CDC40",0.133792546795282,6.2830716278791,3.70498338251362,0.0575576845101748,0.573311007714359,1.23989668562982
"5634","LOC100303749","LOC100303749",0.579817401568572,1.5951339123343,6.9001346238644,0.0575451617359512,0.573311007714359,1.2399911849744
"7664","PARP15","PARP15",0.161473669138863,6.0146807405916,3.70904996860326,0.0574236853780814,0.573044208007577,1.24090893848523
"6256","MAPKAPK5-AS1","C12orf47",0.125953000411747,6.72406932377561,3.71392837399517,0.0572633806683569,0.572766258604929,1.24212301603722
"11445","TRA2B","TRA2B",0.107963139643195,7.27560314452332,3.71421260787274,0.0572540556539654,0.572766258604929,1.24219374417143
"209","ADGRE1","EMR1",0.375233704293625,3.85440023909444,3.71990981601694,0.0570674901006934,0.572766258604929,1.24361122784335
"1194","C12orf29","C12orf29",0.137407747672685,5.02326221473653,3.72152739664087,0.0570146393196982,0.572766258604929,1.24401361872279
"8213","POLR2B","POLR2B",0.0909205089829957,7.38888773612476,3.72700061568812,0.0568362063129795,0.572766258604929,1.24537491794238
"5744","LOC100616668","LOC100616668",0.43932001585298,2.03647099056723,5.2833131892444,0.0565093601750435,0.570946985631494,1.24787960995606
"8347","PPP2R3A","PPP2R3A",0.342385663089394,2.40925225430959,3.88902782692761,0.0561778053642811,0.569370835149077,1.25043523090161
"2504","DBF4","DBF4",0.238150598526274,6.56611726053524,3.7508345281583,0.0560662004336975,0.568683986103486,1.25129887473068
"2184","COMMD9","COMMD9",0.110481405033452,5.68259339532344,3.75779554497498,0.0558434421600391,0.56731164850602,1.25302781987922
"5009","JMJD1C","JMJD1C",0.150749367359248,7.89861315002533,3.75847139897571,0.0558218652500691,0.56731164850602,1.25319565594702
"4046","GNE","GNE",0.182263561002431,4.60561198347586,3.76335673033377,0.0556661666406859,0.566842370352919,1.25440868464093
"11773","UBC","UBC",0.149157514832121,9.78182274022595,3.7674353813333,0.0555365367090384,0.566278790341743,1.25542120659964
"1645","CCT6P3","CCT6P3",0.24137546006556,3.29849667809781,5.87029618561947,0.0555179189620604,0.566278790341743,1.25556682137583
"8756","RABGEF1","RABGEF1",0.193726479654208,4.6527940847178,3.76804041584625,0.0555173349543936,0.566278790341743,1.25557138985833
"9584","SEC24C","SEC24C",0.130847353445115,6.41271392999144,3.77567757743473,0.0552755726732888,0.566232137998658,1.25746674929089
"1920","CGRRF1","CGRRF1",0.144254705854129,6.15800260933379,3.7766905200301,0.0552435924147255,0.566232137998658,1.25771808760312
"12271","YTHDC2","YTHDC2",0.157446919839842,6.15338475020618,3.77888314257214,0.0551744361348356,0.566232137998658,1.25826209649491
"12111","WDFY1","WDFY1",0.130489657944259,6.25131669853136,3.77891597026549,0.0551734014454696,0.566232137998658,1.25827024092061
"10559","STAG2","STAG2",0.145921490469195,7.67422970127493,3.78589957338385,0.0549537622494476,0.566232137998658,1.26000256951451
"5499","LNP1","LNP1",0.574067958607802,1.6311111823171,5.60653302271011,0.054837217215932,0.566232137998658,1.2609245921471
"7520","OMD","OMD",0.471285855881298,2.12612637210153,3.79483195726854,0.0546742073431879,0.566232137998658,1.26221750456787
"2890","DTNB","DTNB",0.146930581853891,5.01013828293774,3.79546343424446,0.0546545023266634,0.566232137998658,1.26237405594511
"4645","HSPA5","HSPA5",0.159486386470515,8.45376004064357,3.80498569617586,0.0543582909488989,0.566232137998658,1.2647342061546
"715","ARPP19","ARPP19",0.10357324313986,7.76069382423138,3.80734683400999,0.0542851108270462,0.56613176977525,1.26531927119109
"3867","GAPVD1","GAPVD1",0.110525406029427,6.51518111142176,3.81184582732916,0.0541459650231915,0.56613176977525,1.266433901614
"10510","SRSF5","SRSF5",0.110948638495841,9.1915612980115,3.81625665151514,0.0540099196882129,0.56613176977525,1.26752646850647
"6216","MAP3K12","MAP3K12",0.267343378332068,3.03920305678411,4.74470004358862,0.0540081473920756,0.56613176977525,1.26754071979709
"12062","VPS4A","VPS4A",0.110346409785699,6.4964235188386,3.81823510022038,0.0539490172290711,0.56613176977525,1.26801646230413
"5022","JTB","JTB",0.0998447451052088,7.73594117290779,3.82235878044457,0.0538223162731541,0.56613176977525,1.26903761606681
"11936","USP24","USP24",0.217010350829587,5.8903481031651,3.82584083686942,0.0537155793191192,0.56613176977525,1.26989973606869
"10988","TGS1","TGS1",0.128573615988177,6.05804566457055,3.8376611575215,0.0533549458032933,0.564362000103375,1.2728253169045
"3520","FASTKD5","FASTKD5",0.157169112012221,5.90639079610312,3.84371345434922,0.0531713041350721,0.563715093538277,1.27432268759405
"2761","DNAJA2","DNAJA2",0.100549077676448,7.17049951149784,3.84931832295897,0.0530018463472161,0.563600780870848,1.27570900125882
"11257","TMEM39A","TMEM39A",0.248408131069851,5.12662860363217,3.86296244564131,0.052591758742747,0.561079676126362,1.27908230552238
"4107","GPAT4","AGPAT6",0.135466356080271,5.80255274223014,3.86824154288507,0.0524340091579673,0.559931935538697,1.28038693441644
"3156","EMSY","C11orf30",0.143986345209048,5.31567798288475,3.87136379511706,0.0523409503413579,0.559784953650812,1.28115839624981
"6832","MTMR12","MTMR12",0.185944622803181,4.52562708563487,3.87651080753843,0.0521879318633608,0.558608943946683,1.28242991330217
"737","ASB15","ASB15",0.5258188552888,2.03035499288763,3.89482420237404,0.0516473794906862,0.557422174819194,1.28695170902541
"10406","SPCS3","SPCS3",0.115726017376412,7.46914630719964,3.89944312759869,0.0515119984201246,0.556423942967757,1.28809160123576
"8497","PRSS23","PRSS23",0.65590636891551,1.59415721165064,3.90693980135375,0.0512930833660159,0.555713772116572,1.28994119353324
"4819","IL6ST","IL6ST",0.189535443535135,8.07957104120375,3.92136712059133,0.0508745968500483,0.55276059039839,1.29349901927027
"9706","SFXN1","SFXN1",0.192533908577764,7.44744658812109,3.92562210019443,0.0507518778647261,0.552080602117764,1.29454788383445
"10594","STING1","TMEM173",0.123727327348559,7.45624763135626,3.92716010581846,0.0507075983010067,0.552080602117764,1.29492695875445
"8098","PLEKHM1P1","PLEKHM1P",0.19128172192609,4.65707925536885,3.93599042956753,0.0504541747137894,0.551101833651653,1.29710289324963
"4278","GUSBP11","GUSBP11",0.15150902481406,4.91132346823744,3.94323140006862,0.0502473817823255,0.551022217973043,1.29888656290474
"1666","CD2AP","CD2AP",0.144492505801501,5.49027194292032,3.94842491561689,0.0500996234862581,0.549866679769227,1.30016553797417
"944","BACH2","BACH2",0.21941768705388,4.70934091340398,3.961420090713,0.0497319488166574,0.548150018690311,1.30336452199164
"2371","CTH","CTH",0.533200251079127,1.80367516728299,3.96339970283251,0.049676194643831,0.548001082580288,1.30385167991045
"6726","MRPL9","MRPL9",0.113107585464739,6.36869565314601,3.96507209004949,0.0496291456202471,0.547958625976906,1.30426320124044
"4531","HM13","HM13",0.119447803337072,6.94134938727838,3.96885064360645,0.0495230205742725,0.547958625976906,1.30519287411048
"1332","C6orf226","C6orf226",0.163560426514797,4.40827942174879,3.9727101504583,0.0494148738754695,0.547859821605794,1.30614230877337
"658","ARID4B","ARID4B",0.131146350056553,8.33004149385226,3.97946577688729,0.0492261865064955,0.546756265024628,1.30780380719566
"9469","SARS1 /// SARS2","SARS",0.125975245802352,7.09554358679355,3.97987138181977,0.0492148824880673,0.546756265024628,1.30790354753571
"9373","RSPH4A","RSPH4A",0.5226040096043,1.8122814350898,4.4428070919483,0.0491912136710069,0.546756265024628,1.30811246217092
"5487","LMCD1","LMCD1",0.531352147925164,1.77000017441747,5.26056867109277,0.0491358923018644,0.546756265024628,1.30860115280505
"1939","CHD6","CHD6",0.144722505712079,6.23921955924923,3.98332073300067,0.049118863459778,0.546756265024628,1.30875169070356
"1353","C9orf78","C9orf78",0.135599079358497,8.09387436083563,3.98831532700572,0.0489801867049129,0.546756265024628,1.30997956374461
"2767","DNAJB14","DNAJB14",0.144705231470509,7.14360011661795,3.99008727144577,0.048931089257931,0.546756265024628,1.31041511627678
"12515","ZNF204P","ZNF204P",0.306131764723901,3.61670169081605,3.99332768536788,0.0488414399671786,0.546756265024628,1.31121154045646
"404","AMMECR1L","AMMECR1L",0.188040383060717,3.98694454062459,3.99991867630735,0.0486596381678946,0.546756265024628,1.31283112479836
"10769","TAF13","TAF13",0.33916702136142,2.85916910152681,4.00064041533644,0.0486397744168696,0.546756265024628,1.31300844791575
"4143","GPR160","GPR160",0.386142827457761,2.95247986835041,4.00075280601862,0.0486366819775015,0.546756265024628,1.31303606054481
"2266","CPSF6","CPSF6",0.120729361452443,6.77072275596039,4.0032265835803,0.0485686692829159,0.546756265024628,1.31364379545642
"1137","BSDC1","BSDC1",0.167245058134412,6.20202959657413,4.00985518243136,0.0483869298078798,0.546756265024628,1.31527193337385
"10644","STX16","STX16",0.118573313861137,6.52879307756078,4.01928667212203,0.0481296012276707,0.544425166161776,1.3175877366052
"4165","GPRC5B","GPRC5B",0.630258736237963,1.52629360894688,4.46906908695807,0.0480114671580719,0.544425166161776,1.31865502244327
"2602","DDX59","DDX59",0.144394396988748,4.990008000235,4.02480558292873,0.0479797059499782,0.544425166161776,1.31894241799164
"9957","SLC35E2A","SLC35E2",0.235313033186407,4.57125127572742,4.02693774041462,0.0479219303534969,0.544425166161776,1.31946569635775
"6182","MAMLD1","MAMLD1",0.367024424508778,2.71990365387299,4.03745599079652,0.0476380068984565,0.544425166161776,1.32204641702783
"8515","PSMA1","PSMA1",0.0891759839422387,8.11564016253408,4.04068797113175,0.0475511282102006,0.543986584013167,1.32283917442264
"12305","ZBTB25","ZBTB25",0.122320968992563,5.71874471255315,4.04781670572554,0.0473601023882578,0.543613357405576,1.32458736737873
"12859","ZNF776","ZNF776",0.191740595486222,4.70093607916093,4.05023887213233,0.0472953843792855,0.543613357405576,1.32518124058178
"1709","CD8B","CD8B",0.534135879692375,2.75566750087164,4.0527709793113,0.0472278304246175,0.543613357405576,1.32580200479931
"10765","TAF1","TAF1",0.156737568072324,4.89708830841432,4.05353660719402,0.0472074246948567,0.543613357405576,1.32598969097564
"7181","NFKBIB","NFKBIB",0.238012767869805,3.89238161969677,4.06913850483976,0.046793654830632,0.542176782918113,1.32981303279912
"123","ACOT13","ACOT13",0.161706961644751,4.63309344308574,4.07378005189536,0.0466713118584298,0.542047384726418,1.33094999159674
"2581","DDX24","DDX24",0.169734700303756,7.74685302199617,4.07796359203784,0.0465613354559827,0.541254663862423,1.33197457189669
"7757","PDE12","PDE12",0.162179865409325,5.76421156302791,4.07932149890606,0.046525698813177,0.541254663862423,1.3323070950714
"11444","TRA2A","TRA2A",0.152981148870094,7.62663904751084,4.08093313453868,0.0464834413673571,0.541254663862423,1.33270172675526
"9075","RIPOR3","FAM65C",0.387438339638912,2.34086283768212,6.46912233876014,0.0464270515327849,0.541254663862423,1.33322889642647
"8778","RAD51C","RAD51C",0.191392866215117,4.78376360263933,4.08386489234372,0.0464066756634413,0.541254663862423,1.33341954109903
"11070","TJP3","TJP3",0.275264139996179,3.46415869916498,4.08576507082252,0.0463569937423473,0.541254663862423,1.33388473585432
"4293","GZMH","GZMH",0.649435786150713,3.12294086057189,4.10019410728343,0.0459815912932006,0.538402543123194,1.33741600309941
"10213","SNORD10","SNORD10",0.345802862626946,7.42532408932866,4.10036246519618,0.04597723040934,0.538402543123194,1.33745719344447
"12022","VEZF1","VEZF1",0.116517600947542,7.01500919856186,4.10506045466254,0.0458557197984604,0.538402543123194,1.33860648503262
"12318","ZBTB43","ZBTB43",0.219908503917529,5.8430468332464,4.10554097752966,0.0458433108153168,0.538402543123194,1.33872402505245
"4796","IL18BP","IL18BP",0.173867542441301,4.92818479946532,4.1060001586629,0.0458314563270773,0.538402543123194,1.33883634252033
"6717","MRPL49","MRPL49",0.131516187166514,6.06806709216862,4.10779403757186,0.0457851760274288,0.538402543123194,1.33927511176891
"1345","C8orf76","C8orf76",0.240408510133568,3.35191798698964,5.12241392384741,0.0455915167991077,0.538402543123194,1.34111595887229
"7544","OSBPL10","OSBPL10",0.711267330102952,1.47833072881891,4.8674708552086,0.0455562047664308,0.538402543123194,1.34145246364587
"8644","PUS3","PUS3",0.211317895540812,3.8039039957633,4.11902881043656,0.0454964683458324,0.538402543123194,1.34202231405597
"1831","CENPC","CENPC1",0.194390342841629,7.18389600345231,4.12437243349832,0.0453598357483867,0.537891361210074,1.34332852672755
"7195","NGLY1","NGLY1",0.15353544773346,5.7237832357541,4.12626373682312,0.0453115820360483,0.537891361210074,1.34379077433524
"324","AKAP8","AKAP8",0.180387898287465,6.1721013899592,4.12761195316221,0.0452772179851463,0.537891361210074,1.34412026580427
"2830","DOK2","DOK2",0.183529736586381,6.80289518722681,4.13043129935337,0.0452054473437134,0.537891361210074,1.34480922871138
"2573","DDX12P","DDX12P",0.480889012173151,1.94809808250479,8.70780647100616,0.0450244908312496,0.537353007869182,1.34655118978947
"6543","MIR4453HG","DKFZP434I0714",0.277398786758777,3.90419365773731,4.13909733392817,0.0449856037255155,0.537353007869182,1.34692644673307
"4832","IMP4","IMP4",0.13607799161121,5.56891899655497,4.14207870652237,0.0449102364126687,0.537353007869182,1.34765465875498
"604","ARG1","ARG1",0.33165597201167,2.76604271133088,4.14527162240135,0.0448296715938562,0.537003997772019,1.34843444260863
"11511","TRIM38","TRIM38",0.118560290577452,6.49892837673025,4.14637663707221,0.0448018255825189,0.537003997772019,1.34870428903175
"671","ARL17A","ARL17A",0.342926721565181,2.67039572331917,4.14745408558891,0.0447746920932026,0.537003997772019,1.34896739202684
"9890","SLC25A29","SLC25A29",0.641357910464449,2.04606040007075,4.1510536211537,0.0446841723736672,0.537003997772019,1.349846281522
"3832","GABARAPL2","GABARAPL2",0.118716244697577,7.63391364784303,4.1587212063192,0.0444920046166594,0.535734635669065,1.35171802638635
"5285","KRT1","KRT1",0.784462567074992,5.36699632907381,4.1617536404133,0.0444162494140427,0.535513014543101,1.35245811682661
"430","ANK3","ANK3",0.217794361804383,6.54793298621041,4.18493906744036,0.0438415903228629,0.531309126154178,1.35811370051098
"4639","HSPA14","HSPA14",0.174962750915711,5.41222894606134,4.19524077901372,0.0435888209057094,0.529969797197533,1.3606248786554
"9679","SETD7","SETD7",0.290649637727858,4.55188986030951,4.19551585773625,0.0435820928466404,0.529969797197533,1.36069191842378
"4497","HIVEP1","HIVEP1",0.219141991880926,6.02639805369603,4.1971331535263,0.0435425584491406,0.529969797197533,1.36108605651449
"10385","SPART","SPG20",0.196372050898052,5.66365863480592,4.20021899521768,0.0434672324013856,0.529969797197533,1.36183801085748
"1111","BRD1","BRD1",0.280379114554436,4.88773324443597,4.20353463924534,0.0433864524453458,0.529494306277959,1.3626458591217
"12659","ZNF460","ZNF460",0.155549507315824,6.18527618721611,4.20368998555883,0.0433826716475859,0.529494306277959,1.36268370621587
"5260","KMT2E-AS1","LOC100216545",0.171463761596804,4.3615879839242,4.20420015725844,0.0433702576407021,0.529494306277959,1.36280799792034
"9476","SAT1","SAT1",0.207321614682084,8.41895841793244,4.20537188034328,0.043341760514897,0.529494306277959,1.36309345189076
"5101","KCTD6","KCTD6",0.202561327213579,4.06258314395361,4.20774948002751,0.0432839972746403,0.529494306277959,1.36367263897919
"644","ARHGEF35","ARHGEF35",0.588756691739879,1.71424980067903,7.94692246974433,0.043207350742985,0.529494306277959,1.36444236162155
"2415","CWF19L1","CWF19L1",0.151059860251711,5.53312042418909,4.21171382250807,0.0431878678473039,0.529494306277959,1.36463823621663
"6101","LUC7L","LUC7L",0.137441831979687,5.07659846485014,4.21689413891546,0.0430625974858205,0.529494306277959,1.36589977758415
"12590","ZNF326","ZNF326",0.187522008993455,5.38095053135368,4.21917804463998,0.0430074918100541,0.529351225096615,1.36645588469111
"567","APOL3","APOL3",0.133585031318904,6.65103189654351,4.22490772376482,0.0428695793559351,0.528656894472002,1.36785077784445
"4876","INTS13","ASUN",0.192267838386404,4.85221169475226,4.23585387436745,0.0426074226165065,0.527429478629713,1.37051473609487
"3687","FLJ37453","FLJ37453",0.16719886348021,4.54442589962411,4.23807794323689,0.0425543670939819,0.527429478629713,1.37105586431038
"1926","CHCHD1","CHCHD1",0.148853715399204,4.86591472421182,4.2390448527968,0.0425313233831654,0.527429478629713,1.37129110378811
"6511","MIEF1","SMCR7L",0.139207110788828,6.19487246843497,4.24415892276579,0.0424096652417966,0.526992899599451,1.37253515560476
"4198","GRIP1","GRIP1",0.424659547581899,2.30305647817877,6.48698646441934,0.0423939550017693,0.526992899599451,1.37269606549544
"9196","RPAIN","RPAIN",0.106179692174212,5.81951894052737,4.24848575970608,0.0423070255617203,0.526992899599451,1.3735875071088
"934","B4GALT3","B4GALT3",0.133666450048014,5.70700970700514,4.25239485086689,0.0422145242163512,0.526585598710312,1.37453810112907
"198","ADCK1","ADCK1",0.341334953451297,2.62810220452476,5.20642520611889,0.0420449147604444,0.524974667167704,1.37628652364797
"6647","MPP2","MPP2",0.639863354964595,1.58563545361201,5.56974333299555,0.0420391118804186,0.524974667167704,1.37634646746558
"1764","CDK16","CDK16",0.276024687410192,5.65802784958407,4.26123172370703,0.0420062133152142,0.524974667167704,1.37668646653221
"3464","FAM49A","FAM49A",0.742844515836254,1.49127090616372,4.26199767738071,0.0419882094560585,0.524974667167704,1.37687264500801
"5787","LOC256021","LOC256021",0.342592208939249,3.14422776406906,4.27866279037589,0.0415985316760374,0.52292417774538,1.38092199861001
"9084","RMDN2","FAM82A1",0.465727953155134,2.3710456522064,4.28307831422606,0.041495934182243,0.522140401693733,1.38199445385945
"3908","GCLM","GCLM",0.170689873142154,5.10917082725219,4.28815853607226,0.0413782269739766,0.521180990534167,1.38322812246476
"9805","SIVA1","SIVA1",0.132162863842729,6.71989710919813,4.2899267945644,0.041337340838658,0.521180990534167,1.38365746424094
"3728","FNIP1","FNIP1",0.204417174063728,5.93733294315467,4.29761212798518,0.0411601402085641,0.51993232612045,1.38552315451937
"1311","C3orf35","C3orf35",0.481367686929933,2.07237406632067,8.01122408959578,0.0410227133955081,0.519207474029197,1.38697561715821
"10129","SMURF1","SMURF1",0.235548993747751,3.70155701504839,4.30418567559185,0.0410092189520093,0.519207474029197,1.38711850206249
"7287","NOL7","NOL7",0.11654810892509,6.72824390265033,4.30483786341934,0.0409942777741466,0.519207474029197,1.38727676046439
"10753","SZRD1","C1orf144",0.0958667874641498,6.90522509498068,4.30666371816226,0.0409524796590337,0.519207474029197,1.38771979672086
"11036","TIGD1","TIGD1",0.198470533348008,4.67584988105062,4.30998100663478,0.0408766557508889,0.519207474029197,1.3885246424317
"54","ABHD13","ABHD13",0.175970154973436,6.7528984471845,4.31217686018275,0.0408265473287999,0.519207474029197,1.38905734649025
"3287","ETNK2","ETNK2",0.481781187027739,2.2835916529825,4.316203670429,0.040734827947559,0.519207474029197,1.39003411368704
"10489","SRP19","SRP19",0.125656947860874,6.71868293865366,4.31900028003738,0.0406712587906775,0.519207474029197,1.39071238581068
"7061","NDFIP1","NDFIP1",0.13675084540962,7.82998318320082,4.31924357589483,0.0406657335027583,0.519207474029197,1.39077138976424
"10376","SPAG1","SPAG1",0.353955466000252,2.7544851188244,4.32285949535293,0.0405837099740816,0.519207474029197,1.39164825430553
"2394","CTSZ","CTSZ",0.782475389887332,1.40514609184222,9.59029420085034,0.0404960893555379,0.519207474029197,1.39258691390416
"3952","GGNBP2","GGNBP2",0.134280633562535,7.85909909665038,4.33165308414554,0.0403849737737023,0.519207474029197,1.39378019481658
"6516","MIER3","MIER3",0.222605417297421,4.9407927649158,4.33323423175194,0.0403493501836288,0.519207474029197,1.39416345509152
"5966","LOC731275","LOC731275",0.248997982705795,3.38425271570926,6.43127643631354,0.0399195760129067,0.518989301285559,1.39881408001575
"2372","CTLA4","CTLA4",0.478018250035075,5.63342152535938,4.35710522599483,0.0398155956281811,0.518989301285559,1.39994678298689
"3613","FEM1B","FEM1B",0.179506443926903,5.53863609789695,4.36390924056084,0.0396648444680858,0.518199423247207,1.40159424430947
"10351","SORBS1","SORBS1",0.472807790203152,2.0171869968261,5.37981290703064,0.0396008572234578,0.5181448974507,1.40229541297883
"11392","TOR1AIP1","TOR1AIP1",0.20515636369439,7.3546517301665,4.36769263198662,0.0395812829522905,0.5181448974507,1.40251013306873
"3529","FBP1","FBP1",0.342011683346265,2.69563221551413,4.99279184698524,0.0394859701819682,0.5181448974507,1.40355718677593
"8158","PNMA3","PNMA3",0.432621058206193,2.58463277151167,4.3822252005516,0.0392620561588281,0.517103202587286,1.4060269600837
"5574","LOC100132356","LOC100132356",0.211372893416307,3.81618555246542,4.38327108173615,0.0392391884094932,0.517103202587286,1.4062799837825
"1502","CCAR2","KIAA1967",0.181895980605111,5.5293871894259,4.39586977594149,0.0389648389951471,0.515806996208208,1.40932711394972
"9869","SLC23A1","SLC23A1",0.513099027113209,1.93488770051707,6.48526820625878,0.0387457380901211,0.514481535561045,1.41177606156379
"6810","MTF2","MTF2",0.122493783076821,6.7643529005462,4.41654249094262,0.0385191007078004,0.513047529242602,1.41432386075308
"10695","SUPT6H","SUPT6H",0.156269548292161,5.56440435591005,4.43574399656469,0.0381099612904567,0.509691265794943,1.41896149235482
"850","ATP5MPL","C14orf2",0.101002140541499,7.33730887576939,4.43676596350089,0.0380883160493601,0.509691265794943,1.41920822782835
"794","ATG2A","ATG2A",0.339693820479941,5.10376673551678,4.44615725044192,0.0378900223134001,0.508579386979428,1.4214751389693
"8918","RC3H2","RC3H2",0.198545726958919,5.78134930893219,4.4481867662243,0.0378473148307708,0.508579386979428,1.42196492714267
"11766","UBAP1","UBAP1",0.167219983377562,6.09219030538199,4.45531520038209,0.0376977167013659,0.508579386979428,1.42368495361456
"9354","RRP12","RRP12",0.241586748515645,3.87621072962048,4.45635159727785,0.0376760193801849,0.508579386979428,1.42393498837763
"6998","NASP","NASP",0.149691811999204,6.26388116676998,4.45982562362301,0.0376033866561143,0.508579386979428,1.42477303965137
"2544","DCTN4","DCTN4",0.186229281727499,5.95066676248937,4.46558761336862,0.0374832480410528,0.508579386979428,1.42616278317413
"2580","DDX23","DDX23",0.151141622549906,5.90765925857344,4.46565623997596,0.0374818196344991,0.508579386979428,1.42617933352494
"4551","HMGXB4","HMGXB4",0.195276983494405,5.1487821544976,4.46950433040122,0.0374018176943669,0.508579386979428,1.42710729096929
"12361","ZCCHC8","ZCCHC8",0.176381676254051,5.16540592813323,4.48418766784419,0.0370982212016346,0.50660549857769,1.43064691358805
"1250","C1GALT1","C1GALT1",0.157190836304964,6.93396730111873,4.48531885048542,0.0370749419470982,0.50660549857769,1.43091952032857
"12380","ZDHHC3","ZDHHC3",0.127206366991909,5.80049914293073,4.49094061486651,0.0369594794801782,0.50660549857769,1.43227415380686
"1035","BEX4","BEX4",0.172096182923594,6.13445000817891,4.49574993420088,0.0368610079420226,0.50602947728239,1.433432793434
"8811","RAP1A","RAP1A",0.124629272633297,7.14552125361459,4.51804330324114,0.0364081902479064,0.502720519575156,1.4388009081268
"6566","MKRN3","MKRN3",0.547021935124216,2.48179555275762,4.5241907038975,0.0362843721897287,0.501830661425746,1.44028038689677
"8456","PROSER1","PROSER1",0.143119652361333,5.96726057486012,4.52791183485672,0.0362096412125422,0.501830661425746,1.44117577841925
"3303","EWSR1","EWSR1",0.134420579967705,8.21573063739433,4.54530929995131,0.035862421638259,0.499920614270174,1.44536038770681
"7765","PDE4DIP","PDE4DIP",0.195722829113101,6.65236992081053,4.54630386170206,0.0358426797161393,0.499920614270174,1.44559952851809
"8534","PSMC1","PSMC1",0.144595309038352,7.11483943499384,4.54809485873503,0.0358071578760522,0.499920614270174,1.44603014890521
"3404","FAM160A1","FAM160A1",0.737186633572202,1.44902930277621,6.74647229621673,0.0357173812721508,0.499920614270174,1.4471203902299
"3184","ENY2","ENY2",0.12076824321162,6.22111367619301,4.56419952538332,0.0354894262467732,0.498464749240557,1.44990102178159
"12282","YY1AP1","YY1AP1",0.148986329834828,5.45538033435318,4.56598563749347,0.0354543733677797,0.498464749240557,1.45033018608469
"7260","NME9","NME9",0.414442206709327,2.40750735766858,4.56766999458046,0.0354213512697875,0.498464749240557,1.45073487516688
"6266","MARCHF6","MARCH6",0.123720694689341,7.43796555942412,4.57070345777313,0.0353619623959068,0.498464749240557,1.45146364201684
"591","ARF2P","MGC57346",0.27703833983982,3.28354539565666,4.6896593341776,0.0350680651590498,0.496782667704751,1.45508819516579
"9623","SENP1","SENP1",0.158730500202446,4.55222162590247,4.59260305079216,0.0349363504692376,0.496782667704751,1.45672246437466
"4647","HSPA9","HSPA9",0.193863057194088,8.05126339824516,4.60318600516307,0.0347326336724983,0.495694671763829,1.45926228417939
"8982","RFC4","RFC4",0.232064996236807,4.16870807312608,4.6081953550834,0.0346366478192069,0.494869198412523,1.46046414621783
"6923","MYO6","MYO6",0.292376097188119,3.916727836686,4.61366042859967,0.0345322519817678,0.494515287790583,1.46177509870343
"4387","HBS1L","HBS1L",0.163980881336247,6.35472043986577,4.61479012879623,0.0345107138765962,0.494515287790583,1.46204605695134
"768","ATAD2","ATAD2",0.265693492256725,5.3807016354519,4.62091131761676,0.0343942600034401,0.494127059827938,1.46351403001086
"11488","TRIAP1","TRIAP1",0.155082013260198,5.42130887467171,4.62133672703983,0.0343861822840687,0.494127059827938,1.46361603892062
"1347","C9orf131","C9orf131",0.574063860266481,1.84697440040126,5.19524238715436,0.0343155469338251,0.494090555352401,1.46450907477275
"8704","RAB1A","RAB1A",0.171032238490617,7.04498510323543,4.62709854148048,0.0342769751717441,0.494083554336707,1.46499751009137
"4633","HSP90AA1","HSP90AA1",0.146523952542812,9.71085882497698,4.6277388828358,0.0342648612312626,0.494083554336707,1.46515102268561
"160","ACTR5","ACTR5",0.195759070569626,4.4196469404735,4.63620702551014,0.0341050896220574,0.493007199208607,1.46718080488334
"10505","SRSF11","SRSF11",0.156669048591374,7.91502803836419,4.63999522482682,0.0340338733140634,0.493007199208607,1.46808862207082
"12582","ZNF317","ZNF317",0.224470315622886,5.7518486041878,4.64143573851227,0.0340068339371848,0.493007199208607,1.46843379934087
"10266","SNORD68","SNORD68",0.308185033441642,2.87297500814357,7.86609107053618,0.0340062239164199,0.493007199208607,1.46844158986406
"7424","NUDT16P1","NUDT16P1",0.934225965967362,1.26457159014292,6.0690313109834,0.0339676067233392,0.493007199208607,1.46893505140677
"507","ANXA7","ANXA7",0.116988273821318,8.11431986229663,4.659516879883,0.0336693781922247,0.491621650372176,1.47276490411025
"4378","HAUS6","HAUS6",0.174033588586475,5.41405250397835,4.65985529051408,0.0336630963944283,0.491621650372176,1.47284593930595
"7884","PGM5P2","PGM5P2",0.251307897645418,3.43654934400978,7.07158936091738,0.0333612281502512,0.488482181482177,1.47675796975315
"373","ALG9","ALG9",0.200419596873559,4.46761255827475,4.68647826156524,0.033172792802266,0.487925896852377,1.47921796388736
"8845","RASSF1","RASSF1",0.211340376842257,5.95388285573219,4.70295477383921,0.0328731646885795,0.485721600802896,1.48315848452111
"9180","RO60","TROVE2",0.147536261317706,7.4029070004621,4.71273930369529,0.0326965955829531,0.484423091765864,1.4854974643583
"2510","DBR1","DBR1",0.182370175014441,5.08439932963667,4.71429851955703,0.032668551729407,0.484423091765864,1.48587011835188
"11313","TMX1","TMX1",0.148498360345267,6.98977440331021,4.72051324075548,0.0325570286160402,0.484423091765864,1.48735523875039
"10298","SNRPD1","SNRPD1",0.121739065644346,6.3910226102373,4.72585767642631,0.032461446726062,0.484423091765864,1.48863212865198
"11277","TMEM70","TMEM70",0.17221476778676,5.34885154815892,4.73786690956424,0.0322477565510916,0.484423091765864,1.49150049347435
"10582","STAT4","STAT4",0.17600366728132,7.1355527083778,4.74217349472965,0.0321714909086555,0.484423091765864,1.49252881232157
"3946","GGA2","GGA2",0.139236678446841,6.23889564064549,4.75479067632243,0.0319491546685167,0.484423091765864,1.49554062819902
"10987","TGOLN2","TGOLN2",0.106366965651382,8.36948004140374,4.7567068694756,0.0319155312841227,0.484423091765864,1.49599792166055
"11781","UBE2E1","UBE2E1",0.255180981866806,4.09684400744021,4.76777094866834,0.0317221247451478,0.484423091765864,1.49863773137369
"10994","THAP3","THAP3",0.253230968136248,3.57888972739766,4.76883225856457,0.0317036380553789,0.484423091765864,1.49889089876903
"12918","ZNF92","ZNF92",0.180761754172317,6.00712438612601,4.76915237806963,0.0316980642235662,0.484423091765864,1.49896725900286
"12042","VPS13D","VPS13D",0.163494575482669,5.56751188394135,4.77510521687233,0.0315946046841181,0.484423091765864,1.50038707421613
"2283","CREB3","CREB3",0.192887200570173,5.19015529357954,4.7763992569629,0.0315721619886649,0.484423091765864,1.50069567760737
"11841","UBXN4","UBXN4",0.102106329886705,7.61419602940621,4.77676819478372,0.0315657665607532,0.484423091765864,1.50078365955815
"3984","GJB7","GJB7",0.585444654039302,1.91012312180995,4.7776934672692,0.0315497332947272,0.484423091765864,1.50100430770726
"8459","PRPF19","PRPF19",0.260430437810013,3.44970635829746,4.7895198301455,0.0313455651186637,0.484423091765864,1.50382389600512
"1132","BRPF3","BRPF3",0.223606916652566,3.89579767751713,4.79032247327787,0.0313317594322201,0.484423091765864,1.50401521666474
"2631","DEPDC1","DEPDC1",0.758949419773533,1.35796793334239,6.56869849862012,0.0312675198931176,0.484423091765864,1.50490656517375
"3681","FLJ20021","FLJ20021",0.60255942468858,1.71021295635808,7.3389322752653,0.0312651311217242,0.484423091765864,1.50493974560727
"5947","LOC728743","LOC728743",0.175165678708256,4.97369221981154,4.83477782381895,0.0305771170670997,0.479234372185908,1.51460346401435
"1159","BTG3","BTG3",0.370215781823521,5.82289765164351,4.83671086151618,0.0305447445885346,0.479234372185908,1.5150635020348
"5385","LETMD1","LETMD1",0.108142202027617,5.91422370419973,4.8472368083991,0.0303691049914591,0.479234372185908,1.51756800699508
"10158","SNHG3","SNHG3",0.161485845405798,6.59379772783811,4.85139700447837,0.0302999826601148,0.479234372185908,1.51855762003296
"11615","TSPYL1","TSPYL1",0.145170043522189,8.07872335763409,4.85304332332816,0.030272674982658,0.479234372185908,1.51894920180923
"8595","PTK2","PTK2",0.376306744370386,2.87699967201641,4.85855474008581,0.0301814465978829,0.479234372185908,1.52025994831053
"9725","SGTB","SGTB",0.198217145976468,7.18901418643359,4.87094975696919,0.0299773418405701,0.478574565155842,1.52320687966498
"11007","THEM6","C8orf55",0.282527718605037,4.2701838997964,4.87689241483537,0.0298800064226495,0.477999029438815,1.52461931350587
"7596","PA2G4","PA2G4",0.0982859986190188,7.54039066424702,4.87755114680091,0.0298692376671433,0.477999029438815,1.52477586146611
"10493","SRP9","SRP9",0.128605868848707,8.8248505081183,4.89587151067526,0.0295713871089457,0.475967251816815,1.52912830348768
"7465","NUP98","NUP98",0.208966589863275,6.67541971057707,4.9077397498236,0.0293801190574721,0.473476129854143,1.53194644864452
"4722","IFIH1","IFIH1",0.232327671222402,5.04143564894679,4.9142386209593,0.0292759404556766,0.473097459721415,1.53348914482433
"4804","IL20RB","IL20RB",0.566907519639261,1.78790565722756,10.3794864928675,0.0291474413743952,0.472805245825059,1.5353995625431
"10087","SMARCE1","SMARCE1",0.10447809688203,7.68468168169637,4.92540938049901,0.0290977855641314,0.472805245825059,1.53614006097534
"3284","ETFRF1","LYRM5",0.193449132508546,5.231102859876,4.92932482783939,0.029035613427751,0.472805245825059,1.5370689943087
"2444","CYB5RL","CYB5RL",0.42961736724304,2.3410592860205,5.8309322726183,0.0289826403597421,0.472805245825059,1.53786205221778
"7407","NUBPL","NUBPL",0.218644662955343,4.13124474682353,4.93950628054371,0.0288746044945571,0.472805245825059,1.53948395574076
"7458","NUP54","NUP54",0.207543609655374,6.12706325497737,4.93966542033236,0.0288720954011632,0.472805245825059,1.53952169592048
"950","BAG5","BAG5",0.129321428089614,6.50979624481162,4.94881132665664,0.0287282836275187,0.472480006842666,1.54169032017458
"11792","UBE2L3","UBE2L3",0.113027837840971,7.47938015760628,4.94959066102466,0.0287160644408367,0.472480006842666,1.54187508075096
"11921","USF3","KIAA2018",0.168162787182705,6.47629136653002,4.96242650036554,0.0285156027640661,0.471853207472232,1.54491744384598
"7521","OMG","OMG",0.83494194813619,1.41427801098246,6.21805686352665,0.0284947804163268,0.471853207472232,1.54523468539466
"9495","SCAMP1","SCAMP1",0.133133238035754,6.09386756947059,4.97347071674999,0.0283443098383475,0.470636977121048,1.54753411327334
"8879","RBM18","RBM18",0.220383473707306,5.43831134286594,4.97405930054024,0.0283352117514651,0.470636977121048,1.54767353749049
"7613","PAF1","PAF1",0.216264521739325,5.22414101901301,4.99907166969111,0.0279514297366796,0.468347417524673,1.5535959727196
"1173","BUD31","BUD31",0.187280975882227,5.46974390090567,5.00278399702468,0.0278949404960112,0.468151439915592,1.55447456066629
"12340","ZC3H15","ZC3H15",0.154925418321383,7.50359637073398,5.00565596417442,0.0278513218099125,0.468024867668387,1.55515418860053
"5895","LOC550643","LOC550643",0.120449913574463,6.25982027512203,5.01415085648444,0.0277227264948315,0.467073936126558,1.55716405965075
"345","ALCAM","ALCAM",0.269563751711916,4.24931151972535,5.01987079724044,0.027636493110005,0.467028149368671,1.55851706692737
"12489","ZNF142","ZNF142",0.212941566117313,4.74527397106913,5.02615478934466,0.0275420839286417,0.466771564984968,1.56000320262413
"3568","FBXO42","FBXO42",0.170959433887641,5.34614673327624,5.02824589736649,0.0275107435095447,0.466771564984968,1.56049767214288
"3503","FANCM","FANCM",0.243891344710793,4.11217843795602,5.03144557565416,0.027462861602253,0.466771564984968,1.56125421169804
"5135","KIAA0232","KIAA0232",0.20762287744243,4.80179960914974,5.03359470529509,0.0274307503482419,0.466771564984968,1.56176231242303
"6259","MAPRE2","MAPRE2",0.126513680796329,7.46440950315771,5.03439910158295,0.0274187416892685,0.466771564984968,1.56195247988737
"4112","GPATCH3","GPATCH3",0.24081953948077,4.59804474010713,5.0645580768043,0.0269725025842163,0.462238145343512,1.56907875662115
"7955","PIGA","PIGA",0.335769914320503,5.08643415436633,5.07055163964011,0.0268847410294429,0.462238145343512,1.57049414256144
"7047","NCOA2","NCOA2",0.16925829854537,6.13049243950671,5.08442632447855,0.0266827381986015,0.461449764804439,1.57376960490828
"10061","SLTM","SLTM",0.116297144000655,7.11904059307628,5.08540793864607,0.0266685078423668,0.461449764804439,1.57400128329608
"5002","JAM3","JAM3",0.320903522942669,3.20088273526633,5.10665205427606,0.0263624963434442,0.458445931720511,1.57901346749038
"7960","PIGH","PIGH",0.151954858494357,5.24925056604112,5.11267513559316,0.026276415232075,0.458177331728104,1.58043388382765
"3317","EXOC6B","EXOC6B",0.251500235537727,3.79862251444833,5.11396290696472,0.026258049237084,0.458177331728104,1.58073754165246
"2880","DSEL","DSEL",0.391737174387983,2.55577134732014,5.72829161174576,0.0260871486922784,0.457988190052018,1.58357338639922
"11460","TRAFD1","TRAFD1",0.192757589834305,6.21254032553204,5.12779295384657,0.0260616622978521,0.457988190052018,1.58399788702096
"9450","SAMD8","SAMD8",0.211687304821865,6.25678928681871,5.12793585367115,0.0260596412575955,0.457988190052018,1.58403156716983
"6850","MTRNR2L1","MTRNR2L1",0.254144196339775,10.3814276973391,5.12957651061947,0.0260364492450787,0.457988190052018,1.58441824354529
"11372","TOMM20","TOMM20",0.124070068898717,7.61562323677533,5.14142066162574,0.0258696698043909,0.457230553640821,1.58720911450132
"12923","ZNHIT3","ZNHIT3",0.132743149825451,6.20528938611108,5.14191617342461,0.0258627171273413,0.457230553640821,1.58732585024364
"6586","MMAB","MMAB",0.281213073263536,3.79913956967535,5.1597342286422,0.0256140169258604,0.455401294185689,1.59152230782852
"5075","KCNJ14","KCNJ14",0.704426025833901,1.60398393755663,8.89414424382469,0.0253102782926957,0.454749467190808,1.59670307964152
"2833","DOLK","DOLK",0.276703653982472,3.66927586007434,5.21667691289346,0.0248360581409129,0.448119864064065,1.60491733214671
"10694","SUPT5H","SUPT5H",0.157654841660993,7.29170996297004,5.24892028039279,0.0244066695595201,0.442217491893371,1.61249147869845
"3015","EFCAB7","EFCAB7",0.243139856748045,3.67059936878909,5.25376458050092,0.0243428392313275,0.442217491893371,1.61362876913856
"12234","XRN2","XRN2",0.129435653627398,7.98795951404469,5.25804643088851,0.024286566986978,0.442217491893371,1.61463387029088
"11589","TSFM","TSFM",0.177964565193677,4.92220561371788,5.25918053127648,0.0242716856584864,0.442217491893371,1.6149000610493
"3078","EIF4A2","EIF4A2",0.116173505132071,9.06078200094186,5.25972665693796,0.024264523001019,0.442217491893371,1.61502824175078
"7086","NDUFAF4","NDUFAF4",0.152424607646964,5.26600732947044,5.26238333101688,0.0242297115349063,0.442217491893371,1.61565175629354
"10883","TCEA3","TCEA3",0.271402687973109,5.03715858080741,5.26958000098315,0.024135675817447,0.442217491893371,1.61734053609622
"3450","FAM222B","C17orf63",0.230176489994731,4.89616986782038,5.27506351677952,0.0240642842976536,0.442217491893371,1.61862705026345
"9189","RP2","RP2",0.243079916233846,4.52259817775338,5.27773396867827,0.0240295977989715,0.442217491893371,1.61925349824101
"1384","CALCOCO2","CALCOCO2",0.143698172158151,7.09019323301751,5.28113197835325,0.0239855374913398,0.442217491893371,1.62005054499431
"8618","PTPN7","PTPN7",0.185545618085319,6.43637338330132,5.29026994728578,0.0238674732993932,0.442217491893371,1.6221935546092
"8917","RC3H1","RC3H1",0.153844392482092,6.91295199418038,5.29897530999448,0.0237555699974214,0.442153528804229,1.62423454454324
"12669","ZNF483","ZNF483",0.233470303620671,3.67841132513639,5.79182419581382,0.0236776824870519,0.4413370329088,1.62566080753778
"2155","COG3","COG3",0.154778725826912,5.48216135054642,5.30570862537515,0.0236693970086453,0.4413370329088,1.62581280582899
"1613","CCNK","CCNK",0.183371847771005,6.30826606488227,5.32350720671104,0.02344319848345,0.439533045245109,1.62998313544625
"10812","TARS1","TARS",0.158056261455274,5.82850587249422,5.32417186801253,0.0234347958357825,0.439533045245109,1.63013882570594
"2636","DERL1","DERL1",0.127387948135422,6.70705444884061,5.33794173808781,0.0232614315236592,0.438619987145976,1.63336356201963
"4935","ISCA1","ISCA1",0.224166216175833,6.87292320636085,5.35411861618836,0.0230594930552669,0.437354975739733,1.63715024455738
"11977","UTP18","UTP18",0.170173432700803,6.04612167871442,5.3556556155512,0.0230404030820202,0.437354975739733,1.63750992738572
"2132","CNOT9","RQCD1",0.157508572774425,5.06554722347205,5.36409004483407,0.0229359419546025,0.436287353338796,1.63948341915591
"6374","MED1","MED1",0.115150347514774,6.15673238767622,5.36854716270336,0.0228809424204208,0.435880273157296,1.64052609178638
"8892","RBM39","RBM39",0.181712140108997,8.6322885374517,5.36987289593577,0.0228646101668246,0.435880273157296,1.64083619878101
"4652","HSPD1","HSPD1",0.117667283588486,7.10367336215374,5.37329508985871,0.0228225076721721,0.435880273157296,1.64163663825467
"2967","ECD","ECD",0.147272801508025,6.07627580154386,5.37548424771441,0.022795617920932,0.435880273157296,1.64214863087971
"8422","PRKAR2A","PRKAR2A",0.176659939367026,5.01803928931106,5.38032244435578,0.0227363083217455,0.435880273157296,1.64328005001105
"8144","PMPCB","PMPCB",0.121919902189048,7.41560365866536,5.39003367863258,0.0226177535871214,0.435880273157296,1.64555053173437
"4629","HSF2","HSF2",0.249758134660967,5.4760348359119,5.40488942110981,0.0224376568790742,0.434566988862277,1.64902249757719
"5615","LOC100288069","LOC100288069",0.286667743242847,3.32707681730407,7.0143859276822,0.0223911038190802,0.434566988862277,1.64992449638438
"11130","TMED5","TMED5",0.151233057653678,6.51796189769253,5.41280951374833,0.0223422610604499,0.434566988862277,1.65087287793541
"2585","DDX39A","DDX39A",0.152683563579348,6.92548409381271,5.41576906685361,0.0223067239274986,0.434566988862277,1.65156420760423
"1004","BCL6","BCL6",0.590633429236054,4.63856822841331,5.4353375193481,0.0220732512097414,0.433216774499206,1.65613369409442
"8830","RASA2","RASA2",0.151359332121759,7.20315123440838,5.43632234788576,0.0220615695748401,0.433216774499206,1.65636359282769
"5423","LINC-PINT","FLJ43663",0.188214041453643,6.47702341194841,5.43963309245354,0.0220223467187132,0.433216774499206,1.65713640413429
"6399","MED6","MED6",0.166231374293305,6.02877973896988,5.45906423979541,0.0217936228160477,0.432306833016187,1.6616705697428
"11952","USP39","USP39",0.15472729677439,6.27033616685253,5.49958533140748,0.0213246804328126,0.427581266236286,1.67111746835767
"8986","RFK","RFK",0.219772409664105,5.2370866100681,5.5004603165449,0.0213146726873843,0.427581266236286,1.67132133208344
"3045","EID3","EID3",0.213272951015672,4.53665547373074,5.50154238695192,0.0213023032360278,0.427581266236286,1.67157343747115
"2687","DHX37","DHX37",0.237134950265828,4.2972895104188,5.50237464273131,0.021292794641281,0.427581266236286,1.67176733444538
"2074","CLP1","CLP1",0.242851976210199,5.01415155430552,5.50276185673776,0.0212883722147604,0.427581266236286,1.6718575450048
"6896","MYH11","MYH11",0.288461787022336,3.30292237934463,7.42705825558854,0.0212074055543478,0.427581266236286,1.67351245842117
"11350","TNKS","TNKS",0.187685276788691,5.65597192180781,5.51491118243651,0.0211501043213807,0.427581266236286,1.67468748615711
"587","ARCN1","ARCN1",0.122013164099394,7.46612683652685,5.51563326510224,0.0211419164109105,0.427581266236286,1.674855648582
"8383","PRDM10","PRDM10",0.266524180756632,3.49434099261424,5.51948754418034,0.0210982681444064,0.427581266236286,1.67575319238935
"903","AUP1","AUP1",0.117383046887913,6.94719346940244,5.52802938620689,0.0210018735759131,0.427581266236286,1.67774196015251
"5526","LOC100129361","LOC100129361",0.127762253962195,5.65555092281595,5.53189611461351,0.0209583905262389,0.427581266236286,1.6786420715171
"7801","PDXDC1","PDXDC1",0.192497265123231,5.81386063794065,5.53361471628671,0.020939094607339,0.427581266236286,1.67904210085859
"7271","NOA1","NOA1",0.139176050038194,5.43131402621203,5.54344658557786,0.0208290652806327,0.427581266236286,1.68133021889391
"11434","TPRG1","TPRG1",0.50684978242909,2.26132521651188,5.54350818545945,0.0208283778372738,0.427581266236286,1.68134455260405
"807","ATL2","ATL2",0.23912085819525,4.51076566116602,5.54598943483962,0.020800707444545,0.427581266236286,1.68192189417006
"7836","PEX12","PEX12",0.31325276403253,3.11465720648825,8.60795138489438,0.0206543795471574,0.427581266236286,1.68498784659846
"2735","DLST","DLST",0.198726155009097,4.48182650313591,5.58638748936297,0.0203556115951162,0.427581266236286,1.69131584448115
"6428","METTL17","METTL17",0.115360837114252,6.36112959022177,5.59928334232157,0.0202156527873492,0.427581266236286,1.69431223022117
"254","AFG3L2","AFG3L2",0.164384396056817,5.57867161354381,5.61546482059768,0.0200414693808555,0.425872358347672,1.69807044045931
"10151","SNHG1","SNHG1",0.175926435541118,6.56726032551635,5.61624916102196,0.0200330667738349,0.425872358347672,1.69825256139027
"11092","TLR4","TLR4",0.865785141583943,1.42561331436489,5.62140389669484,0.0199779366578018,0.425872358347672,1.69944936818233
"10369","SP140L","SP140L",0.160911853306962,6.10083156710662,5.64171132322608,0.0197622995983222,0.425442970503099,1.70416252104628
"8486","PRRC1","PRRC1",0.119901297517406,6.59699251914218,5.66404782869102,0.0195279477961193,0.422975557570532,1.7093433945847
"4568","HNRNPH3","HNRNPH3",0.159933826731605,7.79410295484698,5.66582731845223,0.0195094040437017,0.422975557570532,1.70975599685279
"2370","CTDSPL2","CTDSPL2",0.194303974504192,6.39138369887022,5.67301095924496,0.0194347330858694,0.422975557570532,1.71142141953645
"7127","NEDD9","NEDD9",0.165405415686431,5.92769153791131,5.68487806725557,0.019312038577887,0.421776223015031,1.71417187969563
"7035","NCF2","NCF2",0.420690031344492,3.84722670222911,5.69381757496958,0.0192201519219666,0.421187552168365,1.71624318385733
"12656","ZNF449","ZNF449",0.381348868578849,3.22020325112689,5.69617458837356,0.0191960016927271,0.421187552168365,1.71678922044299
"7825","PER2","PER2",0.294281372156706,4.22898160762387,5.71433818296287,0.0190109647849491,0.418089405172253,1.7209958426218
"8375","PQBP1","PQBP1",0.147515285558727,5.62546183985728,5.71568302330384,0.0189973395159139,0.418089405172253,1.72130721559772
"11119","TMCC3","TMCC3",0.856293492768501,1.73181622646175,5.71719441570565,0.0189820391019788,0.418089405172253,1.72165713631492
"3909","GCN1","GCN1L1",0.164494484530251,5.80858964313257,5.72035897903745,0.0189500450364079,0.418089405172253,1.72238975355658
"7167","NFAT5","NFAT5",0.190111761266728,6.28126747547043,5.72903496572925,0.0188626209971185,0.418089405172253,1.72439796136017
"1737","CDC42SE2","CDC42SE2",0.146614941885392,10.2056569780736,5.72946066613431,0.0188583423566881,0.418089405172253,1.72449648429128
"8607","PTPN1","PTPN1",0.14796490252049,7.47786984085703,5.73933533002105,0.0187593802586566,0.418089405172253,1.72678151322196
"6072","LSM10","LSM10",0.193797538628629,5.30057675646941,5.7581714114625,0.0185721225429095,0.414692161358288,1.73113845942683
"3081","EIF4E","EIF4E",0.183610995286532,6.67592673503043,5.76010578872455,0.018553003856264,0.414692161358288,1.73158576515482
"2198","COPS5","COPS5",0.154579017838006,6.51609415896545,5.76181495785424,0.0185361282971526,0.414692161358288,1.73198097325387
"8097","PLEKHM1","PLEKHM1",0.205156206517069,4.80654419988635,5.76241162532925,0.0185302408818732,0.414692161358288,1.73211893508
"11785","UBE2G1","UBE2G1",0.166742026543848,7.45469651627457,5.76407671239116,0.0185138216121262,0.414692161358288,1.73250392518286
"11665","TTI1","TTI1",0.222041279098947,4.33556417770736,5.80276241712974,0.0181366278227749,0.412060372582941,1.74144345895744
"9492","SCAF4","SCAF4",0.131274092428766,6.22247811580937,5.80368560170266,0.0181277260730096,0.412060372582941,1.74165667002918
"10951","TEX10","TEX10",0.166813228186578,5.05940463561805,5.80676402378421,0.0180980758144814,0.412060372582941,1.74236759682005
"11325","TNFRSF10B","TNFRSF10B",0.166437662448496,5.67450443746783,5.81036798350157,0.0180634286418807,0.412060372582941,1.74319981222174
"8710","RAB24","RAB24",0.240780073333524,4.29267617499243,5.81441255707997,0.018024628723291,0.412060372582941,1.74413367224441
"11387","TOP3A","TOP3A",0.222641906338567,4.14808261831181,5.81677315138986,0.0180020239165692,0.412060372582941,1.74467866565305
"5832","LOC338758","LOC338758",0.259983550383066,4.70169112591267,5.82640008568822,0.0179101460092606,0.412060372582941,1.74690087362848
"8915","RBSN","ZFYVE20",0.165789947226623,5.63175201789489,5.84023967104654,0.0177789273176797,0.410882627516789,1.75009444550675
"12262","YLPM1","YLPM1",0.162742590515156,6.08044281334455,5.86287910049077,0.017566451074092,0.407862218667472,1.75531596955873
"1246","C19orf53","C19orf53",0.146788959178172,6.49483387275876,5.87788841917363,0.0174270598429564,0.405890928801926,1.75877587747335
"9108","RNF114","RNF114",0.169108993189585,6.80864108902528,5.88295765395687,0.0173802453442779,0.405890928801926,1.75994409722487
"12132","WDR37","WDR37",0.156601008890491,5.33045375121236,5.89222086527221,0.0172950409367337,0.405362663041527,1.76207840568914
"6792","MT1G","MT1G",2.41268011925787,3.38372626008416,5.89394239854201,0.0172792545119921,0.405362663041527,1.76247499844926
"12201","WWC2","WWC2",0.526663442847764,2.28741502357551,5.90495830621626,0.0171785971417959,0.405196255855487,1.76501230490833
"12281","YY1","YY1",0.127036633477348,6.44367711423229,5.91335312117271,0.0171023042295774,0.405196255855487,1.76694537225268
"7129","NEFL","NEFL",0.459976669288248,5.57438312476896,5.91703611911886,0.0170689453710347,0.405196255855487,1.767793311556
"2317","CRY1","CRY1",0.241736101439748,5.81186194644514,5.92127599930414,0.0170306272890658,0.405196255855487,1.76876935537489
"245","AFAP1","AFAP1",0.254485647147947,4.15442609878727,5.93119247716763,0.0169413596736594,0.404170587382456,1.77105173715343
"3575","FBXO7","FBXO7",0.166881136273936,7.38630717685399,5.94041802565789,0.0168587537111427,0.403521424159878,1.77317453388562
"3026","EFR3A","EFR3A",0.142211412229889,6.45884956701,5.9456471711451,0.0168121199654422,0.403149043089986,1.77437751968113
"6249","MAPK8","MAPK8",0.263833987013205,4.11598393921969,5.94642809861226,0.016805167274657,0.403149043089986,1.77455716030852
"11559","TRMT61B","TRMT61B",0.178416542736383,4.78442350646648,5.9567592680251,0.0167134717783891,0.402270629649427,1.77693332762989
"2032","CLCC1","CLCC1",0.24020725254301,4.73345214601284,5.96282259588458,0.0166599012114397,0.401726576981426,1.77832757816656
"12273","YTHDF2","YTHDF2",0.113149184966669,7.60187638114429,5.96624826547091,0.0166297146896088,0.401726576981426,1.77911520176012
"8579","PTCH1","PTCH1",0.470381970314655,3.37706228665593,5.98011107043048,0.016508143770673,0.400299344181197,1.78230175747465
"11870","UIMC1","UIMC1",0.143864128357409,5.43105934604717,5.98798508484008,0.0164395085516153,0.399381543895328,1.78411116955216
"6835","MTMR3","MTMR3",0.192444158260883,5.38318148237323,5.99692218446952,0.0163619702117946,0.39824360142141,1.78616440233999
"9589","SEC61A2","SEC61A2",0.282463083305321,3.5323312292794,6.01752057578123,0.016184719352942,0.395413115189674,1.79089482697042
"4242","GTF2A2","GTF2A2",0.150641560814645,6.79652427484987,6.02398269291382,0.0161295292539183,0.395413115189674,1.7923783074659
"9897","SLC25A36","SLC25A36",0.228905300325118,6.7530925372528,6.03173419413468,0.0160635880033745,0.394683574181397,1.79415744311547
"2613","DEGS1","DEGS1",0.124205266455312,7.55388204737363,6.04398263144756,0.0159599688665425,0.393576190532966,1.79696796017213
"6699","MRPL34","MRPL34",0.140553895006451,5.87165180704639,6.05022996209151,0.0159073886109382,0.393576190532966,1.79840110916194
"11710","TVP23A","FAM18A",0.637795142272806,1.82801307278778,14.384889823199,0.0158406282806818,0.393576190532966,1.8002275971517
"8910","RBMX","RBMX",0.109848819328695,8.37330300755225,6.08038523042108,0.0156561370624185,0.392098583225395,1.80531538528111
"6869","MUC20","MUC20",0.522924432889416,2.58611748918753,6.08287834427758,0.0156355521351969,0.392098583225395,1.80588677799409
"10368","SP140","SP140",0.147428712534085,6.41119420305329,6.08328672422948,0.0156321829709964,0.392098583225395,1.80598037028158
"8678","QRICH1","QRICH1",0.163076341671162,7.22747925704123,6.08465573695217,0.0156208940816311,0.392098583225395,1.80629411235332
"4012","GLS2","GLS2",0.359183852746259,2.96022928289581,6.10381795138052,0.0154637783802485,0.392067684753595,1.81068438304345
"8809","RANGAP1","RANGAP1",0.296447781916137,5.38271674069303,6.10966743158439,0.0154161485642559,0.392067684753595,1.81202411306941
"7059","NDE1","NDE1",0.156418037007114,5.94685546178782,6.13876522455404,0.0151814975360315,0.388460685473247,1.8186853865725
"7351","NRBP1","NRBP1",0.162484941340159,7.06138960676409,6.15414766432533,0.0150589691213928,0.387253216913995,1.82220475723322
"7979","PIK3C2B","PIK3C2B",0.218251545470787,4.37623612706406,6.15494520235239,0.0150526447481291,0.387253216913995,1.82238718787026
"7194","NGDN","NGDN",0.203590840120229,6.49005133780408,6.15945312323469,0.0150169499336174,0.387253216913995,1.82341826716618
"1560","CCDC59","CCDC59",0.174674774112418,6.39891832806034,6.16794869215769,0.0149499214040509,0.387253216913995,1.82536109054201
"10286","SNRNP200","SNRNP200",0.165403562621446,7.50966600182206,6.1712621374474,0.0149238641581127,0.387253216913995,1.82611871270348
"2857","DPP9","DPP9",0.172635617285201,5.55985272978744,6.18014300508038,0.0148542591698722,0.386956434158136,1.82814900299593
"2868","DPYSL4","DPYSL4",0.780547529598968,1.72003100590894,6.18753292161455,0.0147965996227273,0.386683226003639,1.82983807749417
"9977","SLC38A6","SLC38A6",0.298250732918175,3.86223123823692,6.18811060745594,0.0147921021673194,0.386683226003639,1.82997010221734
"3392","FAM126B","FAM126B",0.169773734544771,6.23663076316009,6.19780675636579,0.0147168286627767,0.386683226003639,1.832185766265
"4109","GPATCH11","CCDC75",0.307374208209231,3.30098095530019,8.27037429239495,0.0147000193959657,0.386683226003639,1.83268209222085
"9442","SAFB2","SAFB2",0.141857942620379,6.0543874419364,6.20741830071782,0.0146426088733974,0.386683226003639,1.83438153814242
"11811","UBE4A","UBE4A",0.201252935771824,6.91321517009023,6.2419218050583,0.0143793963712544,0.383352515047904,1.8422593446997
"10586","STAU1","STAU1",0.181610721318311,6.85353920652926,6.24466683723051,0.0143586701327985,0.383352515047904,1.84288578159318
"9975","SLC38A2","SLC38A2",0.189233321014317,7.63255059230119,6.25569741283648,0.0142756999780366,0.383352515047904,1.8454025878705
"2338","CSNK1A1","CSNK1A1",0.108624018522437,8.12422409433869,6.30995927887493,0.0138748153736308,0.380545411928356,1.85777278714199
"9681","SETDB1","SETDB1",0.176182989990691,5.04121154816059,6.31248037567536,0.0138564792772618,0.380545411928356,1.85834710339614
"8261","POU2F1","POU2F1",0.249635664522509,4.92035111907915,6.31568549031446,0.0138332049816939,0.380545411928356,1.85907718759798
"7191","NFYA","NFYA",0.197236309260594,5.11601233245257,6.32122113194839,0.0137931038643805,0.380545411928356,1.86033799346938
"12472","ZNF106","ZFP106",0.143784366776849,6.84734559314764,6.3226483391316,0.013782784727994,0.380545411928356,1.86066302699893
"10836","TBC1D15","TBC1D15",0.248519403083631,7.40771350094073,6.32337339783987,0.0137775454392673,0.380545411928356,1.86082814796785
"8552","PSMD7","PSMD7",0.170397875838641,7.2258179050928,6.33855325709659,0.0136683340013651,0.37969870877882,1.86428441726152
"3831","GABARAPL1","GABARAPL1",0.532910800704464,6.07698451667755,6.35073125804897,0.0135813761745021,0.37809268908115,1.86705622160844
"11721","TXLNG","TXLNG",0.264475080191088,5.28777827182495,6.35372876497403,0.0135600614201023,0.37809268908115,1.86773834333392
"3625","FGD5-AS1","FGD5-AS1",0.151141520537275,6.99442894864593,6.3604846043439,0.0135121503919119,0.377786911711796,1.86927552965863
"2874","DRG1","DRG1",0.132628414746217,6.18698480001748,6.39907205179226,0.0132418786220104,0.374263379876561,1.87805039727578
"379","ALKBH5","ALKBH5",0.177808838871119,7.02358635676247,6.40988763072265,0.0131671466123288,0.374208302428505,1.88050832866633
"662","ARIH2","ARIH2",0.126588164002114,6.76340862325018,6.4499420571245,0.0128942136217226,0.371047407213849,1.88960513899797
"7479","OARD1","C6orf130",0.170227314364648,5.34167067387982,6.45324753691862,0.0128719564801298,0.371047407213849,1.89035543724894
"3198","EPG5","EPG5",0.223524519445483,4.82364143732683,6.45329229497694,0.012871655382458,0.371047407213849,1.89036559627854
"4825","ILKAP","ILKAP",0.142055609766963,5.51247481220333,6.46367084053079,0.0128020355309595,0.371047407213849,1.8927209717912
"10577","STARD7","STARD7",0.164447210620596,7.48374066561432,6.4912737583676,0.0126187880781138,0.369280473798686,1.89898235319502
"9396","RUBCN","KIAA0226",0.134213024656754,6.17826579207648,6.49221207485406,0.0126126074147653,0.369280473798686,1.89919512208774
"10643","STX12","STX12",0.239130601851463,5.22438995185901,6.52948392744355,0.012369647424276,0.366373141632722,1.90764267901871
"1597","CCNB1IP1","CCNB1IP1",0.236535883458611,4.79516576159516,6.54715115404314,0.0122562003876689,0.364678182635844,1.91164414698143
"4060","GNPAT","GNPAT",0.153850605811362,5.93428391302388,6.55295207300096,0.012219189003948,0.364412733214291,1.91295761756304
"3819","FZD6","FZD6",0.360845310045987,3.54063985847034,6.56606436774525,0.0121359600271257,0.363858563352995,1.91592586267842
"7438","NUFIP2","NUFIP2",0.199691363000972,6.11591481074968,6.59922687139829,0.0119281042395198,0.359079705594833,1.92342857424567
"12540","ZNF24","ZNF24",0.103485246449106,7.62165045578458,6.60876449846898,0.0118690174594345,0.358920194641593,1.92558523130719
"6318","MCC","MCC",0.432048540797638,4.27801653046326,6.6680719485514,0.0115084148755725,0.352951929505442,1.93898449028848
"7897","PHC3","PHC3",0.129488725162668,7.74849502277882,6.69397010511435,0.0113545649112972,0.350720882367283,1.9448295025929
"4823","ILF3","ILF3",0.153562926789625,8.06202962906416,6.70790022841647,0.0112727041384984,0.350720882367283,1.94797189126906
"9482","SBDSP1","SBDSP1",0.241993259087867,6.64097324555598,6.70846777491856,0.0112693820645155,0.350720882367283,1.94809989702653
"7901","PHF1","PHF1",0.218504722606548,6.5349797701862,6.73415317702435,0.0111201030253937,0.350148292593283,1.95389118908915
"5473","LIPT1","LIPT1",0.228441202087559,4.53622009156923,6.7348359183459,0.0111161634134465,0.350148292593283,1.95404507749052
"11383","TOP1","TOP1",0.216225722757468,5.30909743192531,6.75122596803451,0.0110220253922023,0.348753013202537,1.95773859279516
"7588","P2RX7","P2RX7",0.309469386606164,4.04451249536587,6.77229764103874,0.0109022224597614,0.34665326463354,1.96248496044251
"10165","SNHG9","SNHG9",0.339486461666696,4.38672919547182,6.77965643740515,0.0108607058163777,0.346181662299431,1.96414194986712
"7566","OTUB2","OTUB2",0.566350491107859,2.08274988066897,11.9584946889538,0.0106601184594529,0.342311180134857,1.97223796923057
"2429","CXorf56","CXorf56",0.20600845741995,4.79882100217524,6.81922197603267,0.0106403047939481,0.342311180134857,1.97304593139869
"12591","ZNF329","ZNF329",0.340609075092834,3.3888259132291,6.82401552142023,0.010613921867075,0.342311180134857,1.97412411369392
"3031","EGR1","EGR1",0.629751841465517,3.05969459664932,6.8370164260137,0.0105427109155088,0.342311180134857,1.97704770181176
"7891","PHACTR4","PHACTR4",0.189789467048616,5.7505771860009,6.86797828712262,0.0103751262543737,0.339890184085833,1.98400660967667
"7144","NELFA","WHSC2",0.200051312412494,4.72180368027183,6.87713741845405,0.0103260873357635,0.339140078498378,1.98606420610656
"11742","TYW1","TYW1",0.17572165124965,4.91564835837516,6.89798894657367,0.0102153482707384,0.338523369152327,1.99074682242541
"5134","KIAA0100","KIAA0100",0.203088860949426,5.09935130055128,6.90524185959161,0.0101771210228828,0.338523369152327,1.99237506096873
"12294","ZBTB11","ZBTB11",0.224564618490581,5.91423210809156,6.91773003200817,0.0101116509762289,0.337219660963027,1.99517792934194
"8902","RBM5","RBM5",0.138570643135003,6.83217391057898,6.9179077270574,0.0101107225834708,0.337219660963027,1.99521780555637
"6697","MRPL32","MRPL32",0.211851798498858,5.3417148500021,6.92036395929392,0.010097898781891,0.337219660963027,1.99576898684776
"1382","CADM1","CADM1",0.43714990566349,3.57861376862416,6.93273827421532,0.0100335516455057,0.337219660963027,1.99854530955037
"5485","LMBRD1","LMBRD1",0.161985314252542,6.9163534858026,6.94405456371531,0.00997508165380295,0.337104240726411,2.00108354058849
"3047","EIF1AD","EIF1AD",0.22874616738716,5.23701563683891,6.96812149151881,0.00985191209200768,0.336339093604252,2.00647947199801
"11053","TIMM44","TIMM44",0.241923427390365,4.35996887849833,6.97124724184002,0.00983603222377819,0.336339093604252,2.00718005714091
"6276","MARS2","MARS2",0.258468690583194,4.64937647100685,7.00364644055622,0.00967300092592393,0.333744258010668,2.01443877065489
"2782","DNAJC18","DNAJC18",0.326024568000602,3.40308126158274,7.01022202351476,0.00964025916639799,0.333501552441816,2.01591129047232
"9368","RSF1","RSF1",0.157225546874071,6.91273806670701,7.02196179923515,0.00958209111996502,0.332848309548904,2.01853970357703
"8187","POLB","POLB",0.332705460005845,4.65326041829134,7.02262647919503,0.00957880876895849,0.332848309548904,2.01868849689593
"5755","LOC144571","LOC144571",0.527214387570329,3.52496908776231,7.03356053026157,0.00952498213521951,0.332848309548904,2.02113583020173
"10752","SYVN1","SYVN1",0.205802090365046,5.3916840766383,7.03738163378574,0.00950624606894557,0.332848309548904,2.02199094819378
"4862","INPP5D","INPP5D",0.161964742272847,7.22548687163338,7.05994468019304,0.0093963948771598,0.330350760816786,2.02703874057812
"2512","DCAF1","VPRBP",0.187038088875146,5.94803972248748,7.06851121289405,0.00935503578925753,0.329790432864234,2.02895454669445
"10934","TENT5A","FAM46A",0.376788308428187,3.81333620428463,7.07657271445075,0.00931628872893006,0.329790432864234,2.03075706034367
"12704","ZNF540","ZNF540",0.339076908552184,3.66903081481463,7.117760980469,0.00912092090895725,0.325070623494238,2.03996131019272
"10472","SRCAP","SRCAP",0.196630448227625,6.60176690946752,7.12285487105102,0.00909705830302155,0.325070623494238,2.04109902188817
"9133","RNF17","RNF17",1.17870205402188,1.40483187268509,7.18551514656142,0.0088088012882564,0.319373009547944,2.05508318685646
"11550","TRMT12","TRMT12",0.272851086900737,4.27388323573493,7.18692572032463,0.008802423117053,0.319373009547944,2.05539775949668
"11617","TSPYL4","TSPYL4",0.1619218416069,6.81537041123212,7.20000079198598,0.00874353083577939,0.319373009547944,2.05831315399735
"3816","FYTTD1","FYTTD1",0.144697499186792,7.27069014459011,7.23349387815439,0.00859454204224447,0.319373009547944,2.06577725961974
"9595","SECISBP2L","SECISBP2L",0.171566539360155,6.04251455634818,7.24064871868345,0.00856305995734993,0.319220048352588,2.06737101509826
"2671","DHRS3","DHRS3",0.363671235440235,6.28431107302617,7.24464123182083,0.00854554483240288,0.319220048352588,2.06826024304704
"9786","SIM2","SIM2",0.8283260114674,1.63309499257995,11.052080730675,0.00847002866448001,0.317577115214737,2.0721151199167
"10477","SREK1","SREK1",0.233838023407957,6.43401225290427,7.2861788596171,0.0083655231916467,0.316775143666815,2.07750689246134
"6104","LUZP1","LUZP1",0.263686886306856,5.2104889066623,7.29297494928776,0.00833644834431188,0.316775143666815,2.079018936532
"9441","SAFB","SAFB",0.175846772826585,6.26703202326098,7.2989364718261,0.00831103078344614,0.316775143666815,2.08034510909187
"7905","PHF13","PHF13",0.52535289418067,2.61330357171363,7.30640772300595,0.00827929052986457,0.316775143666815,2.08200687724485
"6271","MARF1","KIAA0430",0.185903585854461,6.43373034026887,7.31929661053273,0.00822483154766012,0.316775143666815,2.08487298804922
"2710","DIS3L2","DIS3L2",0.217748415665674,5.62848908323614,7.33014350036163,0.00817929035193226,0.316775143666815,2.08728437476502
"8719","RAB30","RAB30",0.517118282091994,4.5437224256428,7.37130759969103,0.00800884178459328,0.312947905034725,2.09643028577967
"4845","ING1","ING1",0.27718920036619,3.93957205324294,7.38317862005665,0.00796037916555925,0.311993954425378,2.09906624563063
"9581","SEC24A","SEC24A",0.225037444829122,4.91397407119766,7.38347036727975,0.00795919198826594,0.311993954425378,2.09913101930368
"9994","SLC41A1","SLC41A1",0.223258362098458,5.00100375767867,7.41797910347767,0.00782006432416334,0.308572445412036,2.10678967462375
"9928","SLC2A14","SLC2A14",1.00989472930779,1.71809622966272,7.43135694601934,0.00776681409077724,0.308572445412036,2.10975709014814
"5172","KIF20B","KIF20B",0.412091448089085,6.09246305532997,7.43186119139837,0.00776481436700613,0.308572445412036,2.10986892246582
"4368","HARBI1","HARBI1",0.307657596490563,3.4406312053964,9.35686456650044,0.00762547790488344,0.308572445412036,2.11773293297137
"965","BAZ2A","BAZ2A",0.245017133022076,6.79728023276822,7.4749535082444,0.0075958889566762,0.308572445412036,2.11942139278379
"9163","RNF6","RNF6",0.185941020772314,6.66277478262004,7.48072251944511,0.00757356669498067,0.308572445412036,2.12069954571136
"1010","BCLAF1","BCLAF1",0.159068423683359,8.9069258882609,7.49914856749166,0.0075027272778567,0.308572445412036,2.12478083975196
"9508","SCARNA12","SCARNA12",0.501308316463411,2.45206210552847,9.61244842167008,0.00727400355907844,0.304405316683628,2.13822649078643
"9625","SENP5","SENP5",0.164569124315873,6.48057456557729,7.56817230523938,0.00724344805933684,0.304405316683628,2.14005464973246
"12089","WAC","WAC",0.166047343740076,7.97305704951671,7.58887685575655,0.00716750932501264,0.302879799587586,2.14463173335896
"1854","CEP135","CEP135",0.191123350815338,5.58913528069067,7.60740522687856,0.00710025606764227,0.30101837243635,2.14872598835717
"1153","BTBD9","BTBD9",0.257433769215815,5.53464342577342,7.62177389317049,0.00704855462340411,0.30101837243635,2.15189993030442
"10968","TFG","TFG",0.215919213582637,6.21512947062252,7.66000288931243,0.00691290117928524,0.300545410644562,2.16033965136259
"12210","XIAP","XIAP",0.194120375001709,5.91153247201235,7.66003249093456,0.0069127972006931,0.300545410644562,2.1603461837384
"2688","DHX38","DHX38",0.216219511236855,5.36462626518143,7.66217942914163,0.00690526021586139,0.300545410644562,2.16081995094728
"8489","PRRC2C","PRRC2C",0.211886485062799,8.57496553312004,7.67246876757975,0.00686925745780214,0.300545410644562,2.16309020608573
"4273","GUCY1B2","GUCY1B2",1.28163104558056,1.46872975137201,7.69925972989875,0.00677642997743951,0.300545410644562,2.16899904498774
"12517","ZNF207","ZNF207",0.178895741486622,8.38006632302939,7.70889880121716,0.0067433524135918,0.300545410644562,2.17112414311457
"6935","MZT1","MZT1",0.219369949544888,5.17302549958263,7.74475297205585,0.00662178452638329,0.296222105726794,2.17902495534554
"4264","GTPBP1","GTPBP1",0.260379010055325,5.81705264131883,7.75545682785668,0.00658593622643135,0.296222105726794,2.18138247900569
"11616","TSPYL2","TSPYL2",0.417448733989265,6.0194664817872,7.83600976754118,0.00632256002255357,0.286792206897159,2.19910703903535
"7446","NUP155","NUP155",0.212618814990227,5.1946888917706,7.83697211949074,0.00631948069873075,0.286792206897159,2.19931860825905
"10338","SNX9","SNX9",0.445875196074325,5.50817827168255,7.8418766378727,0.00630381152483786,0.286792206897159,2.20039678012296
"116","ACIN1","ACIN1",0.189181010977545,6.15564150599233,7.85818765624449,0.00625199084741721,0.286597446160931,2.20398166643646
"3883","GATC","GATC",0.184601873405554,4.99979779665409,8.72812399257668,0.00621948480614615,0.286118355993383,2.20624558880028
"6977","NAIF1","NAIF1",0.276834019229868,3.74416676811449,7.91082014054866,0.0061888030605387,0.285720078663233,2.20839333716212
"11868","UHRF1BP1L","UHRF1BP1L",0.282108790124982,5.66033794154687,7.88845095446875,0.00615701535490021,0.285267714996858,2.21062976332583
"12270","YTHDC1","YTHDC1",0.213559660424866,6.875308978435,7.90203220871515,0.00611488293499958,0.284983442018802,2.2136118528011
"6258","MAPRE1","MAPRE1",0.176602135356097,7.41832628450842,7.90898750693598,0.00609342225236813,0.284983442018802,2.21513872577846
"6604","MOB1B","MOB1B",0.281156263831383,4.36485577994599,7.91187906824491,0.00608452339292824,0.284983442018802,2.21577343484195
"3422","FAM184B","FAM184B",0.459095360648923,2.83885376152871,7.91925219857373,0.00606189358587069,0.284983442018802,2.21739169176826
"8748","RAB9A","RAB9A",0.184168768278773,5.51434167496715,7.92757803679864,0.00603644504432966,0.284983442018802,2.21921874882165
"7817","PELI1","PELI1",0.42396556280321,7.05017490841686,7.96608365266503,0.0059201887371292,0.283404459360801,2.22766444763736
"10891","TCERG1","TCERG1",0.23899965569619,7.20256032048087,7.97353705319295,0.00589795603799117,0.283404459360801,2.22929846890341
"2161","COIL","COIL",0.17568425343504,5.58045104740685,7.97456294263629,0.00589490273271247,0.283404459360801,2.22952335647131
"8908","RBMS2","RBMS2",0.370597926698344,3.11891816120079,10.7270602294008,0.00579586019118306,0.281609341798569,2.23688209920674
"4749","IFT57","IFT57",0.168624452686596,6.34116076728824,8.08823195607975,0.00556658202641883,0.271485972288464,2.25441138699819
"8460","PRPF3","PRPF3",0.190632653295734,5.70143377778914,8.10210699488025,0.00552782959206424,0.270613333199432,2.25744535354393
"11370","TOM1","TOM1",0.306015496577408,6.15853408384683,8.10435812943075,0.00552156878448208,0.270613333199432,2.25793751327671
"6849","MTRF1L","MTRF1L",0.208129883277299,5.4797728129543,8.10737657999161,0.0055131855141424,0.270613333199432,2.25859739362397
"11620","TSR2","TSR2",0.177741463484453,6.26155165182439,8.11788825789985,0.00548409423424277,0.270613333199432,2.26089509125305
"9594","SECISBP2","SECISBP2",0.182907246370564,6.60558384805243,8.13474682548042,0.00543777092694181,0.270284299751786,2.26457909157393
"7222","NIPSNAP2","GBAS",0.17665545822311,6.54733851373414,8.1431207248829,0.00541491300495235,0.270183332358642,2.26640851628199
"12745","ZNF586","ZNF586",0.235174752174015,5.62247391952156,8.14535607948922,0.00540882816513778,0.270183332358642,2.26689681558472
"7669","PARP6","PARP6",0.22334108065707,6.26043659366324,8.15173054925373,0.0053915153213143,0.270183332358642,2.26828915629835
"3190","EPAS1","EPAS1",0.85465612239795,1.61817282863655,8.15233037568469,0.00538988918429677,0.270183332358642,2.26842016378231
"1803","CDS2","CDS2",0.200102693961388,7.96077089608357,8.16461492457058,0.00535669764090527,0.270183332358642,2.27110286671139
"12388","ZEB1","ZEB1",0.239769894860507,6.76024021483647,8.18477789307977,0.00530267971189544,0.270183332358642,2.27550460398784
"9078","RLF","RLF",0.324784230293438,6.21015039122875,8.22732421407249,0.00519054686817195,0.26721017666982,2.28478688313082
"10450","SPRTN","C1orf124",0.270411908076003,4.6178770913398,8.23382431796991,0.00517363400916311,0.26721017666982,2.28620429719328
"3578","FBXW11","FBXW11",0.186198798929783,5.86131749912343,8.2474720106783,0.0051383098684062,0.26721017666982,2.28917970892894
"8153","PNISR","PNISR",0.138111359019997,8.45674652538732,8.27124641983435,0.00507737285164809,0.265599830663027,2.2943609434562
"6283","MASTL","MASTL",0.272771373230835,5.19516555542473,8.30976841980018,0.00498022660095694,0.263293516916879,2.30275089633541
"743","ASB7","ASB7",0.206124083814848,5.2120401031289,8.34084584433662,0.00490326410493993,0.262851426584239,2.30951471368244
"8063","PLCG1","PLCG1",0.211511627042662,6.39598512465677,8.36275382241145,0.00484975361811906,0.261061633559579,2.31428032428625
"7463","NUP88","NUP88",0.187677527230997,6.49719332770485,8.36485293063842,0.00484465850381996,0.261061633559579,2.31473683061189
"4724","IFIT2","IFIT2",0.704522743626454,4.57555862203067,8.38592228585338,0.00479382464381725,0.260928054685174,2.31931785632977
"7943","PI4KB","PI4KB",0.156419871496183,6.59223414160574,8.39579013317783,0.00477020759038714,0.260928054685174,2.32146272087647
"10509","SRSF4","SRSF4",0.14951381766895,6.59137476573889,8.42451039565544,0.00470215641767325,0.259579043431809,2.32770292812421
"5993","LPIN1","LPIN1",0.201702373753424,6.47914622946421,8.45252580569104,0.004636747445824,0.257062071002884,2.33378655859461
"11825","UBQLN2","UBQLN2",0.158923040312334,7.24425394195984,8.46681575231861,0.00460374899760915,0.256328050411947,2.33688836269752
"6696","MRPL30","MRPL30",0.220793093130849,4.97748023350768,8.47588913075172,0.00458292349060954,0.256328050411947,2.33885739300253
"328","AKIRIN1","AKIRIN1",0.168015921187674,7.69960166777034,8.50264064819739,0.00452209066530375,0.256328050411947,2.34466073455006
"12063","VPS4B","VPS4B",0.142612295506928,6.45728940130096,8.51557762193689,0.00449297374427217,0.256328050411947,2.34746611929948
"6265","MARCHF5","MARCH5",0.20784999750909,5.40781548920901,8.5270296669571,0.00446736152103917,0.256328050411947,2.34994890084373
"3050","EIF1B","EIF1B",0.26630890126724,7.03422666928279,8.53101190445354,0.00445849094249334,0.256328050411947,2.35081211129848
"12309","ZBTB33","ZBTB33",0.241059939590553,6.22422947134079,8.54211165556189,0.00443386234387665,0.256328050411947,2.35321779435703
"791","ATG14","ATG14",0.266523145027856,5.20643402550787,8.56140566895396,0.00439138791491336,0.255651532564254,2.35739819763367
"1314","C3orf62","C3orf62",0.401330080882135,3.00355632317443,9.00505478952611,0.00437805398759488,0.255651532564254,2.35871888727015
"7475","NXPE3","FAM55C",0.222420406846468,6.00791895446541,8.58126513337887,0.00434811011927455,0.255651532564254,2.36169946560053
"3552","FBXO21","FBXO21",0.187778693652033,6.61221983811051,8.59056550399253,0.00432799535025722,0.255651532564254,2.3637132144816
"5222","KLHL11","KLHL11",0.526918042616186,3.64372057069091,8.60491415658346,0.00429715167111708,0.255651532564254,2.36681931730359
"2534","DCLRE1B","DCLRE1B",0.391422093169099,3.48028126592576,8.62030913439238,0.00426431271523661,0.255651532564254,2.37015095465647
"12440","ZHX1","ZHX1",0.220949339438763,5.62406805974454,8.63589570567252,0.00423133064425052,0.255651532564254,2.37352303674319
"9157","RNF38","RNF38",0.241238626667777,6.74754879187495,8.68690431658471,0.00412523436916198,0.255651532564254,2.38455137260682
"872","ATP6V1G1","ATP6V1G1",0.162299642686721,8.69029457231553,8.69458288024906,0.00410950416625252,0.255651532564254,2.38621057492461
"2906","DUSP10","DUSP10",0.551907775988108,5.33764191007235,8.74659701950708,0.00400457623427494,0.255651532564254,2.39744343434958
"5150","KIAA1191","KIAA1191",0.192233129214654,6.33159189778875,8.81002618870769,0.00388037548127998,0.251700555593226,2.41112624823104
"7452","NUP214","NUP214",0.213160800657728,5.95415575836169,8.81751939450046,0.00386596956908225,0.251700555593226,2.41274156883609
"8329","PPP1R2C","PPP1R2P9",1.228688872414,1.64187337138153,8.84874417113918,0.0038065343530308,0.250670914527252,2.41947024645273
"7501","ODR4","C1orf27",0.235020976884641,5.0518672193271,8.85451370324385,0.00379565653467855,0.250670914527252,2.42071309335816
"8876","RBM15","RBM15",0.350815249437749,4.62305786816488,8.89362485253981,0.00372276272175951,0.248945364893743,2.42913464358673
"5996","LPP","LPP",0.156834599002915,7.01350713635451,8.92363950330821,0.00366780922816307,0.247732501290823,2.43559326114561
"916","AZI2","AZI2",0.229971487592959,5.85863095558143,8.92984233419904,0.00365655793109493,0.247732501290823,2.43692754162834
"1978","CHRNB1","CHRNB1",0.369945475788691,3.63567881411541,8.95729323857222,0.00360719333717805,0.247598514091063,2.44283057988309
"2375","CTNNB1","CTNNB1",0.158969179400784,7.66272388126498,8.97738403480458,0.00357150315205094,0.246452714848707,2.44714896225014
"6790","MT1E","MT1E",1.55669555552788,5.49749565541633,8.98255260968486,0.00356238088421028,0.246452714848707,2.44825964830134
"9703","SFT2D2","SFT2D2",0.229911123438715,5.97458350821246,8.98580871559829,0.00355664644678693,0.246452714848707,2.44895930429439
"12334","ZC3H11A","ZC3H11A",0.16833046840102,6.75499883962045,9.04446009242618,0.00345497818590239,0.243594739161477,2.46155469033671
"10123","SMPD4","SMPD4",0.258501715053261,5.17458922495817,9.06525382599681,0.00341966198540916,0.242422267413732,2.46601681941943
"8413","PRKAA1","PRKAA1",0.171381100237575,6.72428418676837,9.08150149674911,0.00339232770421014,0.241805864322627,2.46950220085643
"8673","PZP","PZP",0.533662447348286,3.97150864332649,9.24536912201207,0.00312899172171239,0.226773238021088,2.50459558585329
"4831","IMP3","IMP3",0.168889431096781,6.82486983702604,9.28460645468289,0.00306914370171206,0.2236854002377,2.51298277680131
"8923","RCBTB1","RCBTB1",0.248815419454782,4.91858171076021,9.30296100508161,0.00304155667288544,0.222927201792897,2.51690408697942
"5810","LOC284581","LOC284581",0.79437355051388,2.10723688070623,9.31703987400079,0.0030205704072254,0.222927201792897,2.51991103673865
"5620","LOC100288615","LOC100288615",0.298879485458005,4.1510544291349,9.32196335381893,0.00301326685534044,0.222927201792897,2.52096240544251
"8785","RADX","CXorf57",0.417683664078368,4.0969556450408,9.34130795538256,0.00298474772578396,0.222927201792897,2.52509237003878
"6074","LSM12","LSM12",0.162607197611222,6.70987051748633,9.36869254300687,0.00294485330969012,0.22211384875936,2.53093633360313
"12261","YKT6","YKT6",0.267283140417391,5.12176437930147,9.40679637458697,0.00289026076708159,0.220560899596173,2.53906297226228
"2774","DNAJC1","DNAJC1",0.208153656109186,4.9227761904743,9.42346100986007,0.00286671571103688,0.220058597155511,2.54261537341197
"10500","SRRM1","SRRM1",0.203584392723494,7.87709564193835,9.42749763951826,0.00286104243692393,0.220058597155511,2.54347570039634
"2769","DNAJB4","DNAJB4",0.411734856598381,3.46718423490885,9.49655636488434,0.00276576669109546,0.217169760030037,2.55818445800956
"6795","MT2A","MT2A",1.18553734476312,7.83451494241793,9.55136009517996,0.00269250161356696,0.214689296901103,2.56984402776517
"1403","CAMLG","CAMLG",0.256436735535924,6.70657633394688,9.60085268321524,0.00262806562632677,0.213951831260332,2.58036379406061
"4092","GORASP2","GORASP2",0.175298713895137,7.10337367185723,9.60191819153902,0.0026266961170001,0.213951831260332,2.58059016792341
"5498","LMTK2","LMTK2",0.370059450180902,4.51343686037414,9.6967851542712,0.00250767921959518,0.208539246896207,2.60072801890582
"3322","EXOSC10","EXOSC10",0.177217014390951,6.87393737838348,9.7070876191753,0.00249509492353045,0.208539246896207,2.6029129274028
"5767","LOC150776","LOC150776",0.392377312819694,4.37445370745874,9.72340036874576,0.00247530284452175,0.208520154558316,2.60637165909057
"10319","SNX19","SNX19",0.216713716487704,5.89063703814323,9.74436044056134,0.00245011077481175,0.207746974389757,2.61081427979795
"882","ATP9B","ATP9B",0.210261930220132,5.3755447941541,9.7801371518564,0.00240772242146418,0.20549594061615,2.61839358293543
"8795","RALGAPB","RALGAPB",0.191628332702081,6.15394565415758,9.86776140454673,0.00230708366670274,0.199531976054231,2.6369366554449
"9741","SH3D19","SH3D19",0.494546739719514,3.4531050887883,9.89871828178816,0.0022725792916185,0.197866920470919,2.64348095505357
"9945","SLC35A3","SLC35A3",0.240591345585745,4.70488661810729,9.91289281774128,0.00225695927006712,0.197866920470919,2.64647627829251
"2127","CNOT4","CNOT4",0.218598935751182,5.76113768686421,9.96613627441488,0.00219927262925062,0.197866920470919,2.65772093069372
"9588","SEC61A1","SEC61A1",0.159394757044659,7.50362946102392,10.0167992596926,0.00214579904036171,0.197866920470919,2.66841095326879
"12109","WBP4","WBP4",0.268854194587313,4.35752877359673,10.0416694558794,0.00212004364020503,0.197866920470919,2.67365519921032
"8233","POLR3F","POLR3F",0.288535609735357,4.337451219851,10.1381798599866,0.00202309112950843,0.197335046790322,2.69398455412921
"8878","RBM17","RBM17",0.156780336648408,7.10297633137007,10.1592698155199,0.00200252273521881,0.196808541242376,2.69842254454509
"780","ATF4","ATF4",0.230556856334615,7.82407160634756,10.1771669711586,0.00198523803631836,0.196599183550825,2.70218741249702
"5345","LATS1","LATS1",0.17416681627246,6.61290621967501,10.1909360870925,0.00197204528341216,0.196599183550825,2.70508311672228
"6319","MCCC1","MCCC1",0.227878038825303,5.1130824920286,10.4295592996546,0.00175727950281038,0.184047026153115,2.75515915661843
"6947","NAA16","NAA16",0.283293362976097,5.93525225330267,10.4531799751824,0.00173738037348994,0.184047026153115,2.7601050888511
"3341","F11R","F11R",0.264423531924426,5.4182494537398,10.5145598660098,0.00168675390465507,0.181446560926628,2.77294827582618
"9296","RPS19BP1","RPS19BP1",0.214189665346307,5.92173233233934,10.520220405665,0.00168216259218353,0.181446560926628,2.77413202906403
"6889","MYC","MYC",0.40319628713609,7.07173145091487,10.5280801141254,0.00167580894672506,0.181446560926628,2.77577549531948
"1925","CHAMP1","CHAMP1",0.382064112635935,3.4103399626582,10.5433282780993,0.00166355332028355,0.181446560926628,2.7789632745464
"8575","PTBP2","PTBP2",0.381925478421262,5.53605009058484,10.5959070912223,0.00162199984641046,0.181446560926628,2.78994919124884
"728","ARSK","ARSK",0.405242062707423,3.59452087433983,10.6503857950742,0.00158007621327907,0.179809901007627,2.80132196481248
"6794","MT1X","MT1X",1.3856425867884,6.89074987669128,10.6593674662766,0.00157327281837089,0.179809901007627,2.803195960632
"9322","RPS6KB1","RPS6KB1",0.312861679967876,6.17461642333051,10.7119859872934,0.0015340197177815,0.177686051774816,2.8141690580737
"2922","DUSP8","DUSP8",0.778825534311054,2.2523111150089,10.7707704134833,0.00149136258344172,0.174301322477382,2.82641675705376
"1392","CALU","CALU",0.283062057341082,5.84473330261771,10.887317205088,0.00141037838250867,0.169384735065844,2.85066435728073
"2603","DDX6","DDX6",0.211762057489336,8.64231492687317,10.9040046811333,0.00139916064082413,0.169384735065844,2.85413242030562
"2125","CNOT2","CNOT2",0.162881186392668,7.20846668485747,10.9096399009159,0.00139539337494653,0.169384735065844,2.85530334329682
"11769","UBAP2L","UBAP2L",0.182587571553758,6.5161981997161,10.9122510749311,0.00139365130621665,0.169384735065844,2.85584587381989
"6375","MED10","MED10",0.215057911469099,6.83241770491388,10.9459417764668,0.00137137485941163,0.169384735065844,2.86284381645653
"4663","HUS1","HUS1",0.19803703070326,5.51901548984906,10.9902322366006,0.00134264860406804,0.169384735065844,2.87203763534529
"2869","DR1","DR1",0.223149028578491,6.99455515694327,11.0038917569931,0.00133391528520036,0.169384735065844,2.87487175088294
"11919","USF1","USF1",0.351361891349882,5.37277798361193,11.0348384119775,0.00131434586491529,0.169384735065844,2.88129033686205
"714","ARPC5L","ARPC5L",0.24166288842302,5.98792275822472,11.0686891072437,0.0012932795871671,0.169384735065844,2.88830757717836
"1789","CDKN2AIP","CDKN2AIP",0.274548234848255,5.7885001811728,11.0747812111193,0.00128952550806237,0.169384735065844,2.88957006267598
"2288","CREBRF","C5orf41",0.271743033623639,7.2690844540569,11.0825160184118,0.00128477538556847,0.169384735065844,2.89117279243758
"10700","SURF4","SURF4",0.240971512209359,7.48459914418029,11.1214435084498,0.00126114221588915,0.169384735065844,2.89923593635055
"4945","ISY1","ISY1",0.205992445749649,5.10618110693294,11.1241922600128,0.00125949050725906,0.169384735065844,2.89980510141759
"11034","TIFA","TIFA",0.373518232828882,6.40651535690945,11.1934614493584,0.00121859690754517,0.169384735065844,2.9141399283269
"4733","IFNG","IFNG",0.574683031385672,3.23458071302258,11.1986787274191,0.00121557296125771,0.169384735065844,2.91521896876582
"10344","SOCS5","SOCS5",0.296562750437732,4.74619629772526,11.4049133811045,0.00110204432739398,0.168197894815084,2.95780093655916
"12809","ZNF689","ZNF689",0.274293867523952,5.12016499095925,11.4141875573761,0.00109720418619847,0.168197894815084,2.95971254408662
"2693","DHX9","DHX9",0.22706677989243,7.68788643063073,11.4295982429894,0.00108920994758,0.168197894815084,2.96288840097202
"778","ATF2","ATF2",0.205895731123032,5.89970567776202,11.440221428469,0.00108373426704074,0.168197894815084,2.96507719427881
"3740","FOXJ2","FOXJ2",0.315282517579022,5.30872562977393,11.4542072565948,0.00107656866158189,0.168197894815084,2.96795826644876
"773","ATAD5","ATAD5",0.388758740426943,4.24615354470558,11.5716190227652,0.00101830970646719,0.167221921797454,2.99212011654367
"4947","ITCH","ITCH",0.19492089800735,6.33852197724584,11.5946459216378,0.00100727125422898,0.167221921797454,2.99685355988203
"6942","N4BP2L2-IT2","CG030",0.551650089891461,3.42094552317289,11.604086883158,0.00100278131523775,0.167221921797454,2.99879376682066
"2941","DYNLT3","DYNLT3",0.319388889259049,6.51881603295744,11.7136744628189,0.000952150877276855,0.167221921797454,3.02129422811031
"9880","SLC25A16","SLC25A16",0.311790685590478,4.05505866904225,11.75943065152,0.000931799424503186,0.167221921797454,3.03067756211614
"6313","MBTPS1","MBTPS1",0.182339585588574,6.67528972857728,11.7873173599665,0.000919616791997699,0.167221921797454,3.03639310720989
"6996","NARS1","NARS",0.193661705845288,6.61574590250132,11.7999675095207,0.000914144772608605,0.167221921797454,3.03898501983933
"2139","CNTD1","CNTD1",0.621796181088959,2.40668492485096,20.135111873374,0.000895781375026564,0.167221921797454,3.04779797159358
"656","ARID3B","ARID3B",0.273083973897158,5.15625084638361,11.86789007628,0.000885333344399489,0.167221921797454,3.05289317859525
"251","AFF4","AFF4",0.237545624154474,6.81814718632939,11.9965447229948,0.000833302163095077,0.167221921797454,3.07919749082641
"9148","RNF216P1","RNF216P1",0.258519596785436,5.31010460037882,12.0196301602441,0.000824305121647576,0.167221921797454,3.08391200174993
"10605","STK26","MST4",0.221042051250259,6.4578347628666,12.0598377276466,0.000808873773772805,0.167221921797454,3.09211924554601
"7978","PIK3C2A","PIK3C2A",0.336798715540044,5.23012983271626,12.2185523028586,0.000750814064655415,0.167221921797454,3.12446760053521
"2507","DBNDD1","DBNDD1",1.14109125358563,2.44394562521214,12.3058355027012,0.000720735225094405,0.16403680833596,3.14222425178504
"12226","XPR1","XPR1",0.21191687681607,5.89855542899008,12.4098078267202,0.000686521551256676,0.161931710626416,3.16334582485848
"8637","PUM1","PUM1",0.180784373514934,7.27463892542506,12.4451629545953,0.000675272988643424,0.161931710626416,3.17052062199273
"6107","LY6G5B","LY6G5B",0.500889651080621,3.00987171529292,12.7339641836544,0.000590217244602599,0.145138435162745,3.22898810570298
"3","A2M","A2M",0.592619414078874,4.51380900783023,12.7689435083686,0.000580693848245646,0.145138435162745,3.23605277477109
"3196","EPC1","EPC1",0.193207317001778,7.04530833334513,12.9780012530918,0.000526986541445782,0.139522375554615,3.27820047596481
"5","A2MP1","A2MP1",0.771940007943709,2.41829650566209,13.1590216593588,0.00048462670132619,0.136675265137058,3.31459266135171
"9644","SERBP1","SERBP1",0.138286182801975,7.86204961608907,13.1650038473737,0.000483288323622367,0.136675265137058,3.31579369740743
"6288","MATR3","MATR3",0.188806792348793,9.43357712880737,13.2720262330663,0.000459977875683571,0.135620295028249,3.33726305679585
"5640","LOC100499405","LOC100499405",0.725447049656155,2.7237288851233,13.28704102432,0.000456801487410524,0.135620295028249,3.34027249063539
"8013","PITHD1","PITHD1",0.230164616993835,6.41352608510798,13.3050491831713,0.000453021653844788,0.135620295028249,3.34388103878066
"9456","SAP130","SAP130",0.285940512116616,5.56435661580249,13.3865488144844,0.000436314153381815,0.135620295028249,3.360200698918
"2058","CLINT1","CLINT1",0.197352669277097,7.26352751487298,13.4266515810848,0.000428327515221372,0.135620295028249,3.36822402617549
"2531","DCHS1","DCHS1",0.763228492716109,2.58072317611987,13.4466743147346,0.000424396457010797,0.135620295028249,3.37222825037645
"4693","ID3","ID3",0.844520059498057,3.58355240288372,13.8557417086791,0.000351731716121777,0.12787957789931,3.45378846899997
"8883","RBM25","RBM25",0.209298823130399,7.31343159030144,14.0174078626647,0.000326667990781517,0.124643054247312,3.48589341865592
"5052","KBTBD4","KBTBD4",0.266945582454651,4.77671869954641,14.2750585830057,0.000290461123062664,0.117754754671623,3.53691198778048
"3652","FIGNL1","FIGNL1",0.399047006577278,3.85590749712475,14.4934102013857,0.000263021784317831,0.110070374450168,3.58000828034208
"9582","SEC24B","SEC24B",0.265854876941507,6.72175972137228,15.0576343517659,0.000203805550641557,0.0911713589128592,3.69078399216388
"3789","FUBP1","FUBP1",0.196208418968371,7.18561148619392,15.0846061376731,0.00020134526435978,0.0911713589128592,3.69605858054179
"2584","DDX31","DDX31",0.363550786933287,3.96081534695539,15.1152367457379,0.000198588272157222,0.0911713589128592,3.70204640280839
"9934","SLC30A1","SLC30A1",1.33796683951491,4.35693361092482,15.2375177888028,0.000187963542713161,0.0911713589128592,3.72592637804429
"5255","KLRG1","KLRG1",0.552638986571204,5.81933783134486,15.6469781350638,0.000156454983663477,0.0811876201226515,3.80561059842974
"4918","IRF1","IRF1",0.363353735675523,8.54971433353028,15.7153945454595,0.000151745706486173,0.0811876201226515,3.81888358806649
"12807","ZNF687","ZNF687",0.282423646059445,5.79310306714301,15.8578741826491,0.000142400852653898,0.0803202722382184,3.84648741026535
"3470","FAM53C","FAM53C",0.533454824504299,4.69963156864249,16.4670247318394,0.000108658324726946,0.0696029733325169,3.96393699511908
"11183","TMEM167B","TMEM167B",0.300782950638742,5.97701522765589,17.9389791129813,5.70063946431531e-05,0.0435025857473897,4.24407642498599
"569","APOL6","APOL6",0.306242488422269,7.38575904408325,19.6151552229444,2.77275690921821e-05,0.0263907916121545,4.55708820384906
"4908","IQCN","KIAA1683",0.691870070736397,3.20287755860548,19.8794455704158,2.4780786968994e-05,0.0263907916121545,4.60588490575396
"5998","LRATD2","FAM84B",0.427732230305127,5.47297467157292,20.1069767595632,2.25021365833923e-05,0.0263907916121545,4.64777624356315
"10115","SMIM3","C5orf62",0.629673549433959,3.56299596621445,20.2212265853469,2.14402556575915e-05,0.0263907916121545,4.66877004034031
"9365","RSBN1","RSBN1",0.238349833225264,6.86522860119283,20.4239717709971,1.96807630742339e-05,0.0263907916121545,4.70595806685466
"5446","LINC00612","C12orf33",0.851108479882058,3.70358247264911,24.7510423052785,3.30994850243379e-06,0.00858799238441472,5.48017876310731
"8566","PSPC1","PSPC1",0.244900077789799,6.52618697698735,26.8744696023647,1.42104534742436e-06,0.00614507376404539,5.8473920629438
"10990","THAP1","THAP1",0.405266258990356,5.08361846357434,31.2319310739422,2.64752748741104e-07,0.00171731870470917,6.5771595222237
